year,month,rank_ME,rank_OLAq_6,nstocks,ret_vw
1976,1,1,1,80,27.5182
1976,1,1,2,69,22.6249
1976,1,1,3,58,23.8645
1976,1,1,4,34,26.6569
1976,1,1,5,39,27.8275
1976,1,2,1,29,22.7221
1976,1,2,2,26,22.3486
1976,1,2,3,34,22.0348
1976,1,2,4,33,19.2213
1976,1,2,5,33,20.3018
1976,1,3,1,38,12.9603
1976,1,3,2,35,13.0300
1976,1,3,3,46,17.3025
1976,1,3,4,56,15.9771
1976,1,3,5,68,10.3749
1976,2,1,1,138,13.2289
1976,2,1,2,114,13.9163
1976,2,1,3,93,9.3418
1976,2,1,4,67,12.7493
1976,2,1,5,59,16.4896
1976,2,2,1,50,10.3585
1976,2,2,2,46,6.8354
1976,2,2,3,56,8.5224
1976,2,2,4,47,4.8545
1976,2,2,5,50,8.5674
1976,2,3,1,55,3.3514
1976,2,3,2,56,3.5556
1976,2,3,3,71,-0.2719
1976,2,3,4,91,0.6513
1976,2,3,5,99,-1.1546
1976,3,1,1,164,2.5102
1976,3,1,2,130,1.8379
1976,3,1,3,101,0.3958
1976,3,1,4,84,3.1510
1976,3,1,5,73,1.2926
1976,3,2,1,57,2.8415
1976,3,2,2,48,5.1077
1976,3,2,3,57,1.5808
1976,3,2,4,51,1.6722
1976,3,2,5,62,1.4845
1976,3,3,1,65,2.4550
1976,3,3,2,64,4.1715
1976,3,3,3,76,3.3199
1976,3,3,4,97,1.9604
1976,3,3,5,101,4.6846
1976,4,1,1,181,-3.6613
1976,4,1,2,136,-1.9635
1976,4,1,3,107,-0.9293
1976,4,1,4,90,-1.3630
1976,4,1,5,79,-3.1989
1976,4,2,1,68,-1.2976
1976,4,2,2,55,-1.5419
1976,4,2,3,61,0.8237
1976,4,2,4,56,-0.5889
1976,4,2,5,66,-2.1272
1976,4,3,1,71,-1.1743
1976,4,3,2,67,-2.2894
1976,4,3,3,82,0.6555
1976,4,3,4,105,-0.3299
1976,4,3,5,105,-0.8284
1976,5,1,1,266,-4.2852
1976,5,1,2,222,-1.6884
1976,5,1,3,168,-2.4077
1976,5,1,4,140,-2.9489
1976,5,1,5,115,-4.0512
1976,5,2,1,115,-1.7162
1976,5,2,2,88,-2.7958
1976,5,2,3,84,-0.8918
1976,5,2,4,78,-1.0048
1976,5,2,5,88,0.2007
1976,5,3,1,127,-1.5888
1976,5,3,2,100,-2.7221
1976,5,3,3,115,-1.8915
1976,5,3,4,142,0.2273
1976,5,3,5,133,1.3390
1976,6,1,1,275,3.1544
1976,6,1,2,242,4.3050
1976,6,1,3,183,3.6819
1976,6,1,4,151,3.6819
1976,6,1,5,122,4.2876
1976,6,2,1,123,3.9832
1976,6,2,2,96,6.5907
1976,6,2,3,91,4.9038
1976,6,2,4,87,4.6750
1976,6,2,5,93,3.1584
1976,6,3,1,134,6.0318
1976,6,3,2,104,4.3070
1976,6,3,3,123,5.1340
1976,6,3,4,145,3.2581
1976,6,3,5,143,3.2169
1976,7,1,1,250,-0.6381
1976,7,1,2,230,-0.3486
1976,7,1,3,170,-0.5807
1976,7,1,4,144,1.2844
1976,7,1,5,117,-0.8862
1976,7,2,1,112,-1.5382
1976,7,2,2,93,-1.4237
1976,7,2,3,87,0.1009
1976,7,2,4,81,-0.6122
1976,7,2,5,92,-0.1418
1976,7,3,1,115,-1.1314
1976,7,3,2,101,-1.9473
1976,7,3,3,119,-1.8755
1976,7,3,4,137,-1.7637
1976,7,3,5,136,-1.0134
1976,8,1,1,293,-3.5951
1976,8,1,2,274,-3.9058
1976,8,1,3,193,-1.7443
1976,8,1,4,163,-3.0098
1976,8,1,5,139,-4.0873
1976,8,2,1,147,-2.5641
1976,8,2,2,145,-2.9143
1976,8,2,3,108,-2.0340
1976,8,2,4,116,-1.0695
1976,8,2,5,129,-3.1136
1976,8,3,1,139,-0.9800
1976,8,3,2,139,0.4485
1976,8,3,3,183,-1.1270
1976,8,3,4,195,-0.8772
1976,8,3,5,192,-0.7425
1976,9,1,1,326,1.5972
1976,9,1,2,290,1.2433
1976,9,1,3,203,1.6980
1976,9,1,4,173,3.1874
1976,9,1,5,140,3.5831
1976,9,2,1,157,3.3936
1976,9,2,2,151,1.8403
1976,9,2,3,118,2.3688
1976,9,2,4,119,4.3023
1976,9,2,5,132,3.5078
1976,9,3,1,137,2.7441
1976,9,3,2,141,2.7895
1976,9,3,3,191,2.1276
1976,9,3,4,198,2.4746
1976,9,3,5,194,3.1372
1976,10,1,1,364,-2.8818
1976,10,1,2,325,-3.0001
1976,10,1,3,228,-2.8813
1976,10,1,4,197,-1.4589
1976,10,1,5,162,-2.0099
1976,10,2,1,143,-3.7867
1976,10,2,2,149,-2.9607
1976,10,2,3,111,-1.9153
1976,10,2,4,108,-1.4868
1976,10,2,5,129,-3.5394
1976,10,3,1,122,-3.0148
1976,10,3,2,127,-3.3660
1976,10,3,3,176,-3.1490
1976,10,3,4,181,-2.1847
1976,10,3,5,188,-2.2816
1976,11,1,1,440,2.4514
1976,11,1,2,388,2.3168
1976,11,1,3,280,2.3833
1976,11,1,4,245,3.7284
1976,11,1,5,206,4.1632
1976,11,2,1,162,5.6242
1976,11,2,2,176,4.8561
1976,11,2,3,141,3.3383
1976,11,2,4,131,4.7412
1976,11,2,5,145,4.1200
1976,11,3,1,144,2.3089
1976,11,3,2,157,-0.4342
1976,11,3,3,208,0.6889
1976,11,3,4,219,0.0827
1976,11,3,5,203,-0.8143
1976,12,1,1,467,9.5738
1976,12,1,2,394,10.6214
1976,12,1,3,296,10.6414
1976,12,1,4,254,10.2037
1976,12,1,5,209,11.2277
1976,12,2,1,175,8.9878
1976,12,2,2,181,8.8907
1976,12,2,3,140,9.9721
1976,12,2,4,137,9.8059
1976,12,2,5,149,8.3926
1976,12,3,1,142,2.8363
1976,12,3,2,160,6.7313
1976,12,3,3,210,5.3487
1976,12,3,4,219,4.3322
1976,12,3,5,201,6.0020
1977,1,1,1,424,5.9006
1977,1,1,2,314,4.2320
1977,1,1,3,248,5.0962
1977,1,1,4,218,3.9681
1977,1,1,5,200,1.9357
1977,1,2,1,143,1.7928
1977,1,2,2,146,0.9411
1977,1,2,3,122,0.4631
1977,1,2,4,119,2.8003
1977,1,2,5,137,-0.4630
1977,1,3,1,92,-4.4073
1977,1,3,2,126,-4.0518
1977,1,3,3,180,-5.0560
1977,1,3,4,197,-6.7738
1977,1,3,5,191,-4.6172
1977,2,1,1,466,-2.6001
1977,2,1,2,344,-0.9367
1977,2,1,3,295,-0.9913
1977,2,1,4,250,0.2323
1977,2,1,5,234,-0.0055
1977,2,2,1,158,-1.1545
1977,2,2,2,166,-0.1290
1977,2,2,3,147,-0.8877
1977,2,2,4,151,0.5303
1977,2,2,5,158,-2.4410
1977,2,3,1,103,-0.7646
1977,2,3,2,148,-2.7597
1977,2,3,3,210,-1.8051
1977,2,3,4,230,-1.4230
1977,2,3,5,208,-1.7519
1977,3,1,1,481,1.0175
1977,3,1,2,363,0.8061
1977,3,1,3,305,1.4610
1977,3,1,4,261,0.5309
1977,3,1,5,246,0.4583
1977,3,2,1,160,0.4599
1977,3,2,2,166,-0.0763
1977,3,2,3,151,0.0544
1977,3,2,4,160,-0.0741
1977,3,2,5,166,0.3902
1977,3,3,1,111,-1.3174
1977,3,3,2,151,-1.4954
1977,3,3,3,212,-1.4099
1977,3,3,4,235,-1.5636
1977,3,3,5,205,-1.4529
1977,4,1,1,453,0.5294
1977,4,1,2,309,1.7676
1977,4,1,3,257,2.7130
1977,4,1,4,224,1.3958
1977,4,1,5,225,1.3878
1977,4,2,1,145,0.7379
1977,4,2,2,141,0.8519
1977,4,2,3,133,2.2141
1977,4,2,4,138,2.4659
1977,4,2,5,157,1.2313
1977,4,3,1,98,0.2593
1977,4,3,2,144,2.0681
1977,4,3,3,177,1.2508
1977,4,3,4,209,-0.9906
1977,4,3,5,187,-0.9739
1977,5,1,1,515,-0.4872
1977,5,1,2,361,-0.4259
1977,5,1,3,308,-0.0203
1977,5,1,4,266,-0.4025
1977,5,1,5,250,0.1184
1977,5,2,1,160,-0.7985
1977,5,2,2,163,-1.2411
1977,5,2,3,161,-1.2286
1977,5,2,4,162,0.1967
1977,5,2,5,179,0.3257
1977,5,3,1,122,-3.1763
1977,5,3,2,162,-1.0810
1977,5,3,3,213,-1.4197
1977,5,3,4,247,-2.6507
1977,5,3,5,211,-1.9515
1977,6,1,1,526,6.3514
1977,6,1,2,376,6.8232
1977,6,1,3,324,6.9954
1977,6,1,4,281,7.2637
1977,6,1,5,265,9.1587
1977,6,2,1,164,6.2427
1977,6,2,2,166,7.3356
1977,6,2,3,164,7.6084
1977,6,2,4,171,6.8458
1977,6,2,5,187,7.7437
1977,6,3,1,121,2.8423
1977,6,3,2,163,4.4012
1977,6,3,3,214,4.1736
1977,6,3,4,251,5.0632
1977,6,3,5,215,6.1374
1977,7,1,1,495,-0.2623
1977,7,1,2,329,0.0357
1977,7,1,3,289,-0.1805
1977,7,1,4,242,-0.5633
1977,7,1,5,237,0.6033
1977,7,2,1,148,-2.1661
1977,7,2,2,156,-1.4126
1977,7,2,3,137,-1.0823
1977,7,2,4,154,-1.2750
1977,7,2,5,175,-1.4949
1977,7,3,1,108,-4.4786
1977,7,3,2,143,-2.3354
1977,7,3,3,186,-2.2856
1977,7,3,4,214,-2.3758
1977,7,3,5,199,-1.3646
1977,8,1,1,531,-3.0372
1977,8,1,2,373,-2.1999
1977,8,1,3,335,-2.2841
1977,8,1,4,275,-0.3522
1977,8,1,5,258,0.8572
1977,8,2,1,169,-2.1352
1977,8,2,2,177,-0.9508
1977,8,2,3,155,-1.1812
1977,8,2,4,177,-0.9445
1977,8,2,5,186,1.6885
1977,8,3,1,112,-2.1412
1977,8,3,2,157,-1.9140
1977,8,3,3,226,-1.1018
1977,8,3,4,239,-0.3475
1977,8,3,5,219,-1.2776
1977,9,1,1,535,0.2061
1977,9,1,2,371,0.8651
1977,9,1,3,347,0.9872
1977,9,1,4,280,1.6728
1977,9,1,5,260,2.2876
1977,9,2,1,172,-0.1823
1977,9,2,2,182,-0.3795
1977,9,2,3,156,0.4253
1977,9,2,4,178,2.4263
1977,9,2,5,191,1.6171
1977,9,3,1,114,-2.7329
1977,9,3,2,161,-1.3235
1977,9,3,3,228,-0.2901
1977,9,3,4,244,-0.8348
1977,9,3,5,217,0.2259
1977,10,1,1,484,-2.9591
1977,10,1,2,329,-3.6838
1977,10,1,3,303,-1.5980
1977,10,1,4,256,-1.8948
1977,10,1,5,225,-2.9612
1977,10,2,1,152,-3.4962
1977,10,2,2,161,-3.5079
1977,10,2,3,141,-2.2711
1977,10,2,4,157,-1.2987
1977,10,2,5,177,-4.4473
1977,10,3,1,93,-3.1679
1977,10,3,2,144,-4.0052
1977,10,3,3,201,-4.2339
1977,10,3,4,217,-4.5446
1977,10,3,5,203,-3.7082
1977,11,1,1,530,9.2461
1977,11,1,2,372,8.5218
1977,11,1,3,356,10.4358
1977,11,1,4,284,11.3290
1977,11,1,5,245,10.1447
1977,11,2,1,166,7.6948
1977,11,2,2,181,8.2559
1977,11,2,3,163,10.7114
1977,11,2,4,187,11.4502
1977,11,2,5,182,9.2924
1977,11,3,1,106,3.7134
1977,11,3,2,164,5.0718
1977,11,3,3,220,4.2295
1977,11,3,4,252,4.4224
1977,11,3,5,213,3.0738
1977,12,1,1,532,0.5864
1977,12,1,2,371,0.6829
1977,12,1,3,356,2.1271
1977,12,1,4,292,2.6154
1977,12,1,5,237,4.2154
1977,12,2,1,167,-0.1148
1977,12,2,2,180,1.5606
1977,12,2,3,170,1.1000
1977,12,2,4,187,2.5209
1977,12,2,5,185,1.7565
1977,12,3,1,106,-1.1622
1977,12,3,2,159,0.2845
1977,12,3,3,219,-0.0118
1977,12,3,4,251,0.6381
1977,12,3,5,213,1.2431
1978,1,1,1,474,0.2331
1978,1,1,2,319,-1.1960
1978,1,1,3,307,-0.3655
1978,1,1,4,233,-3.4144
1978,1,1,5,211,-2.6794
1978,1,2,1,145,-3.1016
1978,1,2,2,161,-3.1263
1978,1,2,3,149,-3.4776
1978,1,2,4,165,-4.5323
1978,1,2,5,157,-6.2423
1978,1,3,1,79,-5.7682
1978,1,3,2,133,-5.6861
1978,1,3,3,180,-5.8967
1978,1,3,4,217,-6.4079
1978,1,3,5,195,-5.9920
1978,2,1,1,497,3.0611
1978,2,1,2,350,2.2098
1978,2,1,3,332,2.2437
1978,2,1,4,255,3.4782
1978,2,1,5,227,4.3776
1978,2,2,1,157,2.0128
1978,2,2,2,185,1.1792
1978,2,2,3,171,1.5383
1978,2,2,4,186,1.8525
1978,2,2,5,165,2.1152
1978,2,3,1,86,-3.7424
1978,2,3,2,154,-1.7303
1978,2,3,3,203,-1.7379
1978,2,3,4,228,-2.8751
1978,2,3,5,197,-2.0907
1978,3,1,1,497,7.7852
1978,3,1,2,359,8.0189
1978,3,1,3,322,8.0162
1978,3,1,4,258,8.2800
1978,3,1,5,231,8.7448
1978,3,2,1,162,7.1360
1978,3,2,2,180,6.6058
1978,3,2,3,170,6.5983
1978,3,2,4,184,6.0693
1978,3,2,5,168,7.3188
1978,3,3,1,84,1.7717
1978,3,3,2,158,4.3548
1978,3,3,3,207,4.1212
1978,3,3,4,224,2.9020
1978,3,3,5,198,1.2393
1978,4,1,1,445,8.3163
1978,4,1,2,302,7.9520
1978,4,1,3,275,8.5429
1978,4,1,4,213,10.3855
1978,4,1,5,211,8.6188
1978,4,2,1,141,6.2521
1978,4,2,2,148,6.6336
1978,4,2,3,143,7.9169
1978,4,2,4,146,9.0874
1978,4,2,5,158,11.0947
1978,4,3,1,74,10.7286
1978,4,3,2,143,9.0721
1978,4,3,3,175,9.2739
1978,4,3,4,200,11.3301
1978,4,3,5,180,10.6254
1978,5,1,1,478,7.2516
1978,5,1,2,363,10.6664
1978,5,1,3,299,8.0454
1978,5,1,4,261,8.5172
1978,5,1,5,244,7.4882
1978,5,2,1,164,7.4714
1978,5,2,2,177,5.4660
1978,5,2,3,163,6.4157
1978,5,2,4,163,6.2590
1978,5,2,5,170,7.0667
1978,5,3,1,100,0.3209
1978,5,3,2,167,1.9288
1978,5,3,3,206,1.9628
1978,5,3,4,234,2.8756
1978,5,3,5,193,1.8832
1978,6,1,1,467,-0.7349
1978,6,1,2,382,1.3625
1978,6,1,3,313,0.3711
1978,6,1,4,262,-0.2903
1978,6,1,5,248,0.4094
1978,6,2,1,172,2.0912
1978,6,2,2,181,-0.7471
1978,6,2,3,159,-0.4944
1978,6,2,4,168,-0.6498
1978,6,2,5,167,-0.3978
1978,6,3,1,100,-4.1246
1978,6,3,2,166,-1.7836
1978,6,3,3,209,-1.6290
1978,6,3,4,238,-0.6756
1978,6,3,5,201,-1.8904
1978,7,1,1,423,4.7461
1978,7,1,2,337,5.1068
1978,7,1,3,277,5.6377
1978,7,1,4,235,5.7394
1978,7,1,5,230,7.3424
1978,7,2,1,157,6.5663
1978,7,2,2,162,5.2014
1978,7,2,3,142,7.0105
1978,7,2,4,150,6.0571
1978,7,2,5,151,6.7154
1978,7,3,1,97,6.3323
1978,7,3,2,147,5.6919
1978,7,3,3,190,6.0989
1978,7,3,4,213,6.4999
1978,7,3,5,187,7.0234
1978,8,1,1,453,9.9517
1978,8,1,2,378,9.1390
1978,8,1,3,315,8.8488
1978,8,1,4,277,9.0498
1978,8,1,5,250,10.1999
1978,8,2,1,178,9.8089
1978,8,2,2,181,6.6249
1978,8,2,3,165,9.3110
1978,8,2,4,168,7.8121
1978,8,2,5,168,8.9217
1978,8,3,1,105,3.4020
1978,8,3,2,165,2.9879
1978,8,3,3,214,3.6849
1978,8,3,4,242,3.1409
1978,8,3,5,213,4.1652
1978,9,1,1,451,1.1856
1978,9,1,2,380,0.5438
1978,9,1,3,334,-1.6022
1978,9,1,4,276,-0.8445
1978,9,1,5,258,-1.5685
1978,9,2,1,177,-1.1503
1978,9,2,2,191,-0.8060
1978,9,2,3,170,-0.9355
1978,9,2,4,174,-2.7636
1978,9,2,5,177,-3.0515
1978,9,3,1,105,0.5888
1978,9,3,2,174,-1.3467
1978,9,3,3,216,-0.8789
1978,9,3,4,249,-1.2359
1978,9,3,5,213,-1.3749
1978,10,1,1,413,-24.7444
1978,10,1,2,348,-24.8340
1978,10,1,3,282,-23.2509
1978,10,1,4,250,-23.9811
1978,10,1,5,233,-24.8545
1978,10,2,1,154,-22.7598
1978,10,2,2,172,-20.7344
1978,10,2,3,155,-22.8345
1978,10,2,4,151,-19.5879
1978,10,2,5,172,-21.4645
1978,10,3,1,93,-11.5682
1978,10,3,2,140,-12.3600
1978,10,3,3,190,-9.9873
1978,10,3,4,225,-9.8769
1978,10,3,5,203,-8.9343
1978,11,1,1,457,5.9483
1978,11,1,2,390,8.6135
1978,11,1,3,331,8.4237
1978,11,1,4,293,9.1491
1978,11,1,5,252,9.5940
1978,11,2,1,159,7.1138
1978,11,2,2,194,6.8161
1978,11,2,3,182,8.1543
1978,11,2,4,168,7.7512
1978,11,2,5,184,7.4801
1978,11,3,1,107,2.2799
1978,11,3,2,166,4.0944
1978,11,3,3,231,2.1079
1978,11,3,4,257,3.3035
1978,11,3,5,215,3.1814
1978,12,1,1,460,-2.2586
1978,12,1,2,385,0.9246
1978,12,1,3,318,1.0983
1978,12,1,4,292,2.6995
1978,12,1,5,250,2.9237
1978,12,2,1,161,1.0264
1978,12,2,2,195,2.5061
1978,12,2,3,182,2.1202
1978,12,2,4,179,1.2453
1978,12,2,5,187,3.9866
1978,12,3,1,107,-1.4314
1978,12,3,2,167,0.8695
1978,12,3,3,227,0.9841
1978,12,3,4,253,3.5686
1978,12,3,5,214,2.4774
1979,1,1,1,413,14.1937
1979,1,1,2,317,10.7183
1979,1,1,3,279,10.1636
1979,1,1,4,249,9.7597
1979,1,1,5,214,8.9805
1979,1,2,1,142,10.0276
1979,1,2,2,167,10.4922
1979,1,2,3,157,7.2892
1979,1,2,4,152,7.8816
1979,1,2,5,175,8.1392
1979,1,3,1,83,9.0474
1979,1,3,2,147,4.6343
1979,1,3,3,189,4.5881
1979,1,3,4,220,3.6975
1979,1,3,5,201,3.3209
1979,2,1,1,442,-2.3395
1979,2,1,2,349,-2.9566
1979,2,1,3,311,-1.3987
1979,2,1,4,257,-1.5775
1979,2,1,5,218,-3.1075
1979,2,2,1,152,-2.1422
1979,2,2,2,183,-1.7703
1979,2,2,3,183,-2.8609
1979,2,2,4,167,-4.3242
1979,2,2,5,181,-4.1618
1979,2,3,1,93,-4.1394
1979,2,3,2,159,-3.6698
1979,2,3,3,218,-3.9054
1979,2,3,4,236,-2.2214
1979,2,3,5,212,-2.9399
1979,3,1,1,445,8.5653
1979,3,1,2,352,9.7439
1979,3,1,3,309,10.3909
1979,3,1,4,262,9.2053
1979,3,1,5,216,9.5329
1979,3,2,1,152,11.3883
1979,3,2,2,185,11.0808
1979,3,2,3,189,10.6589
1979,3,2,4,171,10.3445
1979,3,2,5,177,11.4646
1979,3,3,1,96,7.3466
1979,3,3,2,164,7.5529
1979,3,3,3,220,7.2699
1979,3,3,4,230,6.6968
1979,3,3,5,210,6.0733
1979,4,1,1,419,3.3062
1979,4,1,2,289,2.3786
1979,4,1,3,256,2.7495
1979,4,1,4,217,1.6540
1979,4,1,5,183,1.7960
1979,4,2,1,138,2.6343
1979,4,2,2,158,2.0275
1979,4,2,3,159,2.1037
1979,4,2,4,150,2.5152
1979,4,2,5,161,4.3485
1979,4,3,1,75,-0.3375
1979,4,3,2,143,1.3780
1979,4,3,3,190,0.4763
1979,4,3,4,195,2.0056
1979,4,3,5,183,0.5921
1979,5,1,1,454,-0.2314
1979,5,1,2,337,-0.9864
1979,5,1,3,280,-0.4333
1979,5,1,4,263,-0.8987
1979,5,1,5,210,0.1005
1979,5,2,1,158,-0.2992
1979,5,2,2,169,-0.4012
1979,5,2,3,180,-2.2642
1979,5,2,4,177,-2.5491
1979,5,2,5,167,-2.2039
1979,5,3,1,96,-2.7853
1979,5,3,2,169,-1.9797
1979,5,3,3,219,-2.0517
1979,5,3,4,228,-2.6085
1979,5,3,5,200,-1.6529
1979,6,1,1,456,6.3805
1979,6,1,2,342,4.3245
1979,6,1,3,292,5.2852
1979,6,1,4,267,4.3593
1979,6,1,5,217,5.1422
1979,6,2,1,167,5.9705
1979,6,2,2,170,6.2626
1979,6,2,3,184,3.9414
1979,6,2,4,182,4.2588
1979,6,2,5,173,2.7904
1979,6,3,1,97,5.3113
1979,6,3,2,171,5.1520
1979,6,3,3,219,5.1957
1979,6,3,4,236,5.1302
1979,6,3,5,207,2.0665
1979,7,1,1,430,1.2968
1979,7,1,2,304,1.1289
1979,7,1,3,252,2.5868
1979,7,1,4,242,2.5288
1979,7,1,5,193,2.3229
1979,7,2,1,154,3.3910
1979,7,2,2,152,2.2050
1979,7,2,3,157,3.0429
1979,7,2,4,170,4.0260
1979,7,2,5,153,2.7356
1979,7,3,1,90,1.4894
1979,7,3,2,159,2.9572
1979,7,3,3,194,2.3864
1979,7,3,4,206,1.1118
1979,7,3,5,187,-0.5934
1979,8,1,1,455,7.2866
1979,8,1,2,348,8.4135
1979,8,1,3,288,8.1942
1979,8,1,4,252,7.6449
1979,8,1,5,215,10.2085
1979,8,2,1,171,7.6508
1979,8,2,2,168,8.5958
1979,8,2,3,182,9.1493
1979,8,2,4,173,8.4787
1979,8,2,5,167,10.2294
1979,8,3,1,108,8.6017
1979,8,3,2,175,6.4630
1979,8,3,3,218,8.1496
1979,8,3,4,241,7.5154
1979,8,3,5,205,6.1317
1979,9,1,1,460,-1.3895
1979,9,1,2,370,-1.9303
1979,9,1,3,298,-1.8199
1979,9,1,4,257,-0.6875
1979,9,1,5,225,0.0376
1979,9,2,1,173,0.2794
1979,9,2,2,175,0.1637
1979,9,2,3,188,1.2519
1979,9,2,4,176,-1.0682
1979,9,2,5,165,1.2641
1979,9,3,1,107,-0.0678
1979,9,3,2,181,-0.4847
1979,9,3,3,221,0.5405
1979,9,3,4,246,2.0544
1979,9,3,5,213,0.2635
1979,10,1,1,414,-11.8556
1979,10,1,2,328,-11.2430
1979,10,1,3,255,-10.6720
1979,10,1,4,227,-11.7920
1979,10,1,5,210,-9.3339
1979,10,2,1,153,-12.0410
1979,10,2,2,155,-9.2644
1979,10,2,3,164,-10.4778
1979,10,2,4,157,-10.0621
1979,10,2,5,148,-8.9184
1979,10,3,1,95,-8.9127
1979,10,3,2,156,-8.1025
1979,10,3,3,189,-6.7922
1979,10,3,4,221,-5.6963
1979,10,3,5,201,-5.8836
1979,11,1,1,449,6.9866
1979,11,1,2,364,8.4538
1979,11,1,3,293,8.8918
1979,11,1,4,258,9.0574
1979,11,1,5,223,9.2159
1979,11,2,1,166,9.4122
1979,11,2,2,182,7.7025
1979,11,2,3,177,8.5765
1979,11,2,4,172,10.1035
1979,11,2,5,170,9.3507
1979,11,3,1,114,5.2519
1979,11,3,2,171,5.2631
1979,11,3,3,211,6.0670
1979,11,3,4,242,5.5918
1979,11,3,5,224,5.4862
1979,12,1,1,452,5.5818
1979,12,1,2,365,7.9002
1979,12,1,3,288,9.4412
1979,12,1,4,256,8.2561
1979,12,1,5,222,9.9193
1979,12,2,1,172,7.1736
1979,12,2,2,186,7.5998
1979,12,2,3,181,7.6700
1979,12,2,4,175,6.3601
1979,12,2,5,172,6.3992
1979,12,3,1,114,4.9488
1979,12,3,2,173,3.8763
1979,12,3,3,214,2.8370
1979,12,3,4,244,2.0671
1979,12,3,5,228,2.2908
1980,1,1,1,404,10.1228
1980,1,1,2,318,11.9010
1980,1,1,3,257,11.5547
1980,1,1,4,209,8.5901
1980,1,1,5,196,10.4649
1980,1,2,1,147,8.3428
1980,1,2,2,165,8.4191
1980,1,2,3,154,7.6768
1980,1,2,4,148,6.6433
1980,1,2,5,168,5.1460
1980,1,3,1,90,6.5970
1980,1,3,2,145,8.0811
1980,1,3,3,170,7.2878
1980,1,3,4,205,9.0077
1980,1,3,5,208,6.1085
1980,2,1,1,447,-1.1402
1980,2,1,2,352,-1.3197
1980,2,1,3,292,-2.6397
1980,2,1,4,213,-1.5801
1980,2,1,5,200,-1.1447
1980,2,2,1,152,-0.7571
1980,2,2,2,185,0.1284
1980,2,2,3,184,-2.4598
1980,2,2,4,176,-2.1332
1980,2,2,5,176,-1.0455
1980,2,3,1,102,-3.3642
1980,2,3,2,161,-0.4160
1980,2,3,3,203,0.4128
1980,2,3,4,221,1.1168
1980,2,3,5,220,2.7111
1980,3,1,1,452,-19.1839
1980,3,1,2,348,-17.9237
1980,3,1,3,296,-18.3106
1980,3,1,4,219,-17.8335
1980,3,1,5,199,-20.0815
1980,3,2,1,155,-17.7783
1980,3,2,2,185,-19.0644
1980,3,2,3,187,-16.5209
1980,3,2,4,179,-16.8462
1980,3,2,5,175,-18.1139
1980,3,3,1,111,-13.2385
1980,3,3,2,169,-12.0128
1980,3,3,3,210,-11.4341
1980,3,3,4,226,-11.7425
1980,3,3,5,221,-12.5014
1980,4,1,1,412,3.2206
1980,4,1,2,309,5.3485
1980,4,1,3,251,5.6353
1980,4,1,4,193,6.3948
1980,4,1,5,175,8.9569
1980,4,2,1,140,4.1531
1980,4,2,2,162,7.0282
1980,4,2,3,154,4.2776
1980,4,2,4,159,5.0455
1980,4,2,5,155,5.3228
1980,4,3,1,94,3.2578
1980,4,3,2,151,2.7160
1980,4,3,3,181,4.5755
1980,4,3,4,185,3.4721
1980,4,3,5,201,4.1577
1980,5,1,1,446,6.7951
1980,5,1,2,334,6.1014
1980,5,1,3,299,6.0140
1980,5,1,4,214,6.9589
1980,5,1,5,198,8.4607
1980,5,2,1,159,9.6897
1980,5,2,2,175,8.0964
1980,5,2,3,182,9.6904
1980,5,2,4,186,8.1366
1980,5,2,5,166,9.4003
1980,5,3,1,118,6.4184
1980,5,3,2,171,7.3617
1980,5,3,3,224,6.6092
1980,5,3,4,216,5.3734
1980,5,3,5,221,5.0325
1980,6,1,1,446,2.8887
1980,6,1,2,332,2.4808
1980,6,1,3,313,3.4292
1980,6,1,4,219,2.7314
1980,6,1,5,192,3.8637
1980,6,2,1,159,3.1786
1980,6,2,2,181,3.5573
1980,6,2,3,186,3.4328
1980,6,2,4,196,3.5322
1980,6,2,5,164,4.0994
1980,6,3,1,119,2.5526
1980,6,3,2,172,2.6903
1980,6,3,3,224,2.4366
1980,6,3,4,222,3.6609
1980,6,3,5,228,3.6907
1980,7,1,1,409,11.1854
1980,7,1,2,295,12.6626
1980,7,1,3,268,12.2242
1980,7,1,4,187,13.0632
1980,7,1,5,164,14.3282
1980,7,2,1,145,10.5668
1980,7,2,2,162,10.4263
1980,7,2,3,164,12.7860
1980,7,2,4,169,14.4255
1980,7,2,5,147,12.7879
1980,7,3,1,105,11.9594
1980,7,3,2,150,9.5539
1980,7,3,3,188,9.9646
1980,7,3,4,202,7.8981
1980,7,3,5,205,6.4478
1980,8,1,1,434,6.6010
1980,8,1,2,333,8.9610
1980,8,1,3,290,8.4122
1980,8,1,4,214,8.6157
1980,8,1,5,179,11.5733
1980,8,2,1,149,6.0684
1980,8,2,2,174,6.5310
1980,8,2,3,181,6.2984
1980,8,2,4,182,6.3192
1980,8,2,5,161,6.9063
1980,8,3,1,112,1.1836
1980,8,3,2,173,0.4114
1980,8,3,3,218,2.0288
1980,8,3,4,227,1.5914
1980,8,3,5,225,2.6339
1980,9,1,1,448,2.9312
1980,9,1,2,334,3.6526
1980,9,1,3,297,3.8341
1980,9,1,4,225,2.9180
1980,9,1,5,182,3.9270
1980,9,2,1,150,2.4628
1980,9,2,2,181,2.8099
1980,9,2,3,192,2.8031
1980,9,2,4,190,3.6469
1980,9,2,5,165,5.9299
1980,9,3,1,115,2.6510
1980,9,3,2,176,1.7889
1980,9,3,3,226,1.6832
1980,9,3,4,235,2.3664
1980,9,3,5,230,5.9646
1980,10,1,1,409,2.9275
1980,10,1,2,292,3.5777
1980,10,1,3,259,5.4513
1980,10,1,4,194,7.3162
1980,10,1,5,160,7.8478
1980,10,2,1,140,0.4048
1980,10,2,2,165,2.3681
1980,10,2,3,172,2.1000
1980,10,2,4,172,4.9353
1980,10,2,5,146,4.9193
1980,10,3,1,93,2.1013
1980,10,3,2,153,1.0368
1980,10,3,3,186,-0.8636
1980,10,3,4,209,1.8424
1980,10,3,5,222,4.2420
1980,11,1,1,433,2.5647
1980,11,1,2,344,4.2474
1980,11,1,3,287,7.1943
1980,11,1,4,212,9.7930
1980,11,1,5,171,9.8099
1980,11,2,1,152,6.3450
1980,11,2,2,192,6.0273
1980,11,2,3,194,5.6799
1980,11,2,4,188,8.3173
1980,11,2,5,167,12.0565
1980,11,3,1,103,5.9159
1980,11,3,2,164,10.0039
1980,11,3,3,206,7.1958
1980,11,3,4,233,13.0984
1980,11,3,5,233,16.3823
1980,12,1,1,432,-4.3456
1980,12,1,2,353,-3.1602
1980,12,1,3,286,-2.9100
1980,12,1,4,209,-2.6744
1980,12,1,5,166,-4.2851
1980,12,2,1,152,-3.0360
1980,12,2,2,193,-2.2219
1980,12,2,3,197,-1.8970
1980,12,2,4,192,-3.8516
1980,12,2,5,180,-4.5911
1980,12,3,1,103,-3.9327
1980,12,3,2,168,-0.5427
1980,12,3,3,215,-1.3136
1980,12,3,4,233,-2.4396
1980,12,3,5,232,-7.6640
1981,1,1,1,385,3.8754
1981,1,1,2,304,1.3153
1981,1,1,3,234,1.7341
1981,1,1,4,189,-0.2522
1981,1,1,5,141,-4.0594
1981,1,2,1,137,1.6465
1981,1,2,2,171,-0.6590
1981,1,2,3,173,0.2185
1981,1,2,4,164,-1.7354
1981,1,2,5,168,-3.1839
1981,1,3,1,82,-0.4933
1981,1,3,2,137,-2.8770
1981,1,3,3,179,-2.8409
1981,1,3,4,207,-5.2683
1981,1,3,5,214,-8.1251
1981,2,1,1,405,1.3090
1981,2,1,2,334,0.4550
1981,2,1,3,255,1.7248
1981,2,1,4,206,1.7999
1981,2,1,5,165,-1.3887
1981,2,2,1,140,2.5545
1981,2,2,2,178,2.3361
1981,2,2,3,183,1.9649
1981,2,2,4,181,1.2559
1981,2,2,5,181,1.7329
1981,2,3,1,92,4.7293
1981,2,3,2,149,3.3326
1981,2,3,3,208,3.8149
1981,2,3,4,217,2.1258
1981,2,3,5,215,1.2423
1981,3,1,1,402,9.2291
1981,3,1,2,351,10.0829
1981,3,1,3,263,9.6501
1981,3,1,4,214,9.8029
1981,3,1,5,165,9.4303
1981,3,2,1,143,9.1591
1981,3,2,2,180,7.4823
1981,3,2,3,179,6.4926
1981,3,2,4,188,7.6621
1981,3,2,5,177,9.5090
1981,3,3,1,103,8.9532
1981,3,3,2,150,9.4717
1981,3,3,3,212,6.2417
1981,3,3,4,223,2.6460
1981,3,3,5,214,1.9918
1981,4,1,1,362,4.5864
1981,4,1,2,304,4.8808
1981,4,1,3,237,3.6468
1981,4,1,4,204,2.8790
1981,4,1,5,144,3.4997
1981,4,2,1,123,0.4171
1981,4,2,2,153,1.4621
1981,4,2,3,157,2.2549
1981,4,2,4,166,4.1367
1981,4,2,5,163,3.7529
1981,4,3,1,92,-0.4121
1981,4,3,2,126,-1.0994
1981,4,3,3,182,-1.9484
1981,4,3,4,197,-1.6585
1981,4,3,5,198,-5.0185
1981,5,1,1,390,3.1963
1981,5,1,2,332,4.7452
1981,5,1,3,260,4.0198
1981,5,1,4,228,4.0793
1981,5,1,5,181,4.6266
1981,5,2,1,147,2.8906
1981,5,2,2,170,2.2314
1981,5,2,3,178,2.6019
1981,5,2,4,191,3.9253
1981,5,2,5,170,5.4202
1981,5,3,1,115,1.9965
1981,5,3,2,151,0.5119
1981,5,3,3,219,-1.0402
1981,5,3,4,230,-0.2400
1981,5,3,5,208,-0.2306
1981,6,1,1,397,1.1523
1981,6,1,2,344,0.6596
1981,6,1,3,266,-0.3161
1981,6,1,4,232,-0.1519
1981,6,1,5,187,-0.7097
1981,6,2,1,151,-1.8276
1981,6,2,2,170,-1.8525
1981,6,2,3,187,-3.4030
1981,6,2,4,200,-3.0173
1981,6,2,5,170,-4.3639
1981,6,3,1,115,-2.6296
1981,6,3,2,158,-2.2536
1981,6,3,3,219,-1.8751
1981,6,3,4,233,-0.5392
1981,6,3,5,218,-0.3725
1981,7,1,1,371,-3.4656
1981,7,1,2,303,-2.0215
1981,7,1,3,225,-3.1929
1981,7,1,4,204,-4.5089
1981,7,1,5,169,-3.2220
1981,7,2,1,130,-2.5470
1981,7,2,2,153,-1.4381
1981,7,2,3,171,-2.1826
1981,7,2,4,178,-1.9191
1981,7,2,5,147,-2.6271
1981,7,3,1,107,-1.7716
1981,7,3,2,142,-1.2810
1981,7,3,3,184,-2.3226
1981,7,3,4,209,-0.3233
1981,7,3,5,195,3.5618
1981,8,1,1,413,-8.8619
1981,8,1,2,334,-8.1851
1981,8,1,3,267,-8.3920
1981,8,1,4,226,-7.7556
1981,8,1,5,179,-10.1897
1981,8,2,1,136,-7.4967
1981,8,2,2,166,-8.4084
1981,8,2,3,189,-7.9072
1981,8,2,4,195,-7.6084
1981,8,2,5,160,-8.9066
1981,8,3,1,123,-6.5977
1981,8,3,2,164,-6.7531
1981,8,3,3,208,-7.0345
1981,8,3,4,239,-5.7085
1981,8,3,5,211,-6.2442
1981,9,1,1,415,-9.3467
1981,9,1,2,337,-8.9528
1981,9,1,3,280,-7.9337
1981,9,1,4,230,-6.8535
1981,9,1,5,191,-8.6658
1981,9,2,1,141,-9.0035
1981,9,2,2,170,-8.3767
1981,9,2,3,193,-7.8458
1981,9,2,4,188,-7.8177
1981,9,2,5,163,-8.1963
1981,9,3,1,121,-5.7736
1981,9,3,2,166,-6.7210
1981,9,3,3,211,-5.8045
1981,9,3,4,237,-5.5361
1981,9,3,5,216,-8.4734
1981,10,1,1,376,7.8621
1981,10,1,2,296,8.6117
1981,10,1,3,253,9.1281
1981,10,1,4,199,9.6957
1981,10,1,5,181,12.2798
1981,10,2,1,126,8.1168
1981,10,2,2,160,5.8751
1981,10,2,3,176,7.7108
1981,10,2,4,172,8.0283
1981,10,2,5,158,10.1781
1981,10,3,1,88,1.2270
1981,10,3,2,146,2.8540
1981,10,3,3,177,2.7448
1981,10,3,4,216,4.4513
1981,10,3,5,202,9.5764
1981,11,1,1,429,1.5020
1981,11,1,2,342,2.1600
1981,11,1,3,291,3.6452
1981,11,1,4,242,2.0610
1981,11,1,5,192,1.8888
1981,11,2,1,135,0.7227
1981,11,2,2,169,3.4259
1981,11,2,3,202,3.6138
1981,11,2,4,188,3.0746
1981,11,2,5,175,2.0063
1981,11,3,1,100,3.2997
1981,11,3,2,169,5.2588
1981,11,3,3,197,5.6012
1981,11,3,4,232,4.5146
1981,11,3,5,212,5.0861
1981,12,1,1,435,-1.3301
1981,12,1,2,342,-1.7724
1981,12,1,3,289,-0.5470
1981,12,1,4,240,0.0519
1981,12,1,5,192,-1.8706
1981,12,2,1,134,-0.4899
1981,12,2,2,165,-0.9843
1981,12,2,3,203,-1.0648
1981,12,2,4,190,-0.5274
1981,12,2,5,176,-0.4516
1981,12,3,1,101,-2.9146
1981,12,3,2,167,-1.7840
1981,12,3,3,198,-1.7124
1981,12,3,4,230,-2.4828
1981,12,3,5,211,-4.0298
1982,1,1,1,381,-2.0133
1982,1,1,2,298,-1.0176
1982,1,1,3,247,-1.4618
1982,1,1,4,210,-0.4993
1982,1,1,5,160,-2.8824
1982,1,2,1,121,-3.6238
1982,1,2,2,144,-3.7654
1982,1,2,3,169,-3.6340
1982,1,2,4,163,-4.5266
1982,1,2,5,165,-6.0499
1982,1,3,1,82,-2.2119
1982,1,3,2,136,-1.8004
1982,1,3,3,167,-3.0440
1982,1,3,4,203,-0.4736
1982,1,3,5,194,-4.5830
1982,2,1,1,394,-4.6555
1982,2,1,2,336,-3.2146
1982,2,1,3,281,-3.7782
1982,2,1,4,245,-3.9761
1982,2,1,5,195,-5.9152
1982,2,2,1,135,-5.6601
1982,2,2,2,164,-4.6517
1982,2,2,3,186,-3.2199
1982,2,2,4,186,-4.1960
1982,2,2,5,175,-6.7401
1982,2,3,1,101,-5.0856
1982,2,3,2,161,-3.3762
1982,2,3,3,194,-4.2392
1982,2,3,4,221,-5.3330
1982,2,3,5,203,-8.2061
1982,3,1,1,403,-2.0195
1982,3,1,2,351,1.4647
1982,3,1,3,283,-0.7505
1982,3,1,4,237,0.4594
1982,3,1,5,203,-2.5482
1982,3,2,1,134,0.8732
1982,3,2,2,161,-0.3212
1982,3,2,3,182,0.9144
1982,3,2,4,191,-1.7358
1982,3,2,5,173,-2.1101
1982,3,3,1,102,0.1137
1982,3,3,2,163,-0.5549
1982,3,3,3,199,-1.6347
1982,3,3,4,219,-1.3252
1982,3,3,5,201,-1.9051
1982,4,1,1,370,4.0268
1982,4,1,2,319,4.0059
1982,4,1,3,255,2.7407
1982,4,1,4,214,4.5797
1982,4,1,5,180,5.6075
1982,4,2,1,123,6.5000
1982,4,2,2,136,6.8863
1982,4,2,3,161,6.1456
1982,4,2,4,173,6.3565
1982,4,2,5,161,6.2117
1982,4,3,1,87,4.9660
1982,4,3,2,145,4.2593
1982,4,3,3,169,4.4628
1982,4,3,4,176,5.2392
1982,4,3,5,180,4.9943
1982,5,1,1,440,-4.1369
1982,5,1,2,378,-2.1749
1982,5,1,3,306,-1.3170
1982,5,1,4,256,-2.0146
1982,5,1,5,215,-3.7783
1982,5,2,1,137,-5.0392
1982,5,2,2,163,-4.6604
1982,5,2,3,190,-3.0544
1982,5,2,4,189,-3.0307
1982,5,2,5,175,-3.9653
1982,5,3,1,117,-3.5561
1982,5,3,2,170,-5.0854
1982,5,3,3,207,-3.0180
1982,5,3,4,215,-2.8302
1982,5,3,5,201,-1.4266
1982,6,1,1,459,-3.6131
1982,6,1,2,388,-2.8867
1982,6,1,3,312,-2.8066
1982,6,1,4,265,-2.6155
1982,6,1,5,217,-2.1116
1982,6,2,1,138,-1.0746
1982,6,2,2,168,-3.0335
1982,6,2,3,189,-1.8980
1982,6,2,4,187,-2.0497
1982,6,2,5,178,-3.6552
1982,6,3,1,117,0.5088
1982,6,3,2,172,-0.1529
1982,6,3,3,208,-1.3682
1982,6,3,4,221,-1.3228
1982,6,3,5,209,-3.6039
1982,7,1,1,426,-0.5117
1982,7,1,2,349,-0.3747
1982,7,1,3,272,-2.2022
1982,7,1,4,223,-3.1261
1982,7,1,5,213,-3.2715
1982,7,2,1,131,-0.9202
1982,7,2,2,143,-1.5895
1982,7,2,3,169,0.3025
1982,7,2,4,167,-1.0247
1982,7,2,5,150,-1.0204
1982,7,3,1,98,-2.3345
1982,7,3,2,148,-1.7374
1982,7,3,3,176,-0.7470
1982,7,3,4,193,-2.8289
1982,7,3,5,192,-3.1537
1982,8,1,1,654,6.2609
1982,8,1,2,460,6.7810
1982,8,1,3,385,7.7287
1982,8,1,4,317,6.6874
1982,8,1,5,283,6.5710
1982,8,2,1,150,11.4931
1982,8,2,2,178,10.8720
1982,8,2,3,201,10.4335
1982,8,2,4,192,10.1227
1982,8,2,5,173,9.9517
1982,8,3,1,104,14.8513
1982,8,3,2,167,15.3223
1982,8,3,3,216,13.6686
1982,8,3,4,232,12.0912
1982,8,3,5,222,10.4104
1982,9,1,1,692,2.9820
1982,9,1,2,483,3.3286
1982,9,1,3,406,4.1702
1982,9,1,4,346,2.5538
1982,9,1,5,297,2.7313
1982,9,2,1,155,1.9689
1982,9,2,2,187,2.6279
1982,9,2,3,203,3.4666
1982,9,2,4,206,2.8166
1982,9,2,5,179,2.7311
1982,9,3,1,107,-0.4806
1982,9,3,2,165,-0.6894
1982,9,3,3,219,0.8143
1982,9,3,4,233,1.0311
1982,9,3,5,226,2.1689
1982,10,1,1,680,12.1920
1982,10,1,2,433,12.9408
1982,10,1,3,364,13.8990
1982,10,1,4,313,17.0975
1982,10,1,5,270,17.5705
1982,10,2,1,141,16.9299
1982,10,2,2,173,13.8576
1982,10,2,3,177,12.7542
1982,10,2,4,183,12.6006
1982,10,2,5,167,15.4292
1982,10,3,1,89,14.3023
1982,10,3,2,142,14.9526
1982,10,3,3,190,12.5569
1982,10,3,4,213,9.7225
1982,10,3,5,217,11.0377
1982,11,1,1,832,11.6192
1982,11,1,2,522,8.9837
1982,11,1,3,464,9.0154
1982,11,1,4,396,9.8289
1982,11,1,5,326,7.8602
1982,11,2,1,160,10.5195
1982,11,2,2,191,9.2770
1982,11,2,3,205,8.3176
1982,11,2,4,214,8.3332
1982,11,2,5,196,9.2691
1982,11,3,1,104,7.3994
1982,11,3,2,163,6.3231
1982,11,3,3,217,4.3257
1982,11,3,4,234,4.0072
1982,11,3,5,233,5.1977
1982,12,1,1,870,2.1607
1982,12,1,2,559,1.2507
1982,12,1,3,485,1.9935
1982,12,1,4,414,2.8795
1982,12,1,5,345,0.6589
1982,12,2,1,165,2.6618
1982,12,2,2,185,0.0176
1982,12,2,3,204,1.7151
1982,12,2,4,221,1.9350
1982,12,2,5,202,1.9388
1982,12,3,1,104,3.1371
1982,12,3,2,161,0.6265
1982,12,3,3,217,1.4871
1982,12,3,4,236,0.6375
1982,12,3,5,232,2.9848
1983,1,1,1,840,10.9309
1983,1,1,2,497,8.6109
1983,1,1,3,447,9.0007
1983,1,1,4,390,8.2695
1983,1,1,5,322,9.6071
1983,1,2,1,153,8.5397
1983,1,2,2,162,7.0911
1983,1,2,3,184,6.3281
1983,1,2,4,197,6.5455
1983,1,2,5,199,5.7409
1983,1,3,1,83,5.3610
1983,1,3,2,133,5.1096
1983,1,3,3,171,3.7176
1983,1,3,4,198,3.6239
1983,1,3,5,217,2.3045
1983,2,1,1,1007,4.6754
1983,2,1,2,585,5.2421
1983,2,1,3,520,5.9059
1983,2,1,4,433,6.2700
1983,2,1,5,397,6.2119
1983,2,2,1,172,3.0595
1983,2,2,2,185,5.2918
1983,2,2,3,216,5.9900
1983,2,2,4,219,5.3353
1983,2,2,5,231,6.3274
1983,2,3,1,97,3.4309
1983,2,3,2,156,3.5324
1983,2,3,3,192,3.1472
1983,2,3,4,213,2.0454
1983,2,3,5,216,2.7898
1983,3,1,1,1025,5.0446
1983,3,1,2,611,5.5152
1983,3,1,3,540,4.5803
1983,3,1,4,446,4.6112
1983,3,1,5,408,6.3483
1983,3,2,1,173,6.0682
1983,3,2,2,181,4.3449
1983,3,2,3,215,4.2083
1983,3,2,4,220,3.9498
1983,3,2,5,229,4.2551
1983,3,3,1,98,2.7991
1983,3,3,2,154,3.8324
1983,3,3,3,193,4.2766
1983,3,3,4,219,2.9205
1983,3,3,5,218,2.6599
1983,4,1,1,981,7.7166
1983,4,1,2,538,7.9564
1983,4,1,3,463,7.2980
1983,4,1,4,385,7.9138
1983,4,1,5,374,8.4288
1983,4,2,1,163,6.2630
1983,4,2,2,153,6.8479
1983,4,2,3,178,6.5055
1983,4,2,4,197,6.6783
1983,4,2,5,225,8.2458
1983,4,3,1,84,7.2597
1983,4,3,2,134,7.7978
1983,4,3,3,170,7.6993
1983,4,3,4,183,7.0790
1983,4,3,5,204,7.7454
1983,5,1,1,1081,12.8304
1983,5,1,2,677,10.1618
1983,5,1,3,575,11.1705
1983,5,1,4,489,10.7822
1983,5,1,5,459,8.3493
1983,5,2,1,178,6.7183
1983,5,2,2,175,8.1681
1983,5,2,3,204,5.6426
1983,5,2,4,221,5.6186
1983,5,2,5,257,6.2509
1983,5,3,1,97,4.4494
1983,5,3,2,158,0.9312
1983,5,3,3,197,-0.4316
1983,5,3,4,227,-0.0619
1983,5,3,5,226,-0.6639
1983,6,1,1,1103,3.7101
1983,6,1,2,702,4.5535
1983,6,1,3,609,5.4181
1983,6,1,4,517,6.1551
1983,6,1,5,488,4.6266
1983,6,2,1,179,3.8595
1983,6,2,2,180,5.5901
1983,6,2,3,208,5.3193
1983,6,2,4,239,6.3074
1983,6,2,5,269,7.2831
1983,6,3,1,96,2.1936
1983,6,3,2,158,3.0105
1983,6,3,3,204,4.6018
1983,6,3,4,231,4.8435
1983,6,3,5,241,5.9384
1983,7,1,1,1032,-3.1830
1983,7,1,2,618,-2.6568
1983,7,1,3,540,-3.0091
1983,7,1,4,474,-2.3533
1983,7,1,5,456,-2.2792
1983,7,2,1,163,-5.6486
1983,7,2,2,160,-2.6695
1983,7,2,3,179,-2.4833
1983,7,2,4,218,-2.2573
1983,7,2,5,258,-4.2498
1983,7,3,1,82,-1.1500
1983,7,3,2,142,-4.0659
1983,7,3,3,177,-2.8435
1983,7,3,4,207,-3.0558
1983,7,3,5,223,-3.8700
1983,8,1,1,1143,-5.6499
1983,8,1,2,728,-3.2119
1983,8,1,3,623,-2.7544
1983,8,1,4,547,-3.2710
1983,8,1,5,553,-3.5886
1983,8,2,1,174,-4.6678
1983,8,2,2,185,-3.0471
1983,8,2,3,208,-3.6340
1983,8,2,4,247,-3.8511
1983,8,2,5,284,-3.2724
1983,8,3,1,99,1.9855
1983,8,3,2,170,0.1321
1983,8,3,3,204,0.3794
1983,8,3,4,241,3.1241
1983,8,3,5,245,-0.3416
1983,9,1,1,1163,-2.4884
1983,9,1,2,747,-0.5903
1983,9,1,3,648,0.9451
1983,9,1,4,569,0.5829
1983,9,1,5,577,1.1113
1983,9,2,1,176,0.2244
1983,9,2,2,182,3.9854
1983,9,2,3,206,3.8550
1983,9,2,4,257,2.8332
1983,9,2,5,294,1.0614
1983,9,3,1,100,0.8847
1983,9,3,2,171,1.8867
1983,9,3,3,201,2.0211
1983,9,3,4,244,0.9324
1983,9,3,5,251,2.1933
1983,10,1,1,1101,-8.3112
1983,10,1,2,632,-6.8248
1983,10,1,3,576,-6.3783
1983,10,1,4,505,-5.7887
1983,10,1,5,539,-7.6835
1983,10,2,1,157,-9.6065
1983,10,2,2,161,-5.7484
1983,10,2,3,177,-7.0825
1983,10,2,4,240,-6.0873
1983,10,2,5,273,-8.0674
1983,10,3,1,86,-4.2617
1983,10,3,2,143,-3.5467
1983,10,3,3,176,-2.0373
1983,10,3,4,214,-1.5021
1983,10,3,5,242,-1.8393
1983,11,1,1,1191,1.5356
1983,11,1,2,738,3.3785
1983,11,1,3,664,4.1511
1983,11,1,4,584,4.8460
1983,11,1,5,584,5.0209
1983,11,2,1,176,6.1724
1983,11,2,2,194,4.9030
1983,11,2,3,205,6.7925
1983,11,2,4,273,5.4965
1983,11,2,5,285,5.8366
1983,11,3,1,104,7.0650
1983,11,3,2,162,5.1655
1983,11,3,3,202,3.4551
1983,11,3,4,239,2.5115
1983,11,3,5,256,0.4595
1983,12,1,1,1200,-2.6335
1983,12,1,2,754,-1.1001
1983,12,1,3,681,-1.7570
1983,12,1,4,598,-1.8757
1983,12,1,5,593,-3.2262
1983,12,2,1,172,-2.5739
1983,12,2,2,190,-0.3650
1983,12,2,3,211,-0.8975
1983,12,2,4,272,-1.3500
1983,12,2,5,292,-2.1109
1983,12,3,1,104,0.1745
1983,12,3,2,164,-0.6059
1983,12,3,3,204,-0.7461
1983,12,3,4,239,-0.4452
1983,12,3,5,254,0.0228
1984,1,1,1,1112,1.3130
1984,1,1,2,651,0.8428
1984,1,1,3,578,-1.0156
1984,1,1,4,503,-1.0270
1984,1,1,5,523,-2.2289
1984,1,2,1,149,-0.3539
1984,1,2,2,165,-1.5640
1984,1,2,3,184,-2.0724
1984,1,2,4,238,-3.2135
1984,1,2,5,270,-5.6690
1984,1,3,1,85,-2.1819
1984,1,3,2,137,-3.2915
1984,1,3,3,167,-0.5052
1984,1,3,4,202,-0.0180
1984,1,3,5,228,-3.9740
1984,2,1,1,1210,-7.1295
1984,2,1,2,743,-5.7707
1984,2,1,3,665,-5.7750
1984,2,1,4,580,-6.7097
1984,2,1,5,565,-7.3472
1984,2,2,1,163,-6.7225
1984,2,2,2,179,-3.7566
1984,2,2,3,206,-3.8411
1984,2,2,4,256,-6.2415
1984,2,2,5,277,-6.1349
1984,2,3,1,98,-6.5280
1984,2,3,2,157,-5.0962
1984,2,3,3,201,-3.9571
1984,2,3,4,223,-1.9202
1984,2,3,5,219,-3.3365
1984,3,1,1,1223,0.6474
1984,3,1,2,743,0.8966
1984,3,1,3,659,0.1180
1984,3,1,4,585,0.5265
1984,3,1,5,567,0.5228
1984,3,2,1,160,1.2168
1984,3,2,2,175,0.7305
1984,3,2,3,210,1.7095
1984,3,2,4,262,0.4945
1984,3,2,5,275,0.2638
1984,3,3,1,94,4.7959
1984,3,3,2,158,3.4582
1984,3,3,3,203,2.1447
1984,3,3,4,227,1.0851
1984,3,3,5,213,1.5604
1984,4,1,1,1166,-4.0823
1984,4,1,2,667,-0.9082
1984,4,1,3,575,-1.6858
1984,4,1,4,517,-1.4726
1984,4,1,5,517,-2.1241
1984,4,2,1,141,-2.1833
1984,4,2,2,153,0.5090
1984,4,2,3,189,0.8802
1984,4,2,4,233,1.3830
1984,4,2,5,244,0.7238
1984,4,3,1,80,-1.2910
1984,4,3,2,140,-1.3654
1984,4,3,3,173,1.5819
1984,4,3,4,202,2.0574
1984,4,3,5,188,0.7627
1984,5,1,1,1302,-7.5103
1984,5,1,2,775,-5.1164
1984,5,1,3,657,-4.7837
1984,5,1,4,602,-4.3143
1984,5,1,5,589,-5.0419
1984,5,2,1,157,-8.3005
1984,5,2,2,168,-5.5716
1984,5,2,3,205,-5.0712
1984,5,2,4,255,-6.4789
1984,5,2,5,270,-4.5894
1984,5,3,1,103,-9.3176
1984,5,3,2,173,-6.7586
1984,5,3,3,204,-6.6439
1984,5,3,4,227,-4.6456
1984,5,3,5,215,-3.6992
1984,6,1,1,1301,-0.2245
1984,6,1,2,795,1.5281
1984,6,1,3,667,1.5209
1984,6,1,4,618,2.4828
1984,6,1,5,606,4.4154
1984,6,2,1,154,1.7613
1984,6,2,2,172,1.1539
1984,6,2,3,211,3.2301
1984,6,2,4,259,4.8015
1984,6,2,5,271,4.8551
1984,6,3,1,105,-0.3514
1984,6,3,2,177,2.8889
1984,6,3,3,203,2.8027
1984,6,3,4,230,2.6768
1984,6,3,5,232,2.9117
1984,7,1,1,1200,-7.9013
1984,7,1,2,687,-5.0199
1984,7,1,3,586,-3.8554
1984,7,1,4,532,-4.3204
1984,7,1,5,532,-4.1885
1984,7,2,1,149,-7.3223
1984,7,2,2,151,-6.8925
1984,7,2,3,186,-4.2364
1984,7,2,4,222,-5.1548
1984,7,2,5,249,-3.7001
1984,7,3,1,94,-6.7136
1984,7,3,2,153,-3.2806
1984,7,3,3,187,-2.0329
1984,7,3,4,211,-2.5657
1984,7,3,5,220,-0.0277
1984,8,1,1,1343,8.8605
1984,8,1,2,807,10.3153
1984,8,1,3,664,10.7403
1984,8,1,4,599,11.4618
1984,8,1,5,585,11.6288
1984,8,2,1,167,14.0976
1984,8,2,2,173,11.6644
1984,8,2,3,205,11.4759
1984,8,2,4,242,13.2407
1984,8,2,5,272,13.9201
1984,8,3,1,112,13.5001
1984,8,3,2,178,12.5550
1984,8,3,3,209,10.7722
1984,8,3,4,229,11.3553
1984,8,3,5,242,11.7050
1984,9,1,1,1359,-2.0373
1984,9,1,2,838,-0.1301
1984,9,1,3,689,-0.3473
1984,9,1,4,623,-1.5619
1984,9,1,5,612,-2.0037
1984,9,2,1,169,-2.8408
1984,9,2,2,176,-1.6262
1984,9,2,3,208,-1.4255
1984,9,2,4,246,-2.4510
1984,9,2,5,281,-1.9371
1984,9,3,1,115,-2.2161
1984,9,3,2,185,-1.7690
1984,9,3,3,218,-2.3794
1984,9,3,4,237,-0.4268
1984,9,3,5,245,-0.3167
1984,10,1,1,1288,-4.7712
1984,10,1,2,736,-2.2630
1984,10,1,3,595,-3.6961
1984,10,1,4,538,-2.4111
1984,10,1,5,562,-2.5725
1984,10,2,1,150,-2.3117
1984,10,2,2,160,-2.5830
1984,10,2,3,180,-2.3040
1984,10,2,4,222,-2.1705
1984,10,2,5,256,-1.5402
1984,10,3,1,96,-1.7997
1984,10,3,2,164,-0.1819
1984,10,3,3,192,1.2217
1984,10,3,4,201,0.3103
1984,10,3,5,230,-0.4063
1984,11,1,1,1428,-5.2628
1984,11,1,2,845,-3.8933
1984,11,1,3,691,-3.3128
1984,11,1,4,601,-2.8592
1984,11,1,5,620,-3.1520
1984,11,2,1,165,-4.4121
1984,11,2,2,180,-1.5322
1984,11,2,3,211,-2.4215
1984,11,2,4,242,-2.6953
1984,11,2,5,272,-2.9339
1984,11,3,1,107,-0.9781
1984,11,3,2,181,-1.3479
1984,11,3,3,215,-1.3286
1984,11,3,4,231,-0.9830
1984,11,3,5,237,-1.8931
1984,12,1,1,1447,-1.3291
1984,12,1,2,842,0.2993
1984,12,1,3,711,0.3426
1984,12,1,4,604,1.8822
1984,12,1,5,619,1.8757
1984,12,2,1,169,-0.3654
1984,12,2,2,184,0.3520
1984,12,2,3,213,3.0699
1984,12,2,4,247,3.7941
1984,12,2,5,273,3.2875
1984,12,3,1,101,1.7800
1984,12,3,2,180,1.5095
1984,12,3,3,217,2.0160
1984,12,3,4,229,1.7989
1984,12,3,5,236,2.5451
1985,1,1,1,1359,14.0790
1985,1,1,2,723,13.0589
1985,1,1,3,622,13.7325
1985,1,1,4,518,15.3680
1985,1,1,5,557,14.6201
1985,1,2,1,148,11.7772
1985,1,2,2,169,11.3572
1985,1,2,3,190,11.3080
1985,1,2,4,220,12.4511
1985,1,2,5,249,14.7007
1985,1,3,1,83,10.2745
1985,1,3,2,145,8.9334
1985,1,3,3,186,7.1560
1985,1,3,4,195,7.1248
1985,1,3,5,216,9.6945
1985,2,1,1,1453,3.7972
1985,2,1,2,782,2.7485
1985,2,1,3,720,2.9258
1985,2,1,4,595,3.6584
1985,2,1,5,602,4.1421
1985,2,2,1,161,1.1003
1985,2,2,2,188,1.4161
1985,2,2,3,208,2.7989
1985,2,2,4,240,2.3238
1985,2,2,5,261,2.8258
1985,2,3,1,94,0.5701
1985,2,3,2,164,-0.1038
1985,2,3,3,207,1.6534
1985,2,3,4,227,2.1896
1985,2,3,5,219,1.3322
1985,3,1,1,1452,-3.3351
1985,3,1,2,787,-1.8527
1985,3,1,3,718,-1.9781
1985,3,1,4,609,-2.5369
1985,3,1,5,604,-2.4806
1985,3,2,1,156,-2.5695
1985,3,2,2,189,-3.5382
1985,3,2,3,209,-2.9846
1985,3,2,4,233,-4.0394
1985,3,2,5,258,-3.8675
1985,3,3,1,91,2.4225
1985,3,3,2,173,0.8018
1985,3,3,3,209,-1.1824
1985,3,3,4,231,0.1533
1985,3,3,5,217,-1.7542
1985,4,1,1,1359,-3.2708
1985,4,1,2,666,-1.4401
1985,4,1,3,625,-2.4026
1985,4,1,4,499,-1.3721
1985,4,1,5,546,-0.4973
1985,4,2,1,150,-3.5236
1985,4,2,2,164,-1.6874
1985,4,2,3,192,-2.0832
1985,4,2,4,208,-2.6498
1985,4,2,5,244,-2.9598
1985,4,3,1,75,-1.9963
1985,4,3,2,148,-1.5492
1985,4,3,3,180,0.4945
1985,4,3,4,209,-0.9231
1985,4,3,5,197,-0.9074
1985,5,1,1,1461,-0.0964
1985,5,1,2,774,2.4531
1985,5,1,3,714,2.5063
1985,5,1,4,589,3.4498
1985,5,1,5,615,4.2212
1985,5,2,1,166,1.1636
1985,5,2,2,180,3.4040
1985,5,2,3,219,3.9956
1985,5,2,4,228,4.1063
1985,5,2,5,273,4.0149
1985,5,3,1,93,5.6371
1985,5,3,2,164,7.7338
1985,5,3,3,211,5.8736
1985,5,3,4,238,5.5415
1985,5,3,5,228,5.3056
1985,6,1,1,1483,-1.6986
1985,6,1,2,780,-0.4509
1985,6,1,3,712,0.8851
1985,6,1,4,593,0.9904
1985,6,1,5,626,1.2221
1985,6,2,1,167,-0.6028
1985,6,2,2,176,-0.2636
1985,6,2,3,220,-0.1136
1985,6,2,4,228,0.7203
1985,6,2,5,279,1.1591
1985,6,3,1,92,0.2980
1985,6,3,2,164,1.4499
1985,6,3,3,211,1.7111
1985,6,3,4,236,1.4467
1985,6,3,5,239,0.6661
1985,7,1,1,1354,1.7172
1985,7,1,2,666,3.0712
1985,7,1,3,599,2.8353
1985,7,1,4,504,3.3264
1985,7,1,5,561,3.1918
1985,7,2,1,148,4.0764
1985,7,2,2,151,3.2117
1985,7,2,3,198,3.3535
1985,7,2,4,209,3.6227
1985,7,2,5,253,3.7654
1985,7,3,1,78,3.5606
1985,7,3,2,144,-0.3662
1985,7,3,3,186,0.6317
1985,7,3,4,208,0.8531
1985,7,3,5,221,0.3314
1985,8,1,1,1491,-1.7974
1985,8,1,2,767,-0.9756
1985,8,1,3,682,0.2516
1985,8,1,4,617,-1.3658
1985,8,1,5,601,-1.4725
1985,8,2,1,171,-1.4301
1985,8,2,2,175,0.1406
1985,8,2,3,232,-1.0597
1985,8,2,4,240,-1.7358
1985,8,2,5,269,-2.1889
1985,8,3,1,87,-1.2494
1985,8,3,2,169,-0.3876
1985,8,3,3,203,-0.9206
1985,8,3,4,237,-0.5933
1985,8,3,5,238,-0.8234
1985,9,1,1,1487,-7.2333
1985,9,1,2,794,-5.5516
1985,9,1,3,695,-5.4162
1985,9,1,4,648,-5.6744
1985,9,1,5,618,-5.8566
1985,9,2,1,173,-7.6892
1985,9,2,2,174,-5.3438
1985,9,2,3,232,-5.4274
1985,9,2,4,238,-6.0887
1985,9,2,5,275,-6.2063
1985,9,3,1,87,-4.9191
1985,9,3,2,170,-3.4816
1985,9,3,3,204,-1.9399
1985,9,3,4,243,-2.4289
1985,9,3,5,242,-3.0413
1985,10,1,1,1403,0.5819
1985,10,1,2,693,1.7793
1985,10,1,3,600,2.8679
1985,10,1,4,584,2.4878
1985,10,1,5,562,3.0576
1985,10,2,1,161,2.1605
1985,10,2,2,159,3.4020
1985,10,2,3,197,4.0773
1985,10,2,4,213,3.7535
1985,10,2,5,257,3.9682
1985,10,3,1,77,0.9687
1985,10,3,2,135,3.5168
1985,10,3,3,180,3.7447
1985,10,3,4,221,3.8862
1985,10,3,5,229,4.4548
1985,11,1,1,1499,4.2496
1985,11,1,2,790,6.1703
1985,11,1,3,694,5.8481
1985,11,1,4,617,6.5544
1985,11,1,5,598,7.8415
1985,11,2,1,178,5.5059
1985,11,2,2,183,7.4781
1985,11,2,3,220,6.4639
1985,11,2,4,231,7.6890
1985,11,2,5,261,9.7630
1985,11,3,1,98,8.6496
1985,11,3,2,153,7.8909
1985,11,3,3,203,8.2653
1985,11,3,4,234,7.1122
1985,11,3,5,238,7.3021
1985,12,1,1,1492,2.8182
1985,12,1,2,800,3.9567
1985,12,1,3,684,3.6708
1985,12,1,4,624,4.8587
1985,12,1,5,603,4.9840
1985,12,2,1,182,4.5867
1985,12,2,2,192,2.1758
1985,12,2,3,226,4.1390
1985,12,2,4,232,5.0926
1985,12,2,5,252,5.4924
1985,12,3,1,101,3.2057
1985,12,3,2,152,5.0597
1985,12,3,3,206,3.9296
1985,12,3,4,230,4.4319
1985,12,3,5,239,4.6602
1986,1,1,1,1343,2.5811
1986,1,1,2,663,1.8501
1986,1,1,3,578,1.1766
1986,1,1,4,533,2.1623
1986,1,1,5,514,4.4526
1986,1,2,1,170,-0.4632
1986,1,2,2,168,1.2095
1986,1,2,3,189,0.9870
1986,1,2,4,214,0.0673
1986,1,2,5,236,1.3304
1986,1,3,1,81,1.7564
1986,1,3,2,131,2.1217
1986,1,3,3,173,1.0678
1986,1,3,4,196,-1.5132
1986,1,3,5,210,-0.4550
1986,2,1,1,1423,4.8655
1986,2,1,2,745,6.0500
1986,2,1,3,677,5.6617
1986,2,1,4,606,5.6886
1986,2,1,5,554,7.2748
1986,2,2,1,187,6.7739
1986,2,2,2,184,4.7728
1986,2,2,3,207,7.5878
1986,2,2,4,225,8.2020
1986,2,2,5,246,7.1757
1986,2,3,1,95,7.9805
1986,2,3,2,152,8.4148
1986,2,3,3,191,8.6674
1986,2,3,4,214,7.3668
1986,2,3,5,207,7.0365
1986,3,1,1,1423,5.1473
1986,3,1,2,755,3.4579
1986,3,1,3,696,3.6031
1986,3,1,4,613,3.8329
1986,3,1,5,557,4.8705
1986,3,2,1,190,5.1548
1986,3,2,2,192,4.5063
1986,3,2,3,209,6.0278
1986,3,2,4,224,6.4804
1986,3,2,5,250,5.4983
1986,3,3,1,99,3.0711
1986,3,3,2,149,5.3284
1986,3,3,3,191,4.1376
1986,3,3,4,219,5.7625
1986,3,3,5,207,6.4115
1986,4,1,1,1328,1.6945
1986,4,1,2,657,1.0356
1986,4,1,3,617,0.9912
1986,4,1,4,520,1.5581
1986,4,1,5,504,2.7165
1986,4,2,1,172,0.8919
1986,4,2,2,162,1.2410
1986,4,2,3,182,0.2356
1986,4,2,4,195,0.9062
1986,4,2,5,233,3.0992
1986,4,3,1,82,-1.0984
1986,4,3,2,123,-1.6424
1986,4,3,3,165,0.7868
1986,4,3,4,194,0.2646
1986,4,3,5,196,0.3513
1986,5,1,1,1462,3.0499
1986,5,1,2,788,4.8861
1986,5,1,3,685,3.8801
1986,5,1,4,593,4.3765
1986,5,1,5,599,5.0452
1986,5,2,1,190,2.6768
1986,5,2,2,190,2.1092
1986,5,2,3,211,4.6837
1986,5,2,4,219,3.0330
1986,5,2,5,265,4.5614
1986,5,3,1,100,2.2270
1986,5,3,2,140,4.6308
1986,5,3,3,203,5.5598
1986,5,3,4,222,5.8106
1986,5,3,5,221,6.2565
1986,6,1,1,1473,-1.4611
1986,6,1,2,797,-0.9576
1986,6,1,3,697,0.0078
1986,6,1,4,606,0.7687
1986,6,1,5,604,2.3341
1986,6,2,1,196,-3.6897
1986,6,2,2,194,-1.9763
1986,6,2,3,214,-0.2658
1986,6,2,4,226,-0.1237
1986,6,2,5,271,0.2733
1986,6,3,1,97,-4.5580
1986,6,3,2,139,-0.8626
1986,6,3,3,202,0.8960
1986,6,3,4,228,2.6597
1986,6,3,5,232,1.2089
1986,7,1,1,1316,-9.6323
1986,7,1,2,667,-9.6998
1986,7,1,3,606,-8.0748
1986,7,1,4,523,-8.7001
1986,7,1,5,547,-9.8849
1986,7,2,1,182,-11.4656
1986,7,2,2,184,-9.6886
1986,7,2,3,191,-9.9594
1986,7,2,4,202,-9.7247
1986,7,2,5,271,-10.3385
1986,7,3,1,80,-11.4016
1986,7,3,2,123,-7.4562
1986,7,3,3,178,-6.0550
1986,7,3,4,208,-5.5338
1986,7,3,5,213,-7.1049
1986,8,1,1,1483,0.3273
1986,8,1,2,755,1.4301
1986,8,1,3,685,1.4941
1986,8,1,4,552,0.6722
1986,8,1,5,605,0.4898
1986,8,2,1,202,5.1550
1986,8,2,2,207,4.9307
1986,8,2,3,211,4.0443
1986,8,2,4,235,3.4291
1986,8,2,5,285,3.2714
1986,8,3,1,100,9.4484
1986,8,3,2,132,7.6812
1986,8,3,3,192,6.7143
1986,8,3,4,234,6.9612
1986,8,3,5,226,6.0904
1986,9,1,1,1483,-5.7090
1986,9,1,2,768,-5.0760
1986,9,1,3,701,-6.4612
1986,9,1,4,564,-6.0897
1986,9,1,5,622,-7.8740
1986,9,2,1,205,-5.1696
1986,9,2,2,208,-3.6693
1986,9,2,3,215,-6.2464
1986,9,2,4,237,-5.9353
1986,9,2,5,287,-7.6212
1986,9,3,1,99,-5.6707
1986,9,3,2,133,-5.0860
1986,9,3,3,199,-7.1926
1986,9,3,4,232,-7.4308
1986,9,3,5,232,-8.5026
1986,10,1,1,1386,1.1309
1986,10,1,2,689,2.7250
1986,10,1,3,573,3.6019
1986,10,1,4,493,3.0663
1986,10,1,5,553,3.8901
1986,10,2,1,183,2.2803
1986,10,2,2,190,3.0740
1986,10,2,3,201,3.6925
1986,10,2,4,205,5.1626
1986,10,2,5,277,5.4624
1986,10,3,1,83,4.9414
1986,10,3,2,111,7.2414
1986,10,3,3,177,5.4142
1986,10,3,4,208,6.9498
1986,10,3,5,222,5.6394
1986,11,1,1,1485,-0.4678
1986,11,1,2,812,0.2450
1986,11,1,3,658,-0.4253
1986,11,1,4,562,0.0297
1986,11,1,5,592,-0.1047
1986,11,2,1,206,-2.0045
1986,11,2,2,208,1.3914
1986,11,2,3,233,0.5137
1986,11,2,4,214,-0.1486
1986,11,2,5,288,1.9246
1986,11,3,1,97,1.6347
1986,11,3,2,132,1.3687
1986,11,3,3,199,3.4271
1986,11,3,4,230,3.0376
1986,11,3,5,235,2.7716
1986,12,1,1,1479,-4.4893
1986,12,1,2,820,-1.9971
1986,12,1,3,671,-3.2855
1986,12,1,4,563,-2.0038
1986,12,1,5,604,-2.7382
1986,12,2,1,207,-2.9172
1986,12,2,2,204,-2.3572
1986,12,2,3,233,-2.2708
1986,12,2,4,208,-2.3063
1986,12,2,5,286,-1.8290
1986,12,3,1,95,-3.2731
1986,12,3,2,133,-3.7482
1986,12,3,3,199,-2.7185
1986,12,3,4,230,-1.8393
1986,12,3,5,234,-2.5337
1987,1,1,1,1324,9.6647
1987,1,1,2,690,10.3943
1987,1,1,3,559,11.3593
1987,1,1,4,465,11.3254
1987,1,1,5,520,12.3695
1987,1,2,1,179,10.5659
1987,1,2,2,175,14.7834
1987,1,2,3,194,13.8137
1987,1,2,4,181,13.7258
1987,1,2,5,264,13.7143
1987,1,3,1,75,15.6191
1987,1,3,2,105,13.2581
1987,1,3,3,161,13.0258
1987,1,3,4,185,13.6670
1987,1,3,5,209,17.5134
1987,2,1,1,1427,8.5994
1987,2,1,2,802,7.5693
1987,2,1,3,645,8.0380
1987,2,1,4,548,8.3533
1987,2,1,5,572,10.1233
1987,2,2,1,195,7.7702
1987,2,2,2,184,7.1509
1987,2,2,3,202,8.5356
1987,2,2,4,202,7.8295
1987,2,2,5,269,10.2551
1987,2,3,1,87,8.1442
1987,2,3,2,129,5.8433
1987,2,3,3,173,5.1368
1987,2,3,4,209,4.3274
1987,2,3,5,211,5.7928
1987,3,1,1,1446,3.5522
1987,3,1,2,822,2.7664
1987,3,1,3,652,2.1171
1987,3,1,4,563,3.1399
1987,3,1,5,589,2.1064
1987,3,2,1,193,4.1059
1987,3,2,2,188,0.4096
1987,3,2,3,203,2.3167
1987,3,2,4,204,2.2212
1987,3,2,5,280,2.4062
1987,3,3,1,84,1.9502
1987,3,3,2,131,3.9611
1987,3,3,3,175,6.2215
1987,3,3,4,211,2.9348
1987,3,3,5,210,2.6370
1987,4,1,1,1322,-1.9864
1987,4,1,2,732,-2.8659
1987,4,1,3,552,-1.8348
1987,4,1,4,495,-3.1128
1987,4,1,5,531,-3.2068
1987,4,2,1,175,-0.6137
1987,4,2,2,164,-0.1067
1987,4,2,3,177,-3.1940
1987,4,2,4,177,-2.4868
1987,4,2,5,264,-3.9391
1987,4,3,1,72,-0.0710
1987,4,3,2,114,1.2645
1987,4,3,3,151,0.9207
1987,4,3,4,187,-0.5456
1987,4,3,5,199,-1.4658
1987,5,1,1,1482,1.2134
1987,5,1,2,831,0.5092
1987,5,1,3,611,1.1268
1987,5,1,4,578,-0.2940
1987,5,1,5,607,-0.5088
1987,5,2,1,203,1.0889
1987,5,2,2,188,0.6149
1987,5,2,3,200,0.5939
1987,5,2,4,195,-1.0916
1987,5,2,5,291,0.5689
1987,5,3,1,85,2.5500
1987,5,3,2,139,1.4795
1987,5,3,3,180,1.4557
1987,5,3,4,214,0.3747
1987,5,3,5,221,1.0896
1987,6,1,1,1500,1.2631
1987,6,1,2,858,2.5921
1987,6,1,3,630,2.7932
1987,6,1,4,595,3.1313
1987,6,1,5,626,1.9922
1987,6,2,1,203,2.1673
1987,6,2,2,189,2.3428
1987,6,2,3,205,2.8088
1987,6,2,4,199,3.7055
1987,6,2,5,288,3.5141
1987,6,3,1,86,4.6715
1987,6,3,2,141,4.2180
1987,6,3,3,180,3.9996
1987,6,3,4,218,5.5830
1987,6,3,5,226,4.9918
1987,7,1,1,1411,3.0662
1987,7,1,2,734,4.3164
1987,7,1,3,554,3.0757
1987,7,1,4,522,2.5686
1987,7,1,5,546,3.2384
1987,7,2,1,183,5.5012
1987,7,2,2,166,6.2717
1987,7,2,3,183,4.9927
1987,7,2,4,184,4.5751
1987,7,2,5,271,3.4685
1987,7,3,1,73,11.6413
1987,7,3,2,129,7.0034
1987,7,3,3,164,5.2364
1987,7,3,4,192,4.4811
1987,7,3,5,209,5.3929
1987,8,1,1,1571,0.0936
1987,8,1,2,843,1.4977
1987,8,1,3,636,2.5050
1987,8,1,4,590,3.3507
1987,8,1,5,614,3.4689
1987,8,2,1,202,1.0689
1987,8,2,2,185,3.0499
1987,8,2,3,211,4.5293
1987,8,2,4,206,4.4151
1987,8,2,5,293,4.1901
1987,8,3,1,88,2.0576
1987,8,3,2,151,1.3737
1987,8,3,3,191,3.5766
1987,8,3,4,220,4.1531
1987,8,3,5,232,5.5635
1987,9,1,1,1586,-1.2933
1987,9,1,2,846,-0.8134
1987,9,1,3,662,0.2656
1987,9,1,4,609,-0.7363
1987,9,1,5,629,-1.9829
1987,9,2,1,201,0.0347
1987,9,2,2,185,-0.9154
1987,9,2,3,206,-0.9985
1987,9,2,4,208,-1.9104
1987,9,2,5,279,-2.7723
1987,9,3,1,87,1.6612
1987,9,3,2,154,-2.3407
1987,9,3,3,194,-3.1650
1987,9,3,4,223,-2.1402
1987,9,3,5,233,-3.0310
1987,10,1,1,1514,-32.6745
1987,10,1,2,760,-30.2142
1987,10,1,3,581,-30.2794
1987,10,1,4,515,-31.2674
1987,10,1,5,569,-31.0993
1987,10,2,1,188,-35.4924
1987,10,2,2,176,-31.3292
1987,10,2,3,185,-29.8911
1987,10,2,4,186,-30.4130
1987,10,2,5,266,-30.5791
1987,10,3,1,73,-26.6080
1987,10,3,2,127,-24.4055
1987,10,3,3,168,-23.0296
1987,10,3,4,202,-21.1513
1987,10,3,5,223,-23.4616
1987,11,1,1,1641,-6.9077
1987,11,1,2,864,-4.9405
1987,11,1,3,671,-4.4165
1987,11,1,4,586,-4.5545
1987,11,1,5,610,-5.1325
1987,11,2,1,211,-3.6755
1987,11,2,2,200,-4.6876
1987,11,2,3,211,-5.2529
1987,11,2,4,228,-4.7023
1987,11,2,5,275,-6.6662
1987,11,3,1,79,-4.4254
1987,11,3,2,145,-7.0204
1987,11,3,3,200,-8.2058
1987,11,3,4,213,-8.7110
1987,11,3,5,232,-8.4890
1987,12,1,1,1639,1.6345
1987,12,1,2,870,6.0004
1987,12,1,3,677,6.0800
1987,12,1,4,593,4.9679
1987,12,1,5,615,8.1739
1987,12,2,1,216,6.3576
1987,12,2,2,201,10.2434
1987,12,2,3,223,12.1042
1987,12,2,4,233,12.7022
1987,12,2,5,270,15.1259
1987,12,3,1,81,6.8559
1987,12,3,2,141,8.9814
1987,12,3,3,198,8.7896
1987,12,3,4,210,7.8160
1987,12,3,5,226,9.8808
1988,1,1,1,1510,8.1034
1988,1,1,2,753,6.1411
1988,1,1,3,576,5.7678
1988,1,1,4,502,4.5297
1988,1,1,5,534,2.5965
1988,1,2,1,190,4.0709
1988,1,2,2,188,4.9794
1988,1,2,3,203,2.1132
1988,1,2,4,208,0.0048
1988,1,2,5,248,0.7090
1988,1,3,1,68,2.0691
1988,1,3,2,122,2.6228
1988,1,3,3,171,4.3085
1988,1,3,4,182,4.2001
1988,1,3,5,214,0.2732
1988,2,1,1,1583,5.9904
1988,2,1,2,890,8.6499
1988,2,1,3,645,8.4478
1988,2,1,4,619,9.0861
1988,2,1,5,585,9.3602
1988,2,2,1,198,10.0028
1988,2,2,2,218,9.2871
1988,2,2,3,225,10.8833
1988,2,2,4,229,12.2173
1988,2,2,5,255,10.9647
1988,2,3,1,80,9.3928
1988,2,3,2,143,7.7161
1988,2,3,3,184,5.9619
1988,2,3,4,196,4.7570
1988,2,3,5,216,5.9804
1988,3,1,1,1583,4.4343
1988,3,1,2,908,5.5930
1988,3,1,3,663,5.1459
1988,3,1,4,624,8.0941
1988,3,1,5,591,5.3428
1988,3,2,1,190,4.6896
1988,3,2,2,231,3.9915
1988,3,2,3,227,4.5069
1988,3,2,4,226,4.7973
1988,3,2,5,259,4.6253
1988,3,3,1,83,-0.5688
1988,3,3,2,142,-1.5812
1988,3,3,3,186,-2.0638
1988,3,3,4,197,-2.5071
1988,3,3,5,219,-3.3882
1988,4,1,1,1485,1.5218
1988,4,1,2,810,2.6756
1988,4,1,3,573,2.7082
1988,4,1,4,554,1.6447
1988,4,1,5,512,1.3296
1988,4,2,1,170,2.8730
1988,4,2,2,205,2.0372
1988,4,2,3,205,2.0377
1988,4,2,4,211,3.3211
1988,4,2,5,237,1.1960
1988,4,3,1,64,2.6526
1988,4,3,2,122,1.5082
1988,4,3,3,166,2.7823
1988,4,3,4,171,1.3449
1988,4,3,5,200,-0.0806
1988,5,1,1,1609,-3.7164
1988,5,1,2,934,-1.7740
1988,5,1,3,675,-1.5308
1988,5,1,4,635,-2.2828
1988,5,1,5,596,-2.4501
1988,5,2,1,195,-0.4749
1988,5,2,2,225,-1.3200
1988,5,2,3,242,-2.6947
1988,5,2,4,244,-1.7200
1988,5,2,5,261,-2.4444
1988,5,3,1,82,1.7949
1988,5,3,2,141,-0.9597
1988,5,3,3,186,-0.1121
1988,5,3,4,205,-0.2876
1988,5,3,5,224,-0.4086
1988,6,1,1,1595,4.2249
1988,6,1,2,933,7.1949
1988,6,1,3,679,7.0521
1988,6,1,4,649,8.1305
1988,6,1,5,604,7.1626
1988,6,2,1,196,6.3340
1988,6,2,2,221,8.7525
1988,6,2,3,244,8.4384
1988,6,2,4,240,8.1457
1988,6,2,5,268,9.0090
1988,6,3,1,80,4.0844
1988,6,3,2,147,4.9462
1988,6,3,3,181,3.0764
1988,6,3,4,206,5.4240
1988,6,3,5,227,6.5381
1988,7,1,1,1453,0.1569
1988,7,1,2,840,-0.9822
1988,7,1,3,585,-1.4796
1988,7,1,4,572,0.0506
1988,7,1,5,543,-0.3803
1988,7,2,1,169,-0.5970
1988,7,2,2,202,-0.0523
1988,7,2,3,229,-1.4972
1988,7,2,4,224,-2.2324
1988,7,2,5,240,-3.0976
1988,7,3,1,77,-0.0949
1988,7,3,2,130,-1.3701
1988,7,3,3,169,0.0555
1988,7,3,4,182,-1.1390
1988,7,3,5,201,-2.1266
1988,8,1,1,1632,-3.4018
1988,8,1,2,951,-2.4592
1988,8,1,3,681,-0.9328
1988,8,1,4,607,-2.4334
1988,8,1,5,596,-2.3718
1988,8,2,1,189,-2.5746
1988,8,2,2,242,-1.1684
1988,8,2,3,240,-3.6586
1988,8,2,4,241,-3.6552
1988,8,2,5,254,-4.6566
1988,8,3,1,85,-2.4368
1988,8,3,2,150,-3.5775
1988,8,3,3,196,-2.9593
1988,8,3,4,209,-4.0760
1988,8,3,5,221,-3.5270
1988,9,1,1,1627,1.0686
1988,9,1,2,943,2.2576
1988,9,1,3,704,3.6858
1988,9,1,4,605,3.6511
1988,9,1,5,607,3.2761
1988,9,2,1,197,2.1156
1988,9,2,2,232,3.0616
1988,9,2,3,238,3.6236
1988,9,2,4,244,2.9268
1988,9,2,5,257,2.6954
1988,9,3,1,86,2.9796
1988,9,3,2,157,2.0278
1988,9,3,3,199,3.8668
1988,9,3,4,205,3.5222
1988,9,3,5,221,4.6371
1988,10,1,1,1530,-3.4166
1988,10,1,2,785,-2.1223
1988,10,1,3,648,-0.9399
1988,10,1,4,512,-0.3794
1988,10,1,5,553,-0.6671
1988,10,2,1,180,-0.1195
1988,10,2,2,196,-0.0860
1988,10,2,3,220,-0.5827
1988,10,2,4,218,-1.5724
1988,10,2,5,238,-1.5892
1988,10,3,1,70,0.9486
1988,10,3,2,127,2.5565
1988,10,3,3,178,3.3025
1988,10,3,4,191,3.4425
1988,10,3,5,210,-0.1524
1988,11,1,1,1648,-5.7786
1988,11,1,2,872,-3.7431
1988,11,1,3,761,-4.0849
1988,11,1,4,584,-3.7911
1988,11,1,5,605,-2.8443
1988,11,2,1,206,-1.6689
1988,11,2,2,214,-2.9047
1988,11,2,3,252,-3.0456
1988,11,2,4,241,-3.0480
1988,11,2,5,254,-4.4930
1988,11,3,1,84,0.2501
1988,11,3,2,143,-1.3924
1988,11,3,3,194,-1.7591
1988,11,3,4,212,-1.3818
1988,11,3,5,223,-2.2416
1988,12,1,1,1642,2.3961
1988,12,1,2,850,4.7813
1988,12,1,3,759,4.5550
1988,12,1,4,589,3.4317
1988,12,1,5,604,4.0949
1988,12,2,1,200,6.3958
1988,12,2,2,208,4.2868
1988,12,2,3,245,4.8531
1988,12,2,4,238,5.8767
1988,12,2,5,249,5.2889
1988,12,3,1,82,1.8840
1988,12,3,2,141,3.3973
1988,12,3,3,187,2.3159
1988,12,3,4,216,1.9876
1988,12,3,5,218,3.4994
1989,1,1,1,1522,5.6929
1989,1,1,2,689,4.4149
1989,1,1,3,635,3.8826
1989,1,1,4,473,3.4624
1989,1,1,5,515,6.3595
1989,1,2,1,177,5.8236
1989,1,2,2,183,4.3186
1989,1,2,3,216,5.7819
1989,1,2,4,202,4.5780
1989,1,2,5,224,4.2293
1989,1,3,1,58,5.4240
1989,1,3,2,112,5.6483
1989,1,3,3,157,6.3582
1989,1,3,4,175,7.0841
1989,1,3,5,196,7.5548
1989,2,1,1,1572,0.4911
1989,2,1,2,826,1.3097
1989,2,1,3,733,0.3193
1989,2,1,4,550,0.2317
1989,2,1,5,589,-0.2205
1989,2,2,1,186,2.7436
1989,2,2,2,203,1.0084
1989,2,2,3,227,0.4336
1989,2,2,4,228,0.7140
1989,2,2,5,241,0.4463
1989,2,3,1,74,-1.1107
1989,2,3,2,126,-1.3780
1989,2,3,3,171,-2.5656
1989,2,3,4,184,-2.5782
1989,2,3,5,205,-2.2321
1989,3,1,1,1560,1.0785
1989,3,1,2,839,3.2611
1989,3,1,3,740,3.5643
1989,3,1,4,557,3.2400
1989,3,1,5,600,4.8426
1989,3,2,1,182,4.6045
1989,3,2,2,202,2.5782
1989,3,2,3,222,2.4300
1989,3,2,4,221,2.8938
1989,3,2,5,240,1.5882
1989,3,3,1,77,2.8174
1989,3,3,2,130,2.8571
1989,3,3,3,174,0.9052
1989,3,3,4,187,2.3341
1989,3,3,5,210,2.2079
1989,4,1,1,1433,2.1636
1989,4,1,2,718,3.0685
1989,4,1,3,647,2.3955
1989,4,1,4,495,2.8520
1989,4,1,5,531,4.5380
1989,4,2,1,164,5.6921
1989,4,2,2,179,4.4261
1989,4,2,3,200,4.6416
1989,4,2,4,192,4.8585
1989,4,2,5,233,6.9799
1989,4,3,1,67,5.6013
1989,4,3,2,114,4.3582
1989,4,3,3,151,4.2862
1989,4,3,4,173,5.4962
1989,4,3,5,189,5.5615
1989,5,1,1,1550,2.6315
1989,5,1,2,835,3.3388
1989,5,1,3,738,3.7340
1989,5,1,4,568,3.0538
1989,5,1,5,614,4.3884
1989,5,2,1,185,4.2443
1989,5,2,2,212,3.0028
1989,5,2,3,230,4.3339
1989,5,2,4,218,4.5943
1989,5,2,5,244,6.6130
1989,5,3,1,82,4.7431
1989,5,3,2,131,4.3649
1989,5,3,3,168,3.3855
1989,5,3,4,205,3.0052
1989,5,3,5,208,4.1972
1989,6,1,1,1550,-1.9143
1989,6,1,2,857,-1.7675
1989,6,1,3,732,-1.3766
1989,6,1,4,570,-1.5626
1989,6,1,5,638,-2.5903
1989,6,2,1,180,-3.2186
1989,6,2,2,217,-2.4328
1989,6,2,3,226,-2.4881
1989,6,2,4,227,-3.0873
1989,6,2,5,256,-4.5031
1989,6,3,1,83,0.7179
1989,6,3,2,133,-1.4717
1989,6,3,3,167,-0.7490
1989,6,3,4,209,-0.5787
1989,6,3,5,214,-2.5806
1989,7,1,1,1378,1.4771
1989,7,1,2,768,2.9603
1989,7,1,3,641,4.4604
1989,7,1,4,481,4.3577
1989,7,1,5,588,4.9380
1989,7,2,1,162,3.5243
1989,7,2,2,199,3.6421
1989,7,2,3,202,5.3136
1989,7,2,4,199,4.9617
1989,7,2,5,241,4.5924
1989,7,3,1,71,6.3477
1989,7,3,2,127,7.6229
1989,7,3,3,143,7.0294
1989,7,3,4,192,9.8599
1989,7,3,5,196,9.0837
1989,8,1,1,1523,1.3952
1989,8,1,2,850,0.5689
1989,8,1,3,731,1.9640
1989,8,1,4,566,1.4068
1989,8,1,5,654,2.1862
1989,8,2,1,183,2.2887
1989,8,2,2,220,2.9641
1989,8,2,3,231,3.1897
1989,8,2,4,224,2.9984
1989,8,2,5,260,3.2590
1989,8,3,1,80,1.7041
1989,8,3,2,139,3.9832
1989,8,3,3,172,2.1239
1989,8,3,4,209,1.1036
1989,8,3,5,212,2.4820
1989,9,1,1,1517,-0.1419
1989,9,1,2,863,-0.5549
1989,9,1,3,753,-0.4840
1989,9,1,4,566,0.0590
1989,9,1,5,670,0.6938
1989,9,2,1,185,-1.5099
1989,9,2,2,222,-0.5657
1989,9,2,3,233,0.7090
1989,9,2,4,220,1.6997
1989,9,2,5,256,2.1571
1989,9,3,1,78,0.4957
1989,9,3,2,140,-2.6416
1989,9,3,3,177,-0.9452
1989,9,3,4,209,-0.3083
1989,9,3,5,216,-0.4137
1989,10,1,1,1416,-6.2396
1989,10,1,2,773,-6.0510
1989,10,1,3,647,-6.1230
1989,10,1,4,484,-4.8273
1989,10,1,5,590,-5.2163
1989,10,2,1,167,-7.4027
1989,10,2,2,204,-7.1687
1989,10,2,3,218,-7.3715
1989,10,2,4,196,-4.8746
1989,10,2,5,238,-4.4315
1989,10,3,1,66,-5.0714
1989,10,3,2,123,-3.4452
1989,10,3,3,157,-2.1988
1989,10,3,4,190,-1.5494
1989,10,3,5,209,-1.7693
1989,11,1,1,1501,-1.1386
1989,11,1,2,886,-0.1720
1989,11,1,3,742,-0.3416
1989,11,1,4,560,-2.1028
1989,11,1,5,657,0.0972
1989,11,2,1,178,2.1832
1989,11,2,2,216,1.2049
1989,11,2,3,241,1.9606
1989,11,2,4,225,0.3081
1989,11,2,5,253,0.5735
1989,11,3,1,70,1.7288
1989,11,3,2,135,2.2828
1989,11,3,3,175,2.2620
1989,11,3,4,214,1.6980
1989,11,3,5,217,1.7914
1989,12,1,1,1484,-2.3856
1989,12,1,2,894,-0.2950
1989,12,1,3,740,0.3460
1989,12,1,4,580,0.3450
1989,12,1,5,646,0.9039
1989,12,2,1,180,-0.8146
1989,12,2,2,213,0.4300
1989,12,2,3,238,0.7548
1989,12,2,4,227,2.0910
1989,12,2,5,250,1.3465
1989,12,3,1,70,0.6601
1989,12,3,2,136,2.8257
1989,12,3,3,173,3.5728
1989,12,3,4,222,3.6656
1989,12,3,5,212,1.7462
1990,1,1,1,1327,-6.4486
1990,1,1,2,774,-7.0041
1990,1,1,3,605,-7.4634
1990,1,1,4,484,-7.8227
1990,1,1,5,572,-8.7156
1990,1,2,1,158,-8.6298
1990,1,2,2,184,-7.8037
1990,1,2,3,203,-7.9680
1990,1,2,4,205,-7.8855
1990,1,2,5,228,-10.0935
1990,1,3,1,56,-8.7165
1990,1,3,2,115,-5.6163
1990,1,3,3,154,-7.2930
1990,1,3,4,191,-6.2782
1990,1,3,5,190,-6.3540
1990,2,1,1,1411,0.1961
1990,2,1,2,844,3.5369
1990,2,1,3,680,2.3688
1990,2,1,4,589,2.0178
1990,2,1,5,642,3.0719
1990,2,2,1,164,2.4135
1990,2,2,2,206,1.6482
1990,2,2,3,231,3.3816
1990,2,2,4,231,3.6324
1990,2,2,5,240,4.9752
1990,2,3,1,70,2.0491
1990,2,3,2,138,2.1557
1990,2,3,3,166,1.8959
1990,2,3,4,206,1.1665
1990,2,3,5,197,0.8681
1990,3,1,1,1405,2.8860
1990,3,1,2,828,2.6847
1990,3,1,3,681,3.6527
1990,3,1,4,607,4.8882
1990,3,1,5,643,5.9535
1990,3,2,1,166,3.2057
1990,3,2,2,207,5.5671
1990,3,2,3,235,4.8056
1990,3,2,4,230,4.9211
1990,3,2,5,244,6.3475
1990,3,3,1,66,2.7012
1990,3,3,2,142,2.6796
1990,3,3,3,164,2.0536
1990,3,3,4,211,3.4432
1990,3,3,5,197,4.1556
1990,4,1,1,1308,-2.9714
1990,4,1,2,730,-3.0541
1990,4,1,3,584,-2.0743
1990,4,1,4,535,-2.5836
1990,4,1,5,574,-1.3242
1990,4,2,1,147,-4.9312
1990,4,2,2,184,-3.8413
1990,4,2,3,216,-2.7522
1990,4,2,4,210,-2.7686
1990,4,2,5,240,-2.1796
1990,4,3,1,57,-5.4767
1990,4,3,2,130,-3.8553
1990,4,3,3,142,-3.2269
1990,4,3,4,189,-1.0159
1990,4,3,5,183,-0.3630
1990,5,1,1,1453,4.3645
1990,5,1,2,808,5.0824
1990,5,1,3,697,5.9125
1990,5,1,4,619,6.5786
1990,5,1,5,646,9.8100
1990,5,2,1,170,5.8080
1990,5,2,2,211,7.9630
1990,5,2,3,253,9.2212
1990,5,2,4,248,8.8936
1990,5,2,5,289,10.7192
1990,5,3,1,74,9.0811
1990,5,3,2,144,8.0113
1990,5,3,3,168,8.3214
1990,5,3,4,227,8.8503
1990,5,3,5,203,11.8742
1990,6,1,1,1437,0.3975
1990,6,1,2,818,1.0328
1990,6,1,3,707,1.9583
1990,6,1,4,626,2.2711
1990,6,1,5,655,2.5087
1990,6,2,1,175,0.0939
1990,6,2,2,212,0.8065
1990,6,2,3,261,-0.2795
1990,6,2,4,264,0.1219
1990,6,2,5,293,-0.0214
1990,6,3,1,77,-2.7485
1990,6,3,2,145,-2.1917
1990,6,3,3,173,-0.9224
1990,6,3,4,230,0.6864
1990,6,3,5,212,0.2379
1990,7,1,1,1337,-4.8111
1990,7,1,2,677,-1.9094
1990,7,1,3,609,-3.6226
1990,7,1,4,524,-5.0546
1990,7,1,5,568,-5.9503
1990,7,2,1,166,-4.2176
1990,7,2,2,194,-3.3674
1990,7,2,3,228,-3.5692
1990,7,2,4,237,-2.3824
1990,7,2,5,271,-5.7168
1990,7,3,1,72,-2.2374
1990,7,3,2,136,-1.0955
1990,7,3,3,141,2.3347
1990,7,3,4,197,1.3940
1990,7,3,5,204,-1.5317
1990,8,1,1,1465,-14.6094
1990,8,1,2,760,-13.0770
1990,8,1,3,713,-13.0237
1990,8,1,4,613,-14.4629
1990,8,1,5,648,-15.9362
1990,8,2,1,182,-14.1099
1990,8,2,2,223,-12.1993
1990,8,2,3,267,-13.8619
1990,8,2,4,265,-13.3424
1990,8,2,5,309,-15.3081
1990,8,3,1,79,-9.1770
1990,8,3,2,145,-9.4932
1990,8,3,3,178,-6.8531
1990,8,3,4,215,-7.4321
1990,8,3,5,222,-9.9016
1990,9,1,1,1461,-9.7845
1990,9,1,2,754,-7.3831
1990,9,1,3,700,-8.3173
1990,9,1,4,617,-8.9765
1990,9,1,5,658,-11.1262
1990,9,2,1,187,-11.3824
1990,9,2,2,225,-8.7899
1990,9,2,3,271,-7.6123
1990,9,2,4,262,-7.9788
1990,9,2,5,312,-10.9714
1990,9,3,1,77,-7.2170
1990,9,3,2,146,-7.3654
1990,9,3,3,179,-3.9109
1990,9,3,4,217,-3.2764
1990,9,3,5,227,-5.0875
1990,10,1,1,1386,-8.9607
1990,10,1,2,650,-7.3020
1990,10,1,3,606,-6.4402
1990,10,1,4,511,-5.8887
1990,10,1,5,572,-4.4506
1990,10,2,1,175,-10.1263
1990,10,2,2,195,-7.9004
1990,10,2,3,248,-7.0981
1990,10,2,4,229,-5.3094
1990,10,2,5,291,-4.3749
1990,10,3,1,65,-5.1266
1990,10,3,2,127,-4.3612
1990,10,3,3,163,-0.5836
1990,10,3,4,197,0.1389
1990,10,3,5,214,0.1073
1990,11,1,1,1469,1.7062
1990,11,1,2,742,3.2263
1990,11,1,3,688,5.0632
1990,11,1,4,601,4.8711
1990,11,1,5,642,7.6379
1990,11,2,1,192,8.7908
1990,11,2,2,217,7.3862
1990,11,2,3,273,7.5726
1990,11,2,4,268,9.2080
1990,11,2,5,305,11.3943
1990,11,3,1,73,6.2405
1990,11,3,2,143,8.4314
1990,11,3,3,189,5.8486
1990,11,3,4,223,5.0905
1990,11,3,5,228,8.7407
1990,12,1,1,1481,-2.5946
1990,12,1,2,744,0.3568
1990,12,1,3,689,1.4263
1990,12,1,4,604,2.8943
1990,12,1,5,650,3.6823
1990,12,2,1,200,3.7565
1990,12,2,2,220,3.4280
1990,12,2,3,272,5.0505
1990,12,2,4,271,5.6583
1990,12,2,5,309,7.7638
1990,12,3,1,75,2.8689
1990,12,3,2,142,2.4960
1990,12,3,3,186,2.2566
1990,12,3,4,225,2.7196
1990,12,3,5,232,3.5340
1991,1,1,1,1350,8.3678
1991,1,1,2,616,9.1856
1991,1,1,3,554,9.7034
1991,1,1,4,507,9.5195
1991,1,1,5,565,12.3425
1991,1,2,1,174,4.4814
1991,1,2,2,195,7.7027
1991,1,2,3,218,7.7784
1991,1,2,4,235,8.9465
1991,1,2,5,277,13.8687
1991,1,3,1,59,3.3269
1991,1,3,2,119,5.3126
1991,1,3,3,159,3.5843
1991,1,3,4,187,3.6210
1991,1,3,5,207,6.8451
1991,2,1,1,1447,14.1321
1991,2,1,2,712,13.2590
1991,2,1,3,650,11.0065
1991,2,1,4,589,11.8694
1991,2,1,5,641,12.5726
1991,2,2,1,190,12.3065
1991,2,2,2,228,9.8329
1991,2,2,3,238,10.3677
1991,2,2,4,258,10.1478
1991,2,2,5,287,10.3632
1991,2,3,1,69,9.6529
1991,2,3,2,131,7.5480
1991,2,3,3,185,6.8174
1991,2,3,4,211,7.5899
1991,2,3,5,218,7.2147
1991,3,1,1,1448,7.9363
1991,3,1,2,720,6.4612
1991,3,1,3,658,7.2553
1991,3,1,4,599,8.0035
1991,3,1,5,638,11.1578
1991,3,2,1,198,4.8578
1991,3,2,2,232,4.2664
1991,3,2,3,240,5.9637
1991,3,2,4,268,7.9693
1991,3,2,5,290,6.6847
1991,3,3,1,69,1.0504
1991,3,3,2,132,0.4074
1991,3,3,3,188,2.7716
1991,3,3,4,213,3.4893
1991,3,3,5,218,2.0712
1991,4,1,1,1342,1.0359
1991,4,1,2,610,0.6756
1991,4,1,3,569,0.7269
1991,4,1,4,515,0.5153
1991,4,1,5,566,1.2097
1991,4,2,1,177,-0.1405
1991,4,2,2,216,0.3165
1991,4,2,3,200,-0.1911
1991,4,2,4,247,-0.9509
1991,4,2,5,275,0.0088
1991,4,3,1,56,-0.0591
1991,4,3,2,121,0.5930
1991,4,3,3,160,1.5204
1991,4,3,4,191,1.3362
1991,4,3,5,210,-1.4985
1991,5,1,1,1440,1.6296
1991,5,1,2,786,4.1093
1991,5,1,3,675,4.2260
1991,5,1,4,578,3.7575
1991,5,1,5,639,4.1978
1991,5,2,1,199,4.2904
1991,5,2,2,241,4.6902
1991,5,2,3,242,4.9474
1991,5,2,4,289,4.3528
1991,5,2,5,300,3.5121
1991,5,3,1,69,4.5239
1991,5,3,2,139,7.1578
1991,5,3,3,190,2.7114
1991,5,3,4,239,3.5785
1991,5,3,5,243,4.5601
1991,6,1,1,1445,-4.5996
1991,6,1,2,795,-2.6417
1991,6,1,3,678,-3.4475
1991,6,1,4,580,-4.5583
1991,6,1,5,636,-6.0365
1991,6,2,1,200,-3.8863
1991,6,2,2,248,-3.0328
1991,6,2,3,256,-3.1480
1991,6,2,4,283,-5.3159
1991,6,2,5,309,-6.9718
1991,6,3,1,65,-5.4863
1991,6,3,2,144,-7.0076
1991,6,3,3,188,-3.8765
1991,6,3,4,246,-3.4138
1991,6,3,5,243,-5.2422
1991,7,1,1,1302,1.3068
1991,7,1,2,692,2.0071
1991,7,1,3,578,3.2005
1991,7,1,4,473,3.3220
1991,7,1,5,566,4.6008
1991,7,2,1,187,2.8630
1991,7,2,2,222,4.0405
1991,7,2,3,228,2.9825
1991,7,2,4,247,4.7331
1991,7,2,5,276,4.7316
1991,7,3,1,59,3.5141
1991,7,3,2,125,3.4034
1991,7,3,3,163,4.0081
1991,7,3,4,221,5.1430
1991,7,3,5,230,6.1051
1991,8,1,1,1417,1.6887
1991,8,1,2,807,1.9117
1991,8,1,3,701,3.1220
1991,8,1,4,584,3.2370
1991,8,1,5,646,4.5140
1991,8,2,1,210,2.6643
1991,8,2,2,255,2.9790
1991,8,2,3,260,2.2315
1991,8,2,4,282,3.0735
1991,8,2,5,306,4.9027
1991,8,3,1,73,1.3397
1991,8,3,2,146,1.7926
1991,8,3,3,200,2.2271
1991,8,3,4,252,2.6410
1991,8,3,5,251,3.1212
1991,9,1,1,1414,1.3765
1991,9,1,2,797,-0.0122
1991,9,1,3,696,1.4679
1991,9,1,4,599,0.5688
1991,9,1,5,659,1.9425
1991,9,2,1,210,0.3853
1991,9,2,2,261,0.6138
1991,9,2,3,260,-0.4536
1991,9,2,4,289,-0.2489
1991,9,2,5,302,-0.9485
1991,9,3,1,73,-2.3623
1991,9,3,2,144,-2.6339
1991,9,3,3,205,-2.7487
1991,9,3,4,258,-1.9228
1991,9,3,5,262,-2.0644
1991,10,1,1,1323,1.9273
1991,10,1,2,702,2.6372
1991,10,1,3,581,4.2579
1991,10,1,4,512,2.2728
1991,10,1,5,604,5.4654
1991,10,2,1,193,0.5711
1991,10,2,2,232,0.9775
1991,10,2,3,240,0.6305
1991,10,2,4,253,0.6662
1991,10,2,5,288,3.4357
1991,10,3,1,59,0.4491
1991,10,3,2,136,-0.0356
1991,10,3,3,183,1.1284
1991,10,3,4,237,1.1268
1991,10,3,5,234,2.8673
1991,11,1,1,1400,-3.0627
1991,11,1,2,767,-1.6551
1991,11,1,3,699,-2.6230
1991,11,1,4,617,-3.7002
1991,11,1,5,686,-4.6959
1991,11,2,1,209,-6.5665
1991,11,2,2,249,-5.3761
1991,11,2,3,265,-6.4510
1991,11,2,4,275,-4.8015
1991,11,2,5,332,-5.7875
1991,11,3,1,67,-6.7191
1991,11,3,2,149,-7.1488
1991,11,3,3,222,-5.8173
1991,11,3,4,253,-3.3051
1991,11,3,5,245,-1.6377
1991,12,1,1,1389,0.7186
1991,12,1,2,777,3.2035
1991,12,1,3,699,4.1528
1991,12,1,4,626,6.1764
1991,12,1,5,697,7.5673
1991,12,2,1,206,6.3735
1991,12,2,2,243,6.4272
1991,12,2,3,268,6.7329
1991,12,2,4,289,9.7755
1991,12,2,5,331,12.7848
1991,12,3,1,66,8.0706
1991,12,3,2,152,8.5241
1991,12,3,3,222,9.6471
1991,12,3,4,252,10.7495
1991,12,3,5,252,14.3281
1992,1,1,1,1212,16.5110
1992,1,1,2,607,13.4705
1992,1,1,3,542,10.3057
1992,1,1,4,517,11.0445
1992,1,1,5,613,13.9504
1992,1,2,1,171,8.5657
1992,1,2,2,205,6.7279
1992,1,2,3,212,8.5998
1992,1,2,4,246,5.8854
1992,1,2,5,303,7.8985
1992,1,3,1,54,5.0164
1992,1,3,2,119,3.0433
1992,1,3,3,181,-0.3286
1992,1,3,4,203,-1.4008
1992,1,3,5,225,-2.9400
1992,2,1,1,1301,5.2818
1992,2,1,2,714,5.4225
1992,2,1,3,632,4.3689
1992,2,1,4,588,5.1780
1992,2,1,5,701,4.2725
1992,2,2,1,192,4.6605
1992,2,2,2,229,2.7082
1992,2,2,3,231,3.6845
1992,2,2,4,266,3.4315
1992,2,2,5,337,2.2955
1992,2,3,1,67,2.9499
1992,2,3,2,143,3.2637
1992,2,3,3,193,0.8097
1992,2,3,4,227,0.2506
1992,2,3,5,239,0.8746
1992,3,1,1,1289,-1.7758
1992,3,1,2,722,-1.5582
1992,3,1,3,622,-1.8219
1992,3,1,4,613,-2.9674
1992,3,1,5,701,-4.2964
1992,3,2,1,195,-4.2591
1992,3,2,2,232,-1.9732
1992,3,2,3,229,-3.2551
1992,3,2,4,269,-4.4946
1992,3,2,5,347,-6.4293
1992,3,3,1,68,-3.1872
1992,3,3,2,144,-1.3289
1992,3,3,3,202,-2.4783
1992,3,3,4,235,-1.7302
1992,3,3,5,247,-2.8421
1992,4,1,1,1155,-7.1136
1992,4,1,2,611,-4.2462
1992,4,1,3,559,-2.3752
1992,4,1,4,539,-4.0183
1992,4,1,5,625,-7.6101
1992,4,2,1,167,-4.6141
1992,4,2,2,201,-1.3754
1992,4,2,3,195,-3.4485
1992,4,2,4,259,-3.6201
1992,4,2,5,338,-4.8147
1992,4,3,1,63,1.9023
1992,4,3,2,128,3.7116
1992,4,3,3,169,5.2173
1992,4,3,4,205,3.1716
1992,4,3,5,235,-0.2158
1992,5,1,1,1286,-0.8561
1992,5,1,2,752,-0.5564
1992,5,1,3,656,0.0998
1992,5,1,4,613,0.8350
1992,5,1,5,701,-1.0120
1992,5,2,1,203,-0.3903
1992,5,2,2,224,-0.4981
1992,5,2,3,238,1.0832
1992,5,2,4,279,-0.2183
1992,5,2,5,358,0.6407
1992,5,3,1,76,-0.2814
1992,5,3,2,152,0.8963
1992,5,3,3,204,0.4855
1992,5,3,4,232,0.5701
1992,5,3,5,263,0.2865
1992,6,1,1,1260,-6.6858
1992,6,1,2,769,-4.7034
1992,6,1,3,671,-5.6310
1992,6,1,4,616,-5.3977
1992,6,1,5,708,-7.8241
1992,6,2,1,208,-4.0179
1992,6,2,2,225,-3.4424
1992,6,2,3,240,-5.7934
1992,6,2,4,280,-4.2967
1992,6,2,5,367,-5.0303
1992,6,3,1,80,-1.7586
1992,6,3,2,151,-3.2624
1992,6,3,3,203,-3.0286
1992,6,3,4,243,-1.8125
1992,6,3,5,264,-3.4549
1992,7,1,1,1106,0.5904
1992,7,1,2,662,1.0231
1992,7,1,3,559,1.9494
1992,7,1,4,517,2.5209
1992,7,1,5,631,1.4043
1992,7,2,1,189,3.0714
1992,7,2,2,199,3.3284
1992,7,2,3,217,3.9793
1992,7,2,4,256,3.7412
1992,7,2,5,328,2.6908
1992,7,3,1,70,2.8653
1992,7,3,2,140,2.6809
1992,7,3,3,175,4.2669
1992,7,3,4,223,4.4104
1992,7,3,5,244,4.7216
1992,8,1,1,1223,-4.4425
1992,8,1,2,758,-1.6257
1992,8,1,3,656,-2.2065
1992,8,1,4,625,-2.4063
1992,8,1,5,730,-3.1111
1992,8,2,1,209,-3.7477
1992,8,2,2,232,-2.9980
1992,8,2,3,246,-2.7164
1992,8,2,4,284,-2.1674
1992,8,2,5,355,-2.6206
1992,8,3,1,80,-4.2116
1992,8,3,2,165,-1.0285
1992,8,3,3,206,-0.6237
1992,8,3,4,245,-2.2172
1992,8,3,5,272,-1.3237
1992,9,1,1,1218,0.7181
1992,9,1,2,761,1.9919
1992,9,1,3,657,1.3850
1992,9,1,4,614,1.4405
1992,9,1,5,750,1.0951
1992,9,2,1,207,0.9520
1992,9,2,2,236,0.2362
1992,9,2,3,248,1.8757
1992,9,2,4,289,2.8200
1992,9,2,5,342,3.7573
1992,9,3,1,79,1.2479
1992,9,3,2,167,1.2075
1992,9,3,3,207,0.9891
1992,9,3,4,245,1.3459
1992,9,3,5,267,0.4496
1992,10,1,1,1133,0.1965
1992,10,1,2,667,2.6974
1992,10,1,3,540,3.2720
1992,10,1,4,543,2.7779
1992,10,1,5,665,3.6493
1992,10,2,1,192,-0.0018
1992,10,2,2,212,1.5784
1992,10,2,3,225,3.2415
1992,10,2,4,246,2.6453
1992,10,2,5,328,6.4950
1992,10,3,1,72,0.4860
1992,10,3,2,150,0.3115
1992,10,3,3,185,-0.8523
1992,10,3,4,221,0.7043
1992,10,3,5,252,2.0107
1992,11,1,1,1234,8.1732
1992,11,1,2,766,8.5978
1992,11,1,3,662,8.9035
1992,11,1,4,605,8.2641
1992,11,1,5,749,12.3407
1992,11,2,1,206,6.7007
1992,11,2,2,233,4.7917
1992,11,2,3,253,6.0881
1992,11,2,4,277,6.8119
1992,11,2,5,361,10.4164
1992,11,3,1,85,4.9485
1992,11,3,2,162,3.0807
1992,11,3,3,202,1.6428
1992,11,3,4,247,4.0965
1992,11,3,5,278,3.9063
1992,12,1,1,1253,3.0269
1992,12,1,2,774,3.6896
1992,12,1,3,657,3.1496
1992,12,1,4,613,2.9690
1992,12,1,5,750,3.1961
1992,12,2,1,211,0.9154
1992,12,2,2,245,3.1100
1992,12,2,3,254,3.2241
1992,12,2,4,274,3.9064
1992,12,2,5,363,2.9957
1992,12,3,1,89,2.5993
1992,12,3,2,162,1.1112
1992,12,3,3,204,1.7110
1992,12,3,4,248,-0.5630
1992,12,3,5,278,0.2155
1993,1,1,1,1135,6.4455
1993,1,1,2,630,7.4890
1993,1,1,3,541,4.9469
1993,1,1,4,499,4.2066
1993,1,1,5,668,4.7246
1993,1,2,1,190,2.8371
1993,1,2,2,213,2.8734
1993,1,2,3,216,2.9593
1993,1,2,4,226,1.1146
1993,1,2,5,336,1.3995
1993,1,3,1,77,6.6770
1993,1,3,2,138,1.4224
1993,1,3,3,168,0.3847
1993,1,3,4,201,-0.4347
1993,1,3,5,249,-1.8540
1993,2,1,1,1239,-2.4540
1993,2,1,2,714,-3.3523
1993,2,1,3,632,-2.6809
1993,2,1,4,590,-3.1125
1993,2,1,5,732,-4.2123
1993,2,2,1,195,-2.0008
1993,2,2,2,240,-0.8012
1993,2,2,3,243,-1.3960
1993,2,2,4,255,-1.5956
1993,2,2,5,350,-5.1862
1993,2,3,1,83,1.7973
1993,2,3,2,144,1.6736
1993,2,3,3,193,2.4659
1993,2,3,4,216,0.2705
1993,2,3,5,258,-1.8851
1993,3,1,1,1241,2.6957
1993,3,1,2,724,2.1087
1993,3,1,3,649,1.8475
1993,3,1,4,600,1.8584
1993,3,1,5,738,1.3933
1993,3,2,1,195,3.8371
1993,3,2,2,243,3.1526
1993,3,2,3,244,2.9193
1993,3,2,4,245,3.7473
1993,3,2,5,358,0.9889
1993,3,3,1,86,2.9769
1993,3,3,2,153,2.7408
1993,3,3,3,195,1.8225
1993,3,3,4,217,1.4999
1993,3,3,5,258,1.6255
1993,4,1,1,1146,-1.8972
1993,4,1,2,622,-3.2185
1993,4,1,3,553,-0.8221
1993,4,1,4,501,-3.6581
1993,4,1,5,649,-4.9829
1993,4,2,1,177,-2.2875
1993,4,2,2,220,-2.3479
1993,4,2,3,213,-1.9722
1993,4,2,4,211,-3.5432
1993,4,2,5,324,-5.7504
1993,4,3,1,76,-1.1873
1993,4,3,2,146,-1.7554
1993,4,3,3,163,-1.1106
1993,4,3,4,198,-5.7031
1993,4,3,5,247,-3.7010
1993,5,1,1,1274,6.0855
1993,5,1,2,756,4.5032
1993,5,1,3,661,4.1247
1993,5,1,4,620,3.5173
1993,5,1,5,747,4.9494
1993,5,2,1,197,6.7001
1993,5,2,2,245,4.5709
1993,5,2,3,243,5.0421
1993,5,2,4,258,5.8252
1993,5,2,5,362,8.0453
1993,5,3,1,91,5.6154
1993,5,3,2,158,3.1665
1993,5,3,3,197,2.9050
1993,5,3,4,244,3.0065
1993,5,3,5,277,4.9762
1993,6,1,1,1280,-0.2328
1993,6,1,2,759,1.2215
1993,6,1,3,691,-0.4854
1993,6,1,4,624,-1.0642
1993,6,1,5,755,-0.5088
1993,6,2,1,191,-0.4295
1993,6,2,2,251,-0.2204
1993,6,2,3,251,-0.4487
1993,6,2,4,270,-1.3759
1993,6,2,5,373,0.1262
1993,6,3,1,92,1.6996
1993,6,3,2,159,-1.7296
1993,6,3,3,197,-1.6117
1993,6,3,4,253,-0.8199
1993,6,3,5,286,-1.6050
1993,7,1,1,1175,-0.4208
1993,7,1,2,665,1.4613
1993,7,1,3,588,0.0147
1993,7,1,4,569,1.7795
1993,7,1,5,686,-0.4614
1993,7,2,1,177,1.1280
1993,7,2,2,231,1.3567
1993,7,2,3,224,0.0398
1993,7,2,4,242,-1.0288
1993,7,2,5,354,0.8497
1993,7,3,1,81,-0.7197
1993,7,3,2,149,0.0292
1993,7,3,3,180,-0.4711
1993,7,3,4,234,-1.0228
1993,7,3,5,259,-4.3000
1993,8,1,1,1306,2.7265
1993,8,1,2,773,4.1368
1993,8,1,3,695,3.8676
1993,8,1,4,686,3.4462
1993,8,1,5,779,6.0452
1993,8,2,1,194,4.9065
1993,8,2,2,250,4.5449
1993,8,2,3,258,4.3623
1993,8,2,4,281,4.7004
1993,8,2,5,382,5.1911
1993,8,3,1,100,5.8791
1993,8,3,2,175,4.7953
1993,8,3,3,205,3.4444
1993,8,3,4,268,3.6854
1993,8,3,5,283,4.7573
1993,9,1,1,1305,3.0762
1993,9,1,2,790,2.6472
1993,9,1,3,713,3.2359
1993,9,1,4,716,2.8742
1993,9,1,5,806,2.3497
1993,9,2,1,209,1.9958
1993,9,2,2,261,1.1464
1993,9,2,3,263,2.6625
1993,9,2,4,278,2.3939
1993,9,2,5,387,3.0057
1993,9,3,1,104,-0.7458
1993,9,3,2,179,-0.7403
1993,9,3,3,211,-1.2274
1993,9,3,4,272,-1.7453
1993,9,3,5,291,-0.0847
1993,10,1,1,1209,6.2568
1993,10,1,2,705,5.3823
1993,10,1,3,604,3.1046
1993,10,1,4,618,2.9894
1993,10,1,5,731,4.5980
1993,10,2,1,189,5.0962
1993,10,2,2,234,2.6193
1993,10,2,3,241,2.5343
1993,10,2,4,243,1.3494
1993,10,2,5,363,1.6700
1993,10,3,1,99,5.4061
1993,10,3,2,157,3.4669
1993,10,3,3,191,1.7321
1993,10,3,4,247,1.9663
1993,10,3,5,284,3.2044
1993,11,1,1,1318,-4.1367
1993,11,1,2,811,-0.5980
1993,11,1,3,731,-2.0184
1993,11,1,4,682,-2.1911
1993,11,1,5,838,-2.5464
1993,11,2,1,213,-1.4025
1993,11,2,2,249,-1.0421
1993,11,2,3,275,-2.4504
1993,11,2,4,265,-1.0621
1993,11,2,5,389,-3.3063
1993,11,3,1,112,-2.3540
1993,11,3,2,167,1.3346
1993,11,3,3,217,-0.9743
1993,11,3,4,273,-0.7994
1993,11,3,5,299,0.6191
1993,12,1,1,1333,-1.2601
1993,12,1,2,795,1.0451
1993,12,1,3,731,1.8394
1993,12,1,4,689,2.2940
1993,12,1,5,851,2.3319
1993,12,2,1,210,1.1651
1993,12,2,2,246,5.1696
1993,12,2,3,270,4.9208
1993,12,2,4,268,5.4813
1993,12,2,5,385,4.4377
1993,12,3,1,122,2.1987
1993,12,3,2,166,1.8419
1993,12,3,3,216,1.0018
1993,12,3,4,274,0.6664
1993,12,3,5,294,1.5702
1994,1,1,1,1202,4.1385
1994,1,1,2,664,6.1909
1994,1,1,3,630,5.0117
1994,1,1,4,588,4.9961
1994,1,1,5,758,5.2381
1994,1,2,1,196,2.4918
1994,1,2,2,206,2.5839
1994,1,2,3,221,1.7352
1994,1,2,4,218,2.9912
1994,1,2,5,346,2.4484
1994,1,3,1,101,1.0291
1994,1,3,2,138,3.8717
1994,1,3,3,185,4.6969
1994,1,3,4,222,3.7790
1994,1,3,5,273,1.5197
1994,2,1,1,1302,-1.5407
1994,2,1,2,762,-0.4738
1994,2,1,3,707,0.6995
1994,2,1,4,681,0.0489
1994,2,1,5,829,0.8115
1994,2,2,1,211,-2.2835
1994,2,2,2,226,-0.2927
1994,2,2,3,249,0.0012
1994,2,2,4,252,1.0939
1994,2,2,5,355,1.2416
1994,2,3,1,111,-3.4335
1994,2,3,2,167,-2.1755
1994,2,3,3,199,-1.8730
1994,2,3,4,230,-1.4066
1994,2,3,5,283,-0.7772
1994,3,1,1,1290,-4.9747
1994,3,1,2,772,-4.7254
1994,3,1,3,716,-4.5859
1994,3,1,4,669,-3.5613
1994,3,1,5,828,-6.1026
1994,3,2,1,220,-4.6653
1994,3,2,2,234,-4.9054
1994,3,2,3,256,-4.7579
1994,3,2,4,260,-5.2050
1994,3,2,5,366,-6.9113
1994,3,3,1,112,-6.4514
1994,3,3,2,168,-4.1473
1994,3,3,3,203,-3.7089
1994,3,3,4,231,-4.0198
1994,3,3,5,290,-4.4676
1994,4,1,1,1201,-2.8729
1994,4,1,2,657,-0.3676
1994,4,1,3,613,-1.8041
1994,4,1,4,567,-0.3439
1994,4,1,5,737,-0.1436
1994,4,2,1,205,-2.7778
1994,4,2,2,208,0.5072
1994,4,2,3,229,0.9605
1994,4,2,4,235,-0.0387
1994,4,2,5,337,-0.2529
1994,4,3,1,106,-1.7340
1994,4,3,2,151,0.1908
1994,4,3,3,183,1.1007
1994,4,3,4,204,1.6776
1994,4,3,5,273,0.5552
1994,5,1,1,1373,-1.5089
1994,5,1,2,761,-0.3097
1994,5,1,3,737,-0.5035
1994,5,1,4,675,-0.4037
1994,5,1,5,839,-1.5851
1994,5,2,1,234,-1.5315
1994,5,2,2,235,-1.8409
1994,5,2,3,273,-1.5425
1994,5,2,4,288,-2.2797
1994,5,2,5,372,-2.6069
1994,5,3,1,122,2.1615
1994,5,3,2,173,1.1884
1994,5,3,3,230,1.7754
1994,5,3,4,244,0.0246
1994,5,3,5,306,1.4933
1994,6,1,1,1398,-4.8254
1994,6,1,2,778,-3.1252
1994,6,1,3,738,-3.2426
1994,6,1,4,681,-4.1913
1994,6,1,5,841,-4.2582
1994,6,2,1,236,-4.2048
1994,6,2,2,242,-2.5865
1994,6,2,3,286,-1.9619
1994,6,2,4,290,-2.7366
1994,6,2,5,381,-4.3094
1994,6,3,1,120,-3.7277
1994,6,3,2,175,-2.2128
1994,6,3,3,235,-2.4783
1994,6,3,4,253,-2.0283
1994,6,3,5,311,-3.4110
1994,7,1,1,1294,1.6688
1994,7,1,2,674,0.7666
1994,7,1,3,621,1.7356
1994,7,1,4,595,1.2886
1994,7,1,5,760,1.9373
1994,7,2,1,224,2.5755
1994,7,2,2,217,2.2683
1994,7,2,3,261,2.7830
1994,7,2,4,260,1.3052
1994,7,2,5,356,1.8821
1994,7,3,1,101,4.2159
1994,7,3,2,176,4.8249
1994,7,3,3,214,3.0096
1994,7,3,4,230,3.0333
1994,7,3,5,288,2.8013
1994,8,1,1,1492,2.0031
1994,8,1,2,794,2.8310
1994,8,1,3,733,3.2253
1994,8,1,4,708,4.8115
1994,8,1,5,886,6.0787
1994,8,2,1,246,6.4783
1994,8,2,2,252,6.4647
1994,8,2,3,302,4.8186
1994,8,2,4,296,6.2807
1994,8,2,5,392,9.8591
1994,8,3,1,114,4.3745
1994,8,3,2,196,5.8854
1994,8,3,3,251,3.8850
1994,8,3,4,265,4.0645
1994,8,3,5,320,7.8145
1994,9,1,1,1495,1.3493
1994,9,1,2,804,0.4902
1994,9,1,3,762,0.4493
1994,9,1,4,729,2.1062
1994,9,1,5,902,4.0874
1994,9,2,1,255,-0.6556
1994,9,2,2,258,-1.5302
1994,9,2,3,312,0.0174
1994,9,2,4,289,-0.9485
1994,9,2,5,397,0.8412
1994,9,3,1,117,-1.7076
1994,9,3,2,197,-1.2978
1994,9,3,3,259,-1.2159
1994,9,3,4,271,-2.0829
1994,9,3,5,327,-0.3363
1994,10,1,1,1419,-0.8027
1994,10,1,2,689,-0.1613
1994,10,1,3,650,0.6503
1994,10,1,4,602,2.4895
1994,10,1,5,827,4.1145
1994,10,2,1,233,-2.7041
1994,10,2,2,231,-1.2022
1994,10,2,3,273,1.1979
1994,10,2,4,251,0.6848
1994,10,2,5,373,3.3257
1994,10,3,1,102,-0.2077
1994,10,3,2,174,0.5572
1994,10,3,3,237,3.1769
1994,10,3,4,242,2.0629
1994,10,3,5,302,4.2866
1994,11,1,1,1543,-5.2141
1994,11,1,2,850,-2.7010
1994,11,1,3,750,-3.2439
1994,11,1,4,715,-2.6923
1994,11,1,5,917,-1.6903
1994,11,2,1,261,-5.2368
1994,11,2,2,247,-4.6016
1994,11,2,3,305,-4.0154
1994,11,2,4,294,-4.0605
1994,11,2,5,414,-2.2603
1994,11,3,1,129,-5.7933
1994,11,3,2,193,-4.0979
1994,11,3,3,257,-4.7140
1994,11,3,4,273,-4.1817
1994,11,3,5,315,-1.0861
1994,12,1,1,1563,-3.0627
1994,12,1,2,854,-1.3555
1994,12,1,3,746,-0.0209
1994,12,1,4,728,-0.7885
1994,12,1,5,910,0.8521
1994,12,2,1,267,-1.4483
1994,12,2,2,252,2.1192
1994,12,2,3,306,1.5933
1994,12,2,4,288,3.2282
1994,12,2,5,409,3.6932
1994,12,3,1,134,0.0670
1994,12,3,2,193,-0.3888
1994,12,3,3,259,1.1020
1994,12,3,4,274,1.2792
1994,12,3,5,317,1.4741
1995,1,1,1,1416,0.8620
1995,1,1,2,716,1.8216
1995,1,1,3,593,1.7190
1995,1,1,4,586,1.9878
1995,1,1,5,798,1.5694
1995,1,2,1,247,-2.3367
1995,1,2,2,215,-1.7291
1995,1,2,3,256,-1.3849
1995,1,2,4,227,-3.6111
1995,1,2,5,369,-2.4288
1995,1,3,1,109,1.3786
1995,1,3,2,158,0.7430
1995,1,3,3,216,0.7883
1995,1,3,4,232,1.6544
1995,1,3,5,284,1.6224
1995,2,1,1,1524,0.8434
1995,2,1,2,840,2.2459
1995,2,1,3,704,3.4393
1995,2,1,4,701,2.7597
1995,2,1,5,853,4.0492
1995,2,2,1,258,1.8853
1995,2,2,2,244,4.7121
1995,2,2,3,294,3.1184
1995,2,2,4,261,2.4184
1995,2,2,5,381,5.4993
1995,2,3,1,123,3.7803
1995,2,3,2,180,4.1308
1995,2,3,3,235,3.6410
1995,2,3,4,250,3.8021
1995,2,3,5,296,4.5718
1995,3,1,1,1537,0.9633
1995,3,1,2,856,0.5544
1995,3,1,3,709,1.9309
1995,3,1,4,721,1.5035
1995,3,1,5,863,3.0837
1995,3,2,1,259,2.4187
1995,3,2,2,249,1.8861
1995,3,2,3,298,2.7289
1995,3,2,4,267,2.7744
1995,3,2,5,382,3.3745
1995,3,3,1,124,2.5760
1995,3,3,2,191,3.3883
1995,3,3,3,237,4.4904
1995,3,3,4,263,3.4842
1995,3,3,5,299,3.5426
1995,4,1,1,1404,2.0560
1995,4,1,2,746,3.6036
1995,4,1,3,594,2.0895
1995,4,1,4,634,2.3383
1995,4,1,5,748,4.4215
1995,4,2,1,241,0.9758
1995,4,2,2,213,3.3875
1995,4,2,3,265,1.4216
1995,4,2,4,251,2.4375
1995,4,2,5,360,2.2799
1995,4,3,1,118,0.7992
1995,4,3,2,178,1.1945
1995,4,3,3,202,1.7818
1995,4,3,4,224,2.7837
1995,4,3,5,286,4.5238
1995,5,1,1,1576,1.5657
1995,5,1,2,879,1.9275
1995,5,1,3,695,1.3477
1995,5,1,4,756,0.8285
1995,5,1,5,843,2.5699
1995,5,2,1,260,0.0730
1995,5,2,2,246,1.2633
1995,5,2,3,299,0.6546
1995,5,2,4,285,1.6663
1995,5,2,5,389,1.2253
1995,5,3,1,141,2.5058
1995,5,3,2,204,3.3505
1995,5,3,3,249,2.6207
1995,5,3,4,267,4.3281
1995,5,3,5,326,3.3188
1995,6,1,1,1572,6.3069
1995,6,1,2,901,4.2897
1995,6,1,3,719,4.0356
1995,6,1,4,757,4.9789
1995,6,1,5,848,8.4967
1995,6,2,1,266,6.0596
1995,6,2,2,253,4.0127
1995,6,2,3,303,3.8815
1995,6,2,4,300,4.2214
1995,6,2,5,402,9.1786
1995,6,3,1,140,3.9369
1995,6,3,2,214,2.3112
1995,6,3,3,251,1.8941
1995,6,3,4,283,2.0794
1995,6,3,5,328,6.2501
1995,7,1,1,1446,5.2470
1995,7,1,2,779,4.7062
1995,7,1,3,623,4.6463
1995,7,1,4,651,4.1451
1995,7,1,5,738,10.2105
1995,7,2,1,255,4.0612
1995,7,2,2,247,4.1883
1995,7,2,3,260,5.0281
1995,7,2,4,272,6.6816
1995,7,2,5,382,10.0671
1995,7,3,1,127,5.3192
1995,7,3,2,192,3.7114
1995,7,3,3,224,2.6555
1995,7,3,4,253,2.1538
1995,7,3,5,318,4.6219
1995,8,1,1,1628,3.6333
1995,8,1,2,879,2.2697
1995,8,1,3,756,3.7686
1995,8,1,4,743,2.5014
1995,8,1,5,844,2.7860
1995,8,2,1,296,0.5230
1995,8,2,2,271,0.9886
1995,8,2,3,294,0.9491
1995,8,2,4,308,0.7311
1995,8,2,5,433,0.5902
1995,8,3,1,141,0.4748
1995,8,3,2,213,-0.3616
1995,8,3,3,257,-0.5744
1995,8,3,4,291,0.0314
1995,8,3,5,346,0.0074
1995,9,1,1,1635,2.4059
1995,9,1,2,905,0.7220
1995,9,1,3,777,1.7290
1995,9,1,4,743,1.3220
1995,9,1,5,851,2.9757
1995,9,2,1,307,0.5991
1995,9,2,2,282,0.8486
1995,9,2,3,293,1.2090
1995,9,2,4,318,2.1110
1995,9,2,5,445,1.9557
1995,9,3,1,142,1.0364
1995,9,3,2,221,0.2047
1995,9,3,3,264,3.2042
1995,9,3,4,299,4.3934
1995,9,3,5,353,3.6775
1995,10,1,1,1526,-7.5288
1995,10,1,2,782,-5.9160
1995,10,1,3,634,-5.0929
1995,10,1,4,613,-5.0526
1995,10,1,5,763,-5.3230
1995,10,2,1,284,-9.4480
1995,10,2,2,263,-6.9804
1995,10,2,3,262,-6.8449
1995,10,2,4,280,-5.2018
1995,10,2,5,439,-5.7139
1995,10,3,1,121,-4.8902
1995,10,3,2,191,-3.3167
1995,10,3,3,239,-0.8884
1995,10,3,4,281,0.1196
1995,10,3,5,332,1.5256
1995,11,1,1,1607,0.7725
1995,11,1,2,910,0.3529
1995,11,1,3,772,1.9956
1995,11,1,4,676,2.0667
1995,11,1,5,838,2.3160
1995,11,2,1,306,4.2956
1995,11,2,2,281,5.0259
1995,11,2,3,299,7.0645
1995,11,2,4,308,5.2468
1995,11,2,5,472,3.4309
1995,11,3,1,140,5.8224
1995,11,3,2,215,5.1852
1995,11,3,3,263,5.2704
1995,11,3,4,308,5.3919
1995,11,3,5,356,1.2717
1995,12,1,1,1606,-0.7232
1995,12,1,2,921,0.7777
1995,12,1,3,779,0.4624
1995,12,1,4,676,1.7187
1995,12,1,5,811,0.0114
1995,12,2,1,310,0.2801
1995,12,2,2,291,3.7502
1995,12,2,3,299,2.9383
1995,12,2,4,303,1.8596
1995,12,2,5,462,0.7564
1995,12,3,1,144,0.4186
1995,12,3,2,210,1.6928
1995,12,3,3,264,2.6895
1995,12,3,4,307,2.0286
1995,12,3,5,356,-1.1258
1996,1,1,1,1419,1.6317
1996,1,1,2,770,0.7730
1996,1,1,3,654,0.7193
1996,1,1,4,529,0.4054
1996,1,1,5,699,-0.9729
1996,1,2,1,283,-0.1390
1996,1,2,2,250,-1.4221
1996,1,2,3,260,0.2161
1996,1,2,4,245,0.4782
1996,1,2,5,431,-1.7113
1996,1,3,1,121,1.5181
1996,1,3,2,171,1.5838
1996,1,3,3,225,1.6320
1996,1,3,4,241,4.2243
1996,1,3,5,318,2.7034
1996,2,1,1,1569,4.0712
1996,2,1,2,852,2.3051
1996,2,1,3,745,2.7860
1996,2,1,4,615,2.9504
1996,2,1,5,790,4.5680
1996,2,2,1,300,3.6820
1996,2,2,2,267,2.1707
1996,2,2,3,279,3.5025
1996,2,2,4,271,4.5951
1996,2,2,5,449,6.7190
1996,2,3,1,130,2.7848
1996,2,3,2,197,2.1608
1996,2,3,3,256,1.1491
1996,2,3,4,257,1.8707
1996,2,3,5,342,2.6288
1996,3,1,1,1555,3.3398
1996,3,1,2,857,4.8270
1996,3,1,3,732,3.7952
1996,3,1,4,630,4.6269
1996,3,1,5,795,2.5145
1996,3,2,1,304,1.8659
1996,3,2,2,275,4.2932
1996,3,2,3,273,3.8579
1996,3,2,4,271,2.6141
1996,3,2,5,440,2.3626
1996,3,3,1,134,3.6727
1996,3,3,2,204,3.7403
1996,3,3,3,259,3.8687
1996,3,3,4,264,0.1658
1996,3,3,5,343,-0.7525
1996,4,1,1,1451,8.6058
1996,4,1,2,748,7.7950
1996,4,1,3,636,7.2675
1996,4,1,4,520,9.2498
1996,4,1,5,685,12.3356
1996,4,2,1,270,6.4233
1996,4,2,2,244,5.5617
1996,4,2,3,243,6.6660
1996,4,2,4,243,6.8551
1996,4,2,5,419,10.5796
1996,4,3,1,120,3.3992
1996,4,3,2,186,2.0852
1996,4,3,3,229,2.3577
1996,4,3,4,232,0.8023
1996,4,3,5,318,4.9075
1996,5,1,1,1629,10.1507
1996,5,1,2,869,6.8083
1996,5,1,3,746,7.9757
1996,5,1,4,658,9.8444
1996,5,1,5,801,10.5580
1996,5,2,1,296,5.7411
1996,5,2,2,270,4.2372
1996,5,2,3,289,2.3106
1996,5,2,4,303,5.8958
1996,5,2,5,471,5.0888
1996,5,3,1,132,2.7521
1996,5,3,2,215,2.2545
1996,5,3,3,272,1.9317
1996,5,3,4,281,2.3377
1996,5,3,5,368,4.1920
1996,6,1,1,1631,-6.7512
1996,6,1,2,894,-4.0448
1996,6,1,3,769,-4.0149
1996,6,1,4,671,-4.9934
1996,6,1,5,803,-8.2530
1996,6,2,1,303,-5.1126
1996,6,2,2,284,-0.9433
1996,6,2,3,290,-2.9832
1996,6,2,4,309,-4.5493
1996,6,2,5,480,-6.7356
1996,6,3,1,138,-4.2981
1996,6,3,2,224,-1.6549
1996,6,3,3,282,-0.3502
1996,6,3,4,287,0.7099
1996,6,3,5,378,-0.9908
1996,7,1,1,1510,-11.0569
1996,7,1,2,745,-7.2687
1996,7,1,3,665,-7.6146
1996,7,1,4,575,-10.3828
1996,7,1,5,714,-11.7709
1996,7,2,1,292,-11.6180
1996,7,2,2,263,-8.4452
1996,7,2,3,274,-7.9095
1996,7,2,4,276,-8.0746
1996,7,2,5,444,-11.9108
1996,7,3,1,122,-8.6584
1996,7,3,2,209,-5.7073
1996,7,3,3,255,-5.6442
1996,7,3,4,262,-4.2596
1996,7,3,5,355,-4.5515
1996,8,1,1,1697,2.8575
1996,8,1,2,886,4.4981
1996,8,1,3,807,4.7678
1996,8,1,4,677,5.0772
1996,8,1,5,840,4.9396
1996,8,2,1,330,5.5710
1996,8,2,2,304,6.1757
1996,8,2,3,316,5.0735
1996,8,2,4,336,5.6127
1996,8,2,5,497,7.2371
1996,8,3,1,138,3.2828
1996,8,3,2,249,4.0514
1996,8,3,3,313,3.6119
1996,8,3,4,314,0.9061
1996,8,3,5,381,3.1702
1996,9,1,1,1687,1.2126
1996,9,1,2,910,2.8145
1996,9,1,3,810,3.2833
1996,9,1,4,721,1.8724
1996,9,1,5,851,4.1463
1996,9,2,1,325,2.7100
1996,9,2,2,307,3.5783
1996,9,2,3,318,2.4324
1996,9,2,4,343,3.9293
1996,9,2,5,505,6.6291
1996,9,3,1,139,4.1817
1996,9,3,2,253,4.6098
1996,9,3,3,317,3.8037
1996,9,3,4,330,4.8677
1996,9,3,5,388,8.6356
1996,10,1,1,1561,-4.8413
1996,10,1,2,802,-0.9577
1996,10,1,3,664,-0.5297
1996,10,1,4,621,-0.3994
1996,10,1,5,724,-3.1756
1996,10,2,1,313,-3.6254
1996,10,2,2,267,-1.7166
1996,10,2,3,282,-1.3447
1996,10,2,4,324,-1.0401
1996,10,2,5,473,-3.3150
1996,10,3,1,129,-1.3291
1996,10,3,2,225,1.0480
1996,10,3,3,282,2.1524
1996,10,3,4,296,1.2228
1996,10,3,5,367,0.5631
1996,11,1,1,1713,0.8882
1996,11,1,2,920,2.4866
1996,11,1,3,777,3.0765
1996,11,1,4,721,3.5431
1996,11,1,5,812,3.6800
1996,11,2,1,342,0.9033
1996,11,2,2,298,2.6775
1996,11,2,3,327,3.7551
1996,11,2,4,358,3.6314
1996,11,2,5,502,4.7385
1996,11,3,1,150,5.2615
1996,11,3,2,249,4.3873
1996,11,3,3,308,5.0054
1996,11,3,4,321,7.0026
1996,11,3,5,380,9.3777
1996,12,1,1,1712,-2.0662
1996,12,1,2,909,1.5921
1996,12,1,3,780,1.8527
1996,12,1,4,725,2.7537
1996,12,1,5,828,2.8847
1996,12,2,1,346,-1.9848
1996,12,2,2,299,1.5027
1996,12,2,3,325,1.5955
1996,12,2,4,362,2.9682
1996,12,2,5,492,2.4573
1996,12,3,1,157,-3.0078
1996,12,3,2,251,-2.1421
1996,12,3,3,300,-0.5936
1996,12,3,4,323,-1.0965
1996,12,3,5,381,-1.7468
1997,1,1,1,1544,5.9447
1997,1,1,2,740,4.4792
1997,1,1,3,653,4.8804
1997,1,1,4,578,5.5000
1997,1,1,5,715,5.2893
1997,1,2,1,307,1.1496
1997,1,2,2,248,1.5224
1997,1,2,3,267,2.8080
1997,1,2,4,300,2.8532
1997,1,2,5,437,4.4913
1997,1,3,1,137,3.7199
1997,1,3,2,205,2.8141
1997,1,3,3,247,4.0082
1997,1,3,4,265,4.4987
1997,1,3,5,341,9.8777
1997,2,1,1,1754,-2.7570
1997,2,1,2,844,-1.6956
1997,2,1,3,761,-2.4907
1997,2,1,4,673,-2.9962
1997,2,1,5,826,-5.4215
1997,2,2,1,332,-2.7197
1997,2,2,2,281,-0.9909
1997,2,2,3,303,-3.1255
1997,2,2,4,338,-4.3898
1997,2,2,5,478,-7.5372
1997,2,3,1,152,-0.4053
1997,2,3,2,227,1.4075
1997,2,3,3,284,-0.0509
1997,2,3,4,292,0.7941
1997,2,3,5,371,-2.4174
1997,3,1,1,1749,-7.0826
1997,3,1,2,854,-3.4407
1997,3,1,3,765,-3.9520
1997,3,1,4,690,-4.5387
1997,3,1,5,850,-6.5815
1997,3,2,1,331,-5.6755
1997,3,2,2,288,-2.8292
1997,3,2,3,316,-3.3180
1997,3,2,4,349,-3.7896
1997,3,2,5,466,-7.6860
1997,3,3,1,162,-2.2365
1997,3,3,2,234,-2.9159
1997,3,3,3,288,0.5924
1997,3,3,4,301,-3.2477
1997,3,3,5,377,-6.0570
1997,4,1,1,1614,-4.7344
1997,4,1,2,696,-3.1668
1997,4,1,3,646,-3.2594
1997,4,1,4,598,-3.3848
1997,4,1,5,779,-4.1679
1997,4,2,1,299,-0.6445
1997,4,2,2,259,-0.4029
1997,4,2,3,279,1.7162
1997,4,2,4,310,1.2598
1997,4,2,5,434,-1.1089
1997,4,3,1,143,3.0059
1997,4,3,2,206,2.0765
1997,4,3,3,241,2.1881
1997,4,3,4,267,5.0400
1997,4,3,5,340,7.7855
1997,5,1,1,1804,8.6580
1997,5,1,2,853,9.5145
1997,5,1,3,794,10.5913
1997,5,1,4,732,12.7008
1997,5,1,5,898,14.9921
1997,5,2,1,331,13.6429
1997,5,2,2,296,13.6716
1997,5,2,3,330,13.5800
1997,5,2,4,367,13.4341
1997,5,2,5,466,16.8971
1997,5,3,1,160,7.0511
1997,5,3,2,238,7.5956
1997,5,3,3,277,7.0298
1997,5,3,4,324,6.5754
1997,5,3,5,386,7.2492
1997,6,1,1,1822,2.7736
1997,6,1,2,872,4.3597
1997,6,1,3,806,5.5454
1997,6,1,4,746,4.8212
1997,6,1,5,904,4.8500
1997,6,2,1,332,4.5779
1997,6,2,2,308,5.9793
1997,6,2,3,349,5.9077
1997,6,2,4,369,5.1948
1997,6,2,5,474,5.4179
1997,6,3,1,169,3.4319
1997,6,3,2,241,5.0062
1997,6,3,3,286,3.9173
1997,6,3,4,337,3.3464
1997,6,3,5,398,4.6088
1997,7,1,1,1689,4.3021
1997,7,1,2,752,5.9889
1997,7,1,3,668,6.4106
1997,7,1,4,627,5.1477
1997,7,1,5,770,7.5534
1997,7,2,1,296,4.0073
1997,7,2,2,273,6.2834
1997,7,2,3,299,5.1300
1997,7,2,4,318,6.1567
1997,7,2,5,428,7.4819
1997,7,3,1,158,6.3902
1997,7,3,2,227,8.2950
1997,7,3,3,261,7.6292
1997,7,3,4,302,7.4950
1997,7,3,5,361,8.8837
1997,8,1,1,1927,4.2862
1997,8,1,2,892,4.0041
1997,8,1,3,802,4.8804
1997,8,1,4,754,4.4698
1997,8,1,5,873,7.8667
1997,8,2,1,323,2.7531
1997,8,2,2,313,3.6257
1997,8,2,3,343,3.1087
1997,8,2,4,372,3.6793
1997,8,2,5,468,4.3470
1997,8,3,1,184,-1.4653
1997,8,3,2,255,-2.7873
1997,8,3,3,311,-3.3709
1997,8,3,4,350,-5.6118
1997,8,3,5,400,-4.5818
1997,9,1,1,1924,8.9237
1997,9,1,2,908,8.1564
1997,9,1,3,809,7.7938
1997,9,1,4,774,9.4361
1997,9,1,5,883,9.0785
1997,9,2,1,313,7.9487
1997,9,2,2,307,7.3802
1997,9,2,3,341,7.3600
1997,9,2,4,374,6.5336
1997,9,2,5,468,6.8369
1997,9,3,1,183,7.6457
1997,9,3,2,264,4.2692
1997,9,3,3,317,5.4310
1997,9,3,4,354,4.0298
1997,9,3,5,405,3.8035
1997,10,1,1,1803,-3.6100
1997,10,1,2,771,-3.4359
1997,10,1,3,665,-2.7014
1997,10,1,4,662,-4.2318
1997,10,1,5,765,-5.8748
1997,10,2,1,289,-6.4497
1997,10,2,2,268,-4.8979
1997,10,2,3,309,-3.6317
1997,10,2,4,330,-5.2886
1997,10,2,5,413,-6.9875
1997,10,3,1,167,-3.0902
1997,10,3,2,234,-5.4364
1997,10,3,3,280,-3.3941
1997,10,3,4,333,-3.4953
1997,10,3,5,377,-4.4422
1997,11,1,1,1931,-4.9822
1997,11,1,2,929,-2.0949
1997,11,1,3,799,-1.4338
1997,11,1,4,786,-1.3061
1997,11,1,5,844,-1.2317
1997,11,2,1,313,-3.1764
1997,11,2,2,306,-0.6674
1997,11,2,3,351,-1.8824
1997,11,2,4,368,-1.4900
1997,11,2,5,446,-3.7121
1997,11,3,1,186,2.4318
1997,11,3,2,257,3.2074
1997,11,3,3,299,1.9546
1997,11,3,4,369,4.4535
1997,11,3,5,402,3.3371
1997,12,1,1,1944,-5.7536
1997,12,1,2,933,-1.3907
1997,12,1,3,795,-2.9910
1997,12,1,4,772,-2.7803
1997,12,1,5,829,-4.3700
1997,12,2,1,321,1.1184
1997,12,2,2,297,-1.4058
1997,12,2,3,350,0.0454
1997,12,2,4,365,-0.9586
1997,12,2,5,442,-0.0038
1997,12,3,1,194,0.9084
1997,12,3,2,260,1.7050
1997,12,3,3,300,1.2501
1997,12,3,4,363,1.4044
1997,12,3,5,394,-0.9768
1998,1,1,1,1745,0.8596
1998,1,1,2,760,-0.2704
1998,1,1,3,650,-1.7439
1998,1,1,4,633,-1.1099
1998,1,1,5,713,0.1770
1998,1,2,1,291,-0.0903
1998,1,2,2,240,-0.3078
1998,1,2,3,283,-1.8913
1998,1,2,4,302,-1.4395
1998,1,2,5,390,-1.0617
1998,1,3,1,159,1.7933
1998,1,3,2,217,-1.1237
1998,1,3,3,252,-0.2985
1998,1,3,4,285,-0.3903
1998,1,3,5,346,4.7063
1998,2,1,1,1871,6.8115
1998,2,1,2,883,6.7850
1998,2,1,3,759,7.2293
1998,2,1,4,743,6.0224
1998,2,1,5,787,5.4228
1998,2,2,1,315,9.4583
1998,2,2,2,279,8.4697
1998,2,2,3,317,7.7606
1998,2,2,4,336,9.0217
1998,2,2,5,422,9.4897
1998,2,3,1,172,8.0464
1998,2,3,2,237,8.4290
1998,2,3,3,279,7.3992
1998,2,3,4,306,7.5836
1998,2,3,5,359,7.7808
1998,3,1,1,1855,5.8389
1998,3,1,2,876,5.1709
1998,3,1,3,750,5.0079
1998,3,1,4,752,5.0736
1998,3,1,5,792,3.5014
1998,3,2,1,319,5.8647
1998,3,2,2,280,3.3628
1998,3,2,3,319,4.2989
1998,3,2,4,347,4.1179
1998,3,2,5,424,3.8639
1998,3,3,1,174,6.5796
1998,3,3,2,244,6.0582
1998,3,3,3,280,5.5642
1998,3,3,4,309,4.5004
1998,3,3,5,370,2.3990
1998,4,1,1,1694,2.8978
1998,4,1,2,728,3.2171
1998,4,1,3,624,2.8351
1998,4,1,4,644,2.7737
1998,4,1,5,700,2.0278
1998,4,2,1,289,1.3135
1998,4,2,2,238,1.4709
1998,4,2,3,291,0.9712
1998,4,2,4,298,0.2201
1998,4,2,5,388,0.4831
1998,4,3,1,161,2.1858
1998,4,3,2,203,0.3705
1998,4,3,3,234,0.3555
1998,4,3,4,269,1.9574
1998,4,3,5,344,2.1216
1998,5,1,1,1886,-6.6377
1998,5,1,2,854,-3.9334
1998,5,1,3,758,-5.5087
1998,5,1,4,771,-4.7105
1998,5,1,5,801,-6.8062
1998,5,2,1,316,-6.7571
1998,5,2,2,278,-5.1823
1998,5,2,3,338,-5.1996
1998,5,2,4,352,-6.3950
1998,5,2,5,438,-8.0236
1998,5,3,1,191,-1.4661
1998,5,3,2,233,-0.3358
1998,5,3,3,291,-1.3365
1998,5,3,4,335,-0.8360
1998,5,3,5,387,-3.7736
1998,6,1,1,1875,-3.9995
1998,6,1,2,858,-2.1571
1998,6,1,3,769,-2.4881
1998,6,1,4,785,-2.4750
1998,6,1,5,810,-2.0261
1998,6,2,1,317,3.7898
1998,6,2,2,288,-1.1483
1998,6,2,3,336,-1.7306
1998,6,2,4,354,-1.5280
1998,6,2,5,443,-0.8354
1998,6,3,1,187,3.2738
1998,6,3,2,240,1.2779
1998,6,3,3,289,1.5187
1998,6,3,4,341,0.7861
1998,6,3,5,392,7.8870
1998,7,1,1,1705,-7.8286
1998,7,1,2,687,-6.7006
1998,7,1,3,638,-7.4881
1998,7,1,4,656,-6.6237
1998,7,1,5,724,-7.7172
1998,7,2,1,279,-9.6076
1998,7,2,2,264,-8.8469
1998,7,2,3,290,-8.8644
1998,7,2,4,314,-8.6680
1998,7,2,5,431,-8.0233
1998,7,3,1,177,-1.4053
1998,7,3,2,221,-5.2977
1998,7,3,3,258,-2.9333
1998,7,3,4,304,-1.9407
1998,7,3,5,373,0.1943
1998,8,1,1,1860,-23.3528
1998,8,1,2,851,-18.8231
1998,8,1,3,785,-19.2210
1998,8,1,4,781,-20.6319
1998,8,1,5,842,-22.8778
1998,8,2,1,319,-25.0567
1998,8,2,2,321,-18.7195
1998,8,2,3,327,-19.3554
1998,8,2,4,352,-19.8257
1998,8,2,5,461,-21.5264
1998,8,3,1,200,-17.5388
1998,8,3,2,253,-15.4062
1998,8,3,3,303,-12.4785
1998,8,3,4,346,-12.9987
1998,8,3,5,402,-14.1821
1998,9,1,1,1842,2.5393
1998,9,1,2,878,2.5854
1998,9,1,3,808,3.3574
1998,9,1,4,800,4.1441
1998,9,1,5,876,5.7809
1998,9,2,1,319,10.1076
1998,9,2,2,337,3.7689
1998,9,2,3,336,5.2338
1998,9,2,4,365,6.4167
1998,9,2,5,479,10.0063
1998,9,3,1,199,8.1731
1998,9,3,2,259,6.8095
1998,9,3,3,318,6.0614
1998,9,3,4,351,6.1033
1998,9,3,5,401,10.1046
1998,10,1,1,1702,1.4391
1998,10,1,2,741,2.2586
1998,10,1,3,681,2.7265
1998,10,1,4,665,3.8180
1998,10,1,5,776,5.8520
1998,10,2,1,298,5.3124
1998,10,2,2,317,5.4932
1998,10,2,3,312,5.3483
1998,10,2,4,316,3.5748
1998,10,2,5,442,6.0000
1998,10,3,1,173,7.0076
1998,10,3,2,231,8.9333
1998,10,3,3,285,7.8984
1998,10,3,4,320,11.0018
1998,10,3,5,375,6.0063
1998,11,1,1,1814,11.7967
1998,11,1,2,859,5.2549
1998,11,1,3,821,6.6576
1998,11,1,4,768,7.0173
1998,11,1,5,851,10.0102
1998,11,2,1,338,8.0807
1998,11,2,2,354,3.8042
1998,11,2,3,360,4.5690
1998,11,2,4,364,6.0465
1998,11,2,5,460,8.9860
1998,11,3,1,198,6.2095
1998,11,3,2,243,5.3760
1998,11,3,3,312,5.6947
1998,11,3,4,348,5.1837
1998,11,3,5,397,8.5173
1998,12,1,1,1795,-0.7802
1998,12,1,2,864,1.1071
1998,12,1,3,824,1.2603
1998,12,1,4,754,2.8878
1998,12,1,5,845,5.1037
1998,12,2,1,353,4.2738
1998,12,2,2,352,2.5744
1998,12,2,3,364,3.3250
1998,12,2,4,358,5.0660
1998,12,2,5,459,7.9367
1998,12,3,1,199,6.7786
1998,12,3,2,247,5.9100
1998,12,3,3,315,4.4028
1998,12,3,4,350,7.9616
1998,12,3,5,404,9.4342
1999,1,1,1,1544,8.6706
1999,1,1,2,721,4.0981
1999,1,1,3,669,3.2217
1999,1,1,4,580,5.4348
1999,1,1,5,713,5.6656
1999,1,2,1,313,7.2749
1999,1,2,2,294,-0.0227
1999,1,2,3,309,-0.0895
1999,1,2,4,300,0.0168
1999,1,2,5,415,1.7520
1999,1,3,1,177,4.6206
1999,1,3,2,210,5.2623
1999,1,3,3,243,0.6516
1999,1,3,4,277,2.7587
1999,1,3,5,370,7.6523
1999,2,1,1,1639,-7.0066
1999,2,1,2,866,-7.0314
1999,2,1,3,807,-7.2470
1999,2,1,4,681,-7.9027
1999,2,1,5,765,-8.5252
1999,2,2,1,358,-10.1638
1999,2,2,2,331,-9.1967
1999,2,2,3,352,-8.0195
1999,2,2,4,336,-9.4739
1999,2,2,5,434,-9.6197
1999,2,3,1,206,-2.9172
1999,2,3,2,240,-4.4303
1999,2,3,3,279,-2.8214
1999,2,3,4,309,-2.8641
1999,2,3,5,394,-6.0277
1999,3,1,1,1611,-0.5334
1999,3,1,2,859,-2.2641
1999,3,1,3,808,-4.1825
1999,3,1,4,678,-5.6376
1999,3,1,5,754,-6.6421
1999,3,2,1,366,2.2526
1999,3,2,2,321,0.1409
1999,3,2,3,347,0.9473
1999,3,2,4,342,0.4719
1999,3,2,5,428,-0.6451
1999,3,3,1,209,9.0755
1999,3,3,2,253,3.9616
1999,3,3,3,273,3.9932
1999,3,3,4,312,2.1869
1999,3,3,5,403,5.2998
1999,4,1,1,1456,12.9878
1999,4,1,2,717,13.9870
1999,4,1,3,683,9.4810
1999,4,1,4,566,9.2089
1999,4,1,5,650,9.8090
1999,4,2,1,345,12.3865
1999,4,2,2,285,9.0806
1999,4,2,3,303,11.1732
1999,4,2,4,302,9.8856
1999,4,2,5,387,7.2074
1999,4,3,1,189,9.2643
1999,4,3,2,214,7.8181
1999,4,3,3,239,5.4718
1999,4,3,4,271,6.8778
1999,4,3,5,389,-1.2173
1999,5,1,1,1625,2.8126
1999,5,1,2,859,4.1035
1999,5,1,3,800,4.2084
1999,5,1,4,677,5.4882
1999,5,1,5,730,4.8905
1999,5,2,1,372,1.2311
1999,5,2,2,321,4.2580
1999,5,2,3,350,2.8910
1999,5,2,4,365,3.0567
1999,5,2,5,424,6.0802
1999,5,3,1,223,-3.2466
1999,5,3,2,238,0.9301
1999,5,3,3,285,-1.3296
1999,5,3,4,324,-0.1401
1999,5,3,5,429,-2.4784
1999,6,1,1,1631,2.5047
1999,6,1,2,862,4.9644
1999,6,1,3,809,4.3804
1999,6,1,4,690,5.3924
1999,6,1,5,734,5.4253
1999,6,2,1,373,7.0951
1999,6,2,2,340,6.4152
1999,6,2,3,367,6.1355
1999,6,2,4,369,5.6828
1999,6,2,5,418,9.1325
1999,6,3,1,222,0.0884
1999,6,3,2,242,3.4692
1999,6,3,3,290,6.7466
1999,6,3,4,327,5.9517
1999,6,3,5,438,6.6964
1999,7,1,1,1453,0.8785
1999,7,1,2,732,-0.7705
1999,7,1,3,647,1.5290
1999,7,1,4,567,1.0737
1999,7,1,5,620,1.9306
1999,7,2,1,328,-3.5215
1999,7,2,2,300,-1.8344
1999,7,2,3,312,-2.6118
1999,7,2,4,335,-1.0418
1999,7,2,5,383,-0.5199
1999,7,3,1,187,-3.0009
1999,7,3,2,223,-1.4868
1999,7,3,3,259,-3.1870
1999,7,3,4,296,-2.6946
1999,7,3,5,395,-2.4688
1999,8,1,1,1587,-3.1182
1999,8,1,2,820,-3.4257
1999,8,1,3,805,-3.6343
1999,8,1,4,667,-3.2441
1999,8,1,5,720,-0.1119
1999,8,2,1,369,-3.0151
1999,8,2,2,328,-3.0942
1999,8,2,3,369,-4.9216
1999,8,2,4,365,-2.6960
1999,8,2,5,416,-1.0482
1999,8,3,1,205,-0.9720
1999,8,3,2,249,-5.1079
1999,8,3,3,296,-2.8604
1999,8,3,4,342,-2.4592
1999,8,3,5,426,2.9876
1999,9,1,1,1564,-0.1345
1999,9,1,2,812,-3.6724
1999,9,1,3,802,-3.4716
1999,9,1,4,684,-1.0742
1999,9,1,5,731,0.8794
1999,9,2,1,360,0.8673
1999,9,2,2,326,0.2056
1999,9,2,3,365,-1.1723
1999,9,2,4,367,0.3676
1999,9,2,5,411,1.7301
1999,9,3,1,203,0.4377
1999,9,3,2,240,-2.3677
1999,9,3,3,297,-2.6379
1999,9,3,4,353,-2.3122
1999,9,3,5,423,-3.2705
1999,10,1,1,1431,-2.3290
1999,10,1,2,652,-2.0429
1999,10,1,3,664,-3.3683
1999,10,1,4,573,-2.0255
1999,10,1,5,648,-1.3148
1999,10,2,1,332,-2.5484
1999,10,2,2,279,-3.6536
1999,10,2,3,323,-1.6802
1999,10,2,4,322,-3.1088
1999,10,2,5,369,2.5272
1999,10,3,1,188,2.7833
1999,10,3,2,204,6.1394
1999,10,3,3,258,1.9741
1999,10,3,4,311,3.5892
1999,10,3,5,408,6.4062
1999,11,1,1,1531,16.0053
1999,11,1,2,772,5.2297
1999,11,1,3,782,7.6779
1999,11,1,4,658,9.6907
1999,11,1,5,708,15.5192
1999,11,2,1,368,13.3785
1999,11,2,2,304,5.2895
1999,11,2,3,365,5.5696
1999,11,2,4,347,7.2704
1999,11,2,5,406,12.3652
1999,11,3,1,222,8.0383
1999,11,3,2,244,0.8193
1999,11,3,3,281,1.9155
1999,11,3,4,336,2.6857
1999,11,3,5,440,7.1206
1999,12,1,1,1525,14.9705
1999,12,1,2,773,6.8664
1999,12,1,3,778,7.6228
1999,12,1,4,645,10.6398
1999,12,1,5,699,13.7146
1999,12,2,1,384,14.4173
1999,12,2,2,305,8.9436
1999,12,2,3,368,7.6285
1999,12,2,4,343,7.6404
1999,12,2,5,406,14.5774
1999,12,3,1,235,13.6052
1999,12,3,2,237,2.7750
1999,12,3,3,282,6.7058
1999,12,3,4,337,9.0289
1999,12,3,5,447,9.7781
2000,1,1,1,1349,9.2294
2000,1,1,2,611,3.1157
2000,1,1,3,633,5.7490
2000,1,1,4,520,4.4997
2000,1,1,5,590,4.9661
2000,1,2,1,371,-1.3607
2000,1,2,2,244,-5.0417
2000,1,2,3,302,-3.3871
2000,1,2,4,277,-4.5201
2000,1,2,5,367,-1.7070
2000,1,3,1,215,-0.5937
2000,1,3,2,193,-6.1841
2000,1,3,3,216,-2.7205
2000,1,3,4,273,-8.2213
2000,1,3,5,418,-4.8435
2000,2,1,1,1452,21.6613
2000,2,1,2,726,15.1707
2000,2,1,3,721,15.2976
2000,2,1,4,597,13.7458
2000,2,1,5,630,23.6987
2000,2,2,1,421,18.2074
2000,2,2,2,289,9.9825
2000,2,2,3,352,8.1216
2000,2,2,4,329,10.4183
2000,2,2,5,404,18.5327
2000,2,3,1,266,7.4138
2000,2,3,2,235,-2.6165
2000,2,3,3,261,-4.2667
2000,2,3,4,313,-3.6740
2000,2,3,5,448,7.0756
2000,3,1,1,1418,-5.1911
2000,3,1,2,734,-3.5001
2000,3,1,3,702,-1.0639
2000,3,1,4,589,-0.4959
2000,3,1,5,633,-0.9032
2000,3,2,1,460,-5.0283
2000,3,2,2,293,-0.5595
2000,3,2,3,355,1.9820
2000,3,2,4,341,1.3559
2000,3,2,5,404,-2.1431
2000,3,3,1,289,-0.8349
2000,3,3,2,240,6.2166
2000,3,3,3,274,9.5878
2000,3,3,4,323,9.0675
2000,3,3,5,462,6.0889
2000,4,1,1,1289,-20.0672
2000,4,1,2,614,-11.2190
2000,4,1,3,555,-9.0752
2000,4,1,4,488,-7.3995
2000,4,1,5,531,-13.6417
2000,4,2,1,430,-18.6986
2000,4,2,2,259,-5.6471
2000,4,2,3,308,-4.2239
2000,4,2,4,305,-2.4327
2000,4,2,5,379,-7.0440
2000,4,3,1,268,-14.5435
2000,4,3,2,208,-0.2120
2000,4,3,3,247,-3.5620
2000,4,3,4,281,-1.7142
2000,4,3,5,441,-5.6755
2000,5,1,1,1470,-12.4075
2000,5,1,2,732,-6.9868
2000,5,1,3,651,-4.5851
2000,5,1,4,567,-4.5090
2000,5,1,5,582,-6.7142
2000,5,2,1,496,-9.2554
2000,5,2,2,297,-3.4264
2000,5,2,3,335,-2.7116
2000,5,2,4,352,-1.8711
2000,5,2,5,423,-5.6651
2000,5,3,1,302,-9.6282
2000,5,3,2,246,-1.0903
2000,5,3,3,281,-5.6539
2000,5,3,4,344,-1.5938
2000,5,3,5,496,-5.9033
2000,6,1,1,1486,7.6520
2000,6,1,2,709,6.6084
2000,6,1,3,673,9.0033
2000,6,1,4,589,9.8767
2000,6,1,5,589,12.8025
2000,6,2,1,494,11.1305
2000,6,2,2,323,5.2529
2000,6,2,3,351,5.5870
2000,6,2,4,356,9.7543
2000,6,2,5,422,14.2698
2000,6,3,1,307,9.3023
2000,6,3,2,238,2.9391
2000,6,3,3,287,0.0042
2000,6,3,4,358,2.8284
2000,6,3,5,507,8.8966
2000,7,1,1,1345,-3.4964
2000,7,1,2,598,-0.7550
2000,7,1,3,566,-1.8392
2000,7,1,4,480,0.5605
2000,7,1,5,505,-3.0927
2000,7,2,1,450,-6.4392
2000,7,2,2,274,-0.8549
2000,7,2,3,311,-1.8899
2000,7,2,4,325,-2.6113
2000,7,2,5,384,-5.3839
2000,7,3,1,286,-8.0423
2000,7,3,2,202,-1.1479
2000,7,3,3,247,-2.1779
2000,7,3,4,316,-4.2515
2000,7,3,5,480,-3.7285
2000,8,1,1,1518,4.7455
2000,8,1,2,737,7.3317
2000,8,1,3,674,7.5440
2000,8,1,4,573,7.9144
2000,8,1,5,563,10.2700
2000,8,2,1,520,5.1503
2000,8,2,2,316,7.0389
2000,8,2,3,351,5.7893
2000,8,2,4,366,6.5531
2000,8,2,5,429,9.7999
2000,8,3,1,323,9.6909
2000,8,3,2,240,7.8688
2000,8,3,3,280,3.1084
2000,8,3,4,361,3.9152
2000,8,3,5,512,8.4535
2000,9,1,1,1508,-6.0747
2000,9,1,2,737,-2.6641
2000,9,1,3,668,-0.9279
2000,9,1,4,588,-2.8192
2000,9,1,5,560,-3.1960
2000,9,2,1,506,-11.6267
2000,9,2,2,326,-3.6803
2000,9,2,3,348,-4.0465
2000,9,2,4,360,-2.3272
2000,9,2,5,429,-3.3024
2000,9,3,1,304,-11.7144
2000,9,3,2,238,-5.7441
2000,9,3,3,281,-4.1963
2000,9,3,4,364,-4.2273
2000,9,3,5,507,-9.6079
2000,10,1,1,1431,-11.1741
2000,10,1,2,608,-6.2599
2000,10,1,3,545,-6.2050
2000,10,1,4,478,-5.7523
2000,10,1,5,475,-7.7126
2000,10,2,1,453,-13.2855
2000,10,2,2,283,-3.4363
2000,10,2,3,299,-1.6975
2000,10,2,4,312,-2.1354
2000,10,2,5,387,-2.5702
2000,10,3,1,249,-11.0035
2000,10,3,2,204,-5.5259
2000,10,3,3,241,-0.1736
2000,10,3,4,314,-1.1532
2000,10,3,5,461,-1.3442
2000,11,1,1,1559,-18.7719
2000,11,1,2,699,-9.2664
2000,11,1,3,633,-6.2795
2000,11,1,4,550,-6.8361
2000,11,1,5,513,-10.4576
2000,11,2,1,496,-21.5351
2000,11,2,2,303,-7.4940
2000,11,2,3,330,-7.1795
2000,11,2,4,331,-6.2472
2000,11,2,5,406,-9.1940
2000,11,3,1,270,-24.6295
2000,11,3,2,230,-14.9484
2000,11,3,3,271,-5.9863
2000,11,3,4,335,-7.2537
2000,11,3,5,478,-11.1325
2000,12,1,1,1594,-9.0571
2000,12,1,2,716,-1.4703
2000,12,1,3,632,-0.2522
2000,12,1,4,538,2.7344
2000,12,1,5,508,0.5450
2000,12,2,1,523,-1.9055
2000,12,2,2,304,10.4961
2000,12,2,3,327,9.5528
2000,12,2,4,328,9.2115
2000,12,2,5,406,7.7702
2000,12,3,1,271,0.2928
2000,12,3,2,231,2.6343
2000,12,3,3,262,4.3295
2000,12,3,4,336,0.7288
2000,12,3,5,476,-2.4530
2001,1,1,1,1445,33.4643
2001,1,1,2,576,22.2773
2001,1,1,3,488,15.0262
2001,1,1,4,435,14.5965
2001,1,1,5,418,18.5246
2001,1,2,1,489,21.9609
2001,1,2,2,253,11.3899
2001,1,2,3,278,8.9542
2001,1,2,4,263,6.8224
2001,1,2,5,373,10.9170
2001,1,3,1,232,13.1957
2001,1,3,2,196,11.6088
2001,1,3,3,206,2.1831
2001,1,3,4,273,6.2737
2001,1,3,5,415,4.0906
2001,2,1,1,1542,-13.1957
2001,2,1,2,686,-3.8286
2001,2,1,3,547,-1.4387
2001,2,1,4,500,-3.4593
2001,2,1,5,460,-8.1781
2001,2,2,1,510,-15.7990
2001,2,2,2,299,-3.6748
2001,2,2,3,313,-3.1376
2001,2,2,4,300,-3.1895
2001,2,2,5,383,-10.2338
2001,2,3,1,258,-18.7021
2001,2,3,2,220,-8.4790
2001,2,3,3,244,-4.2840
2001,2,3,4,299,-9.3662
2001,2,3,5,425,-14.6044
2001,3,1,1,1536,-10.1674
2001,3,1,2,688,-4.8839
2001,3,1,3,554,-4.5519
2001,3,1,4,527,-2.6434
2001,3,1,5,469,-4.4533
2001,3,2,1,490,-9.6057
2001,3,2,2,302,-3.8782
2001,3,2,3,318,-5.2395
2001,3,2,4,309,-3.9812
2001,3,2,5,391,-4.1868
2001,3,3,1,243,-14.2310
2001,3,3,2,220,-6.1719
2001,3,3,3,243,-6.8535
2001,3,3,4,305,-4.6259
2001,3,3,5,413,-9.2486
2001,4,1,1,1445,4.2254
2001,4,1,2,573,3.1948
2001,4,1,3,459,6.2192
2001,4,1,4,460,6.4938
2001,4,1,5,411,11.2796
2001,4,2,1,445,7.5980
2001,4,2,2,262,8.3693
2001,4,2,3,271,8.0721
2001,4,2,4,278,8.8343
2001,4,2,5,353,12.7683
2001,4,3,1,211,10.6563
2001,4,3,2,191,7.3233
2001,4,3,3,218,9.0798
2001,4,3,4,259,8.2287
2001,4,3,5,371,9.8521
2001,5,1,1,1618,8.7273
2001,5,1,2,689,10.8457
2001,5,1,3,558,9.7645
2001,5,1,4,553,10.0419
2001,5,1,5,472,11.6959
2001,5,2,1,441,8.2385
2001,5,2,2,312,4.7434
2001,5,2,3,300,3.5633
2001,5,2,4,333,4.3199
2001,5,2,5,368,1.1708
2001,5,3,1,204,-2.4439
2001,5,3,2,220,-0.2255
2001,5,3,3,251,2.0549
2001,5,3,4,290,0.5468
2001,5,3,5,390,-0.6945
2001,6,1,1,1606,1.8106
2001,6,1,2,694,3.2496
2001,6,1,3,565,1.5057
2001,6,1,4,574,1.4352
2001,6,1,5,477,2.7939
2001,6,2,1,439,4.9727
2001,6,2,2,314,4.8279
2001,6,2,3,303,4.3666
2001,6,2,4,345,4.8991
2001,6,2,5,370,5.1532
2001,6,3,1,206,-4.8798
2001,6,3,2,220,-3.1143
2001,6,3,3,249,-3.2383
2001,6,3,4,292,-3.3286
2001,6,3,5,396,-2.0714
2001,7,1,1,1462,-7.3069
2001,7,1,2,592,-0.7093
2001,7,1,3,466,1.7277
2001,7,1,4,488,-1.6010
2001,7,1,5,409,-1.9906
2001,7,2,1,396,-9.3976
2001,7,2,2,292,-3.7180
2001,7,2,3,262,-4.4823
2001,7,2,4,325,-6.0850
2001,7,2,5,331,-6.3016
2001,7,3,1,181,-5.4664
2001,7,3,2,186,-0.4360
2001,7,3,3,221,0.5156
2001,7,3,4,267,0.4989
2001,7,3,5,369,-0.9996
2001,8,1,1,1617,-5.0934
2001,8,1,2,731,-1.9573
2001,8,1,3,569,-1.1509
2001,8,1,4,568,-1.9344
2001,8,1,5,446,-4.9492
2001,8,2,1,423,-7.2070
2001,8,2,2,322,-2.4219
2001,8,2,3,322,-2.7994
2001,8,2,4,378,-3.0353
2001,8,2,5,360,-5.8632
2001,8,3,1,190,-10.0067
2001,8,3,2,205,-5.6627
2001,8,3,3,263,-5.5247
2001,8,3,4,314,-4.0747
2001,8,3,5,370,-7.2413
2001,9,1,1,1589,-17.7645
2001,9,1,2,748,-13.4281
2001,9,1,3,568,-12.8811
2001,9,1,4,578,-11.7340
2001,9,1,5,471,-13.0655
2001,9,2,1,421,-21.9536
2001,9,2,2,325,-17.7851
2001,9,2,3,322,-15.2274
2001,9,2,4,384,-16.7006
2001,9,2,5,363,-16.8405
2001,9,3,1,182,-13.4020
2001,9,3,2,205,-13.3456
2001,9,3,3,262,-11.9365
2001,9,3,4,316,-9.2123
2001,9,3,5,373,-9.1367
2001,10,1,1,1513,9.3213
2001,10,1,2,648,7.9583
2001,10,1,3,478,6.3413
2001,10,1,4,462,9.1294
2001,10,1,5,418,10.2916
2001,10,2,1,384,12.0368
2001,10,2,2,297,6.8158
2001,10,2,3,281,5.5786
2001,10,2,4,347,9.3236
2001,10,2,5,324,11.6463
2001,10,3,1,162,1.4244
2001,10,3,2,177,0.2672
2001,10,3,3,232,4.4301
2001,10,3,4,291,3.8419
2001,10,3,5,347,6.8892
2001,11,1,1,1595,12.5008
2001,11,1,2,729,7.6459
2001,11,1,3,585,7.7408
2001,11,1,4,537,7.3231
2001,11,1,5,471,6.4541
2001,11,2,1,425,15.3748
2001,11,2,2,339,10.1010
2001,11,2,3,318,8.5007
2001,11,2,4,382,9.0039
2001,11,2,5,352,9.3903
2001,11,3,1,186,13.0459
2001,11,3,2,204,8.9877
2001,11,3,3,267,11.2588
2001,11,3,4,329,8.2237
2001,11,3,5,356,8.1458
2001,12,1,1,1558,10.3711
2001,12,1,2,727,7.3508
2001,12,1,3,580,8.0228
2001,12,1,4,533,7.5468
2001,12,1,5,466,7.4376
2001,12,2,1,428,5.8971
2001,12,2,2,342,7.9624
2001,12,2,3,329,7.6042
2001,12,2,4,388,8.7459
2001,12,2,5,342,6.9956
2001,12,3,1,187,-0.5225
2001,12,3,2,214,3.2837
2001,12,3,3,262,0.7046
2001,12,3,4,336,1.9660
2001,12,3,5,353,-0.4645
2002,1,1,1,1388,0.1173
2002,1,1,2,582,4.6191
2002,1,1,3,462,3.4415
2002,1,1,4,437,4.3030
2002,1,1,5,395,-0.4108
2002,1,2,1,390,-7.2724
2002,1,2,2,271,-0.3872
2002,1,2,3,259,1.4848
2002,1,2,4,308,0.2508
2002,1,2,5,297,-1.4088
2002,1,3,1,156,-7.5924
2002,1,3,2,170,-2.7858
2002,1,3,3,214,-0.0673
2002,1,3,4,279,1.0405
2002,1,3,5,312,0.5453
2002,2,1,1,1459,-10.2494
2002,2,1,2,682,-3.0806
2002,2,1,3,533,-2.6308
2002,2,1,4,491,-2.3585
2002,2,1,5,462,-2.8715
2002,2,2,1,412,-12.8988
2002,2,2,2,307,-1.5435
2002,2,2,3,302,-0.6350
2002,2,2,4,346,-2.6718
2002,2,2,5,310,-2.7529
2002,2,3,1,174,-9.6025
2002,2,3,2,201,-3.8099
2002,2,3,3,254,0.1635
2002,2,3,4,294,-1.1992
2002,2,3,5,326,-2.3983
2002,3,1,1,1462,9.1895
2002,3,1,2,684,11.9834
2002,3,1,3,532,11.2613
2002,3,1,4,490,9.4170
2002,3,1,5,471,11.5476
2002,3,2,1,412,11.3113
2002,3,2,2,308,11.0494
2002,3,2,3,309,9.6110
2002,3,2,4,339,7.6293
2002,3,2,5,314,9.3084
2002,3,3,1,175,4.9076
2002,3,3,2,204,4.2066
2002,3,3,3,255,5.6578
2002,3,3,4,288,5.0502
2002,3,3,5,326,2.1932
2002,4,1,1,1354,-3.5336
2002,4,1,2,533,3.6908
2002,4,1,3,424,4.9811
2002,4,1,4,400,3.6109
2002,4,1,5,416,3.9829
2002,4,2,1,368,-7.5525
2002,4,2,2,260,-0.4634
2002,4,2,3,266,0.0915
2002,4,2,4,287,1.3198
2002,4,2,5,281,0.7197
2002,4,3,1,162,-11.2551
2002,4,3,2,185,-6.5673
2002,4,3,3,215,-3.8576
2002,4,3,4,242,-6.5656
2002,4,3,5,297,-5.4181
2002,5,1,1,1448,-5.4830
2002,5,1,2,621,-2.2354
2002,5,1,3,523,-1.7017
2002,5,1,4,502,-2.3354
2002,5,1,5,495,-0.3396
2002,5,2,1,392,-8.0356
2002,5,2,2,283,-5.4819
2002,5,2,3,312,-4.1674
2002,5,2,4,325,-4.2640
2002,5,2,5,305,-5.2459
2002,5,3,1,184,-1.9953
2002,5,3,2,222,-0.7150
2002,5,3,3,256,-0.3373
2002,5,3,4,287,-0.3256
2002,5,3,5,328,-2.0978
2002,6,1,1,1465,-8.5408
2002,6,1,2,625,-3.3355
2002,6,1,3,544,-2.7572
2002,6,1,4,516,-1.6921
2002,6,1,5,520,-4.1620
2002,6,2,1,395,-10.4621
2002,6,2,2,283,-5.5456
2002,6,2,3,310,-4.3725
2002,6,2,4,335,-5.5273
2002,6,2,5,307,-5.4274
2002,6,3,1,181,-17.1426
2002,6,3,2,220,-9.0197
2002,6,3,3,267,-8.7608
2002,6,3,4,294,-4.6626
2002,6,3,5,335,-7.8811
2002,7,1,1,1330,-17.2770
2002,7,1,2,521,-14.3137
2002,7,1,3,448,-13.8945
2002,7,1,4,426,-14.9343
2002,7,1,5,452,-15.5923
2002,7,2,1,351,-20.0748
2002,7,2,2,245,-18.4555
2002,7,2,3,278,-17.5067
2002,7,2,4,274,-16.5769
2002,7,2,5,269,-14.1272
2002,7,3,1,158,-14.3801
2002,7,3,2,192,-10.9930
2002,7,3,3,225,-11.1817
2002,7,3,4,260,-8.5548
2002,7,3,5,302,-5.1782
2002,8,1,1,1459,-2.9257
2002,8,1,2,645,-2.9719
2002,8,1,3,568,-0.3841
2002,8,1,4,522,-1.4286
2002,8,1,5,532,-0.0382
2002,8,2,1,343,-1.1539
2002,8,2,2,266,0.3581
2002,8,2,3,312,1.0870
2002,8,2,4,308,2.4707
2002,8,2,5,301,1.5237
2002,8,3,1,167,4.5104
2002,8,3,2,212,0.5174
2002,8,3,3,264,-0.5446
2002,8,3,4,296,1.3509
2002,8,3,5,328,0.6178
2002,9,1,1,1445,-12.1300
2002,9,1,2,642,-8.7579
2002,9,1,3,566,-8.3532
2002,9,1,4,538,-7.6079
2002,9,1,5,543,-8.0587
2002,9,2,1,341,-12.0945
2002,9,2,2,269,-9.5190
2002,9,2,3,312,-8.0525
2002,9,2,4,313,-6.1606
2002,9,2,5,314,-6.4046
2002,9,3,1,166,-10.0185
2002,9,3,2,210,-10.8502
2002,9,3,3,269,-10.5520
2002,9,3,4,302,-10.2634
2002,9,3,5,337,-9.6788
2002,10,1,1,1340,5.2014
2002,10,1,2,537,2.6361
2002,10,1,3,483,1.8745
2002,10,1,4,462,5.0863
2002,10,1,5,496,5.6773
2002,10,2,1,285,5.0341
2002,10,2,2,223,4.0460
2002,10,2,3,275,3.3674
2002,10,2,4,282,5.6547
2002,10,2,5,283,4.8172
2002,10,3,1,143,12.9829
2002,10,3,2,176,6.7415
2002,10,3,3,226,5.6019
2002,10,3,4,275,9.1539
2002,10,3,5,318,10.0143
2002,11,1,1,1409,21.4957
2002,11,1,2,630,15.1250
2002,11,1,3,587,10.7919
2002,11,1,4,524,11.3076
2002,11,1,5,549,13.3010
2002,11,2,1,295,19.3834
2002,11,2,2,248,12.6916
2002,11,2,3,303,10.7063
2002,11,2,4,309,8.2653
2002,11,2,5,303,8.3308
2002,11,3,1,157,12.5288
2002,11,3,2,198,10.0447
2002,11,3,3,261,7.0105
2002,11,3,4,311,5.1671
2002,11,3,5,338,5.7150
2002,12,1,1,1390,-11.1537
2002,12,1,2,626,-5.2805
2002,12,1,3,573,-2.3156
2002,12,1,4,530,-3.9020
2002,12,1,5,554,-5.2821
2002,12,2,1,295,-11.7040
2002,12,2,2,250,-7.3859
2002,12,2,3,309,-6.1770
2002,12,2,4,302,-5.2074
2002,12,2,5,306,-6.2422
2002,12,3,1,157,-11.2696
2002,12,3,2,200,-6.8942
2002,12,3,3,265,-3.9509
2002,12,3,4,310,-6.2483
2002,12,3,5,340,-6.5391
2003,1,1,1,1235,-0.6598
2003,1,1,2,503,-2.8711
2003,1,1,3,458,-1.6579
2003,1,1,4,406,-0.7078
2003,1,1,5,485,-0.8202
2003,1,2,1,251,-3.1052
2003,1,2,2,210,-3.4477
2003,1,2,3,241,-3.1406
2003,1,2,4,248,-4.3532
2003,1,2,5,281,-2.6084
2003,1,3,1,132,-3.3170
2003,1,3,2,159,-1.8365
2003,1,3,3,214,-3.2530
2003,1,3,4,254,-3.5814
2003,1,3,5,304,-2.3312
2003,2,1,1,1306,-3.5763
2003,2,1,2,589,-4.7750
2003,2,1,3,547,-2.9724
2003,2,1,4,481,-2.3719
2003,2,1,5,512,-3.9316
2003,2,2,1,269,-3.1808
2003,2,2,2,248,-3.2558
2003,2,2,3,270,-3.5046
2003,2,2,4,282,-3.6406
2003,2,2,5,305,-3.2215
2003,2,3,1,137,-2.3189
2003,2,3,2,182,-1.8215
2003,2,3,3,240,-1.2033
2003,2,3,4,274,-2.2576
2003,2,3,5,313,-0.0198
2003,3,1,1,1288,1.1245
2003,3,1,2,596,-0.3404
2003,3,1,3,555,1.0383
2003,3,1,4,485,0.0753
2003,3,1,5,509,2.4282
2003,3,2,1,278,0.5039
2003,3,2,2,256,-0.5408
2003,3,2,3,267,0.5575
2003,3,2,4,278,2.0003
2003,3,2,5,296,1.5854
2003,3,3,1,140,-0.9282
2003,3,3,2,179,-0.2594
2003,3,3,3,243,0.9551
2003,3,3,4,283,2.2494
2003,3,3,5,310,1.3384
2003,4,1,1,1155,11.4921
2003,4,1,2,487,10.1439
2003,4,1,3,450,9.8263
2003,4,1,4,404,9.2982
2003,4,1,5,437,12.8251
2003,4,2,1,261,14.2216
2003,4,2,2,231,11.9984
2003,4,2,3,228,10.5840
2003,4,2,4,243,8.5861
2003,4,2,5,271,10.8100
2003,4,3,1,123,12.1183
2003,4,3,2,157,9.0729
2003,4,3,3,211,5.7418
2003,4,3,4,258,6.7007
2003,4,3,5,297,5.6182
2003,5,1,1,1241,20.9740
2003,5,1,2,628,13.7608
2003,5,1,3,546,12.6058
2003,5,1,4,511,10.9906
2003,5,1,5,499,13.9256
2003,5,2,1,281,16.9241
2003,5,2,2,263,11.3971
2003,5,2,3,272,11.9197
2003,5,2,4,277,10.8999
2003,5,2,5,305,10.3111
2003,5,3,1,138,10.3961
2003,5,3,2,192,7.2048
2003,5,3,3,239,8.2193
2003,5,3,4,293,5.4647
2003,5,3,5,321,4.6115
2003,6,1,1,1228,7.1202
2003,6,1,2,645,5.6766
2003,6,1,3,569,5.2398
2003,6,1,4,512,5.6141
2003,6,1,5,515,7.2718
2003,6,2,1,286,2.7772
2003,6,2,2,270,1.1792
2003,6,2,3,282,2.2437
2003,6,2,4,288,2.9614
2003,6,2,5,310,3.9620
2003,6,3,1,135,1.2675
2003,6,3,2,190,1.9760
2003,6,3,3,243,2.2181
2003,6,3,4,304,0.8841
2003,6,3,5,328,2.1438
2003,7,1,1,1086,9.9402
2003,7,1,2,530,8.4909
2003,7,1,3,477,7.7498
2003,7,1,4,443,9.6419
2003,7,1,5,436,10.6212
2003,7,2,1,252,7.8488
2003,7,2,2,235,6.9653
2003,7,2,3,251,6.1976
2003,7,2,4,264,5.1381
2003,7,2,5,281,6.2520
2003,7,3,1,125,3.0008
2003,7,3,2,177,1.4179
2003,7,3,3,216,0.4413
2003,7,3,4,264,1.6976
2003,7,3,5,301,2.1008
2003,8,1,1,1178,7.3912
2003,8,1,2,636,5.3249
2003,8,1,3,574,4.6755
2003,8,1,4,512,4.6480
2003,8,1,5,497,5.3341
2003,8,2,1,287,6.3620
2003,8,2,2,270,6.5887
2003,8,2,3,301,6.3152
2003,8,2,4,303,5.1347
2003,8,2,5,308,7.3280
2003,8,3,1,152,3.9125
2003,8,3,2,198,5.3465
2003,8,3,3,249,4.8283
2003,8,3,4,320,4.0607
2003,8,3,5,331,1.6508
2003,9,1,1,1155,4.4911
2003,9,1,2,647,1.0100
2003,9,1,3,583,0.7988
2003,9,1,4,534,1.5504
2003,9,1,5,515,0.5664
2003,9,2,1,285,-3.4117
2003,9,2,2,277,-4.8404
2003,9,2,3,303,-3.6019
2003,9,2,4,316,-2.6400
2003,9,2,5,325,-3.0223
2003,9,3,1,151,-4.9482
2003,9,3,2,201,-4.3423
2003,9,3,3,254,-3.5991
2003,9,3,4,320,-2.1391
2003,9,3,5,344,-0.5603
2003,10,1,1,1065,11.0275
2003,10,1,2,547,9.3636
2003,10,1,3,483,11.0679
2003,10,1,4,440,11.6392
2003,10,1,5,456,10.5862
2003,10,2,1,260,11.6554
2003,10,2,2,242,8.1888
2003,10,2,3,271,8.1650
2003,10,2,4,270,9.0156
2003,10,2,5,299,9.8423
2003,10,3,1,135,7.8128
2003,10,3,2,172,6.3627
2003,10,3,3,222,9.5048
2003,10,3,4,289,5.4917
2003,10,3,5,325,5.5795
2003,11,1,1,1115,5.3016
2003,11,1,2,621,5.1084
2003,11,1,3,554,5.4801
2003,11,1,4,503,6.3030
2003,11,1,5,525,4.4755
2003,11,2,1,277,3.8795
2003,11,2,2,263,3.3388
2003,11,2,3,309,3.8912
2003,11,2,4,283,3.8780
2003,11,2,5,314,2.4452
2003,11,3,1,148,1.0936
2003,11,3,2,184,1.7404
2003,11,3,3,249,2.5674
2003,11,3,4,312,0.9729
2003,11,3,5,342,1.2552
2003,12,1,1,1110,2.9878
2003,12,1,2,617,4.6052
2003,12,1,3,546,4.4879
2003,12,1,4,513,3.3046
2003,12,1,5,527,1.4756
2003,12,2,1,275,4.2698
2003,12,2,2,265,5.7355
2003,12,2,3,309,1.8735
2003,12,2,4,275,3.7804
2003,12,2,5,319,0.8627
2003,12,3,1,152,7.0464
2003,12,3,2,187,6.6282
2003,12,3,3,253,2.8513
2003,12,3,4,315,4.1760
2003,12,3,5,343,3.8041
2004,1,1,1,967,10.1206
2004,1,1,2,495,7.6552
2004,1,1,3,447,4.8786
2004,1,1,4,387,6.1390
2004,1,1,5,462,4.4802
2004,1,2,1,235,5.2202
2004,1,2,2,219,2.8074
2004,1,2,3,248,1.9432
2004,1,2,4,230,3.8310
2004,1,2,5,287,4.1090
2004,1,3,1,134,0.3179
2004,1,3,2,150,1.4625
2004,1,3,3,200,1.4562
2004,1,3,4,256,1.7054
2004,1,3,5,308,1.0813
2004,2,1,1,1020,-0.1516
2004,2,1,2,568,1.3906
2004,2,1,3,508,0.7770
2004,2,1,4,462,1.4831
2004,2,1,5,495,0.1588
2004,2,2,1,257,-0.9804
2004,2,2,2,246,0.6405
2004,2,2,3,263,2.2592
2004,2,2,4,266,0.8381
2004,2,2,5,308,-0.1855
2004,2,3,1,139,-2.1108
2004,2,3,2,171,2.7804
2004,2,3,3,219,1.0347
2004,2,3,4,269,2.7937
2004,2,3,5,313,0.5102
2004,3,1,1,1017,-1.3031
2004,3,1,2,586,-0.1048
2004,3,1,3,510,1.1748
2004,3,1,4,469,0.8116
2004,3,1,5,493,0.0300
2004,3,2,1,258,0.0943
2004,3,2,2,253,0.6772
2004,3,2,3,274,0.5571
2004,3,2,4,273,1.5279
2004,3,2,5,311,1.9052
2004,3,3,1,141,-1.9626
2004,3,3,2,172,-0.6366
2004,3,3,3,223,0.0877
2004,3,3,4,277,-1.7690
2004,3,3,5,313,-1.8138
2004,4,1,1,922,-5.1663
2004,4,1,2,493,-2.8526
2004,4,1,3,411,-4.0119
2004,4,1,4,403,-2.8417
2004,4,1,5,451,-4.8379
2004,4,2,1,232,-7.0212
2004,4,2,2,232,-4.4685
2004,4,2,3,229,-3.8775
2004,4,2,4,240,-2.5455
2004,4,2,5,293,-4.3633
2004,4,3,1,124,-0.3825
2004,4,3,2,151,-1.0804
2004,4,3,3,201,-2.5391
2004,4,3,4,248,-0.2421
2004,4,3,5,300,-0.1173
2004,5,1,1,999,-2.0688
2004,5,1,2,608,0.1104
2004,5,1,3,510,0.3901
2004,5,1,4,488,-0.0081
2004,5,1,5,531,0.0771
2004,5,2,1,246,1.2354
2004,5,2,2,253,2.4036
2004,5,2,3,270,1.1239
2004,5,2,4,277,1.5786
2004,5,2,5,319,2.6760
2004,5,3,1,148,0.5142
2004,5,3,2,176,0.2207
2004,5,3,3,228,0.6193
2004,5,3,4,275,0.2963
2004,5,3,5,328,2.1121
2004,6,1,1,1015,2.7742
2004,6,1,2,607,4.1715
2004,6,1,3,512,3.9999
2004,6,1,4,508,5.1353
2004,6,1,5,546,4.5615
2004,6,2,1,250,4.3196
2004,6,2,2,258,5.2597
2004,6,2,3,275,5.5561
2004,6,2,4,282,4.9878
2004,6,2,5,321,4.4153
2004,6,3,1,147,2.2787
2004,6,3,2,184,3.1393
2004,6,3,3,229,2.9469
2004,6,3,4,285,1.8836
2004,6,3,5,335,1.2466
2004,7,1,1,911,-9.0362
2004,7,1,2,525,-7.5482
2004,7,1,3,443,-6.1500
2004,7,1,4,444,-8.1292
2004,7,1,5,480,-9.8830
2004,7,2,1,223,-8.9683
2004,7,2,2,237,-7.7232
2004,7,2,3,239,-6.7556
2004,7,2,4,254,-6.1596
2004,7,2,5,287,-7.5709
2004,7,3,1,140,-4.7792
2004,7,3,2,175,-4.5165
2004,7,3,3,203,-2.5054
2004,7,3,4,255,-3.0858
2004,7,3,5,309,-6.0198
2004,8,1,1,1026,-2.4780
2004,8,1,2,588,-3.0747
2004,8,1,3,535,-2.5993
2004,8,1,4,530,-1.2380
2004,8,1,5,560,-3.2471
2004,8,2,1,239,-2.1029
2004,8,2,2,250,-1.5621
2004,8,2,3,269,-1.4703
2004,8,2,4,291,-2.5625
2004,8,2,5,311,-4.0468
2004,8,3,1,153,-1.2746
2004,8,3,2,205,-0.4923
2004,8,3,3,237,-0.7442
2004,8,3,4,293,0.2662
2004,8,3,5,329,-1.3223
2004,9,1,1,1031,3.8673
2004,9,1,2,603,3.7854
2004,9,1,3,536,5.3347
2004,9,1,4,558,4.2391
2004,9,1,5,572,5.5207
2004,9,2,1,226,4.3628
2004,9,2,2,247,6.2086
2004,9,2,3,269,6.1564
2004,9,2,4,296,6.4138
2004,9,2,5,316,6.4757
2004,9,3,1,153,2.0627
2004,9,3,2,206,2.6318
2004,9,3,3,238,2.2506
2004,9,3,4,295,2.7728
2004,9,3,5,332,0.2568
2004,10,1,1,961,1.0174
2004,10,1,2,483,2.0798
2004,10,1,3,462,1.7063
2004,10,1,4,457,0.3328
2004,10,1,5,522,1.8273
2004,10,2,1,202,1.1087
2004,10,2,2,212,1.3377
2004,10,2,3,250,1.7597
2004,10,2,4,261,3.5312
2004,10,2,5,285,2.9691
2004,10,3,1,138,1.5519
2004,10,3,2,181,0.9643
2004,10,3,3,220,1.5031
2004,10,3,4,266,1.6366
2004,10,3,5,319,1.7656
2004,11,1,1,1039,10.1402
2004,11,1,2,566,8.9759
2004,11,1,3,564,8.8705
2004,11,1,4,523,9.7659
2004,11,1,5,574,9.0330
2004,11,2,1,213,9.4616
2004,11,2,2,228,8.8599
2004,11,2,3,272,9.5116
2004,11,2,4,279,7.4055
2004,11,2,5,302,8.9442
2004,11,3,1,137,5.1440
2004,11,3,2,192,5.8410
2004,11,3,3,245,5.4898
2004,11,3,4,296,4.7441
2004,11,3,5,336,2.7188
2004,12,1,1,1041,6.7224
2004,12,1,2,568,5.9897
2004,12,1,3,582,5.8679
2004,12,1,4,526,5.6577
2004,12,1,5,584,5.2670
2004,12,2,1,212,3.8691
2004,12,2,2,226,2.9207
2004,12,2,3,265,3.4622
2004,12,2,4,283,3.2595
2004,12,2,5,300,3.1410
2004,12,3,1,142,4.0886
2004,12,3,2,189,3.1648
2004,12,3,3,249,2.6824
2004,12,3,4,299,2.6970
2004,12,3,5,335,4.0114
2005,1,1,1,932,-6.2881
2005,1,1,2,463,-4.2246
2005,1,1,3,478,-3.9859
2005,1,1,4,415,-3.5296
2005,1,1,5,515,-4.7610
2005,1,2,1,180,-5.9520
2005,1,2,2,179,-4.2598
2005,1,2,3,204,-2.8885
2005,1,2,4,229,-3.0356
2005,1,2,5,269,-3.8389
2005,1,3,1,120,-2.2893
2005,1,3,2,151,-3.3308
2005,1,3,3,200,-3.5919
2005,1,3,4,252,-2.1262
2005,1,3,5,294,-2.5288
2005,2,1,1,1004,0.2353
2005,2,1,2,559,0.9371
2005,2,1,3,537,0.8132
2005,2,1,4,485,2.3124
2005,2,1,5,556,1.9796
2005,2,2,1,184,2.2454
2005,2,2,2,197,2.0977
2005,2,2,3,235,2.9866
2005,2,2,4,259,3.7453
2005,2,2,5,269,2.9826
2005,2,3,1,125,-0.2592
2005,2,3,2,177,2.1366
2005,2,3,3,217,2.7978
2005,2,3,4,279,3.5067
2005,2,3,5,301,3.5314
2005,3,1,1,1005,-5.1634
2005,3,1,2,561,-1.6501
2005,3,1,3,540,-1.3838
2005,3,1,4,491,-1.6946
2005,3,1,5,551,-3.4158
2005,3,2,1,190,-1.7318
2005,3,2,2,207,-1.1847
2005,3,2,3,242,-2.4038
2005,3,2,4,263,-1.5760
2005,3,2,5,269,-3.1364
2005,3,3,1,126,-0.3277
2005,3,3,2,182,-0.2724
2005,3,3,3,223,-1.3181
2005,3,3,4,278,-1.6736
2005,3,3,5,303,-1.7435
2005,4,1,1,916,-8.1481
2005,4,1,2,476,-6.6943
2005,4,1,3,456,-5.9279
2005,4,1,4,402,-6.5265
2005,4,1,5,466,-6.6540
2005,4,2,1,167,-8.8071
2005,4,2,2,178,-6.2734
2005,4,2,3,209,-6.6917
2005,4,2,4,239,-6.6458
2005,4,2,5,249,-7.0120
2005,4,3,1,111,-3.9734
2005,4,3,2,165,-3.0915
2005,4,3,3,195,-3.4254
2005,4,3,4,259,-3.7050
2005,4,3,5,285,-0.9747
2005,5,1,1,1014,5.2049
2005,5,1,2,557,6.9207
2005,5,1,3,555,5.1783
2005,5,1,4,503,5.7880
2005,5,1,5,534,7.2858
2005,5,2,1,178,8.9141
2005,5,2,2,213,6.7972
2005,5,2,3,242,7.4352
2005,5,2,4,274,7.5530
2005,5,2,5,271,8.5578
2005,5,3,1,132,3.1471
2005,5,3,2,189,3.6597
2005,5,3,3,228,3.5724
2005,5,3,4,285,3.5305
2005,5,3,5,315,4.6628
2005,6,1,1,1036,3.6010
2005,6,1,2,572,5.2614
2005,6,1,3,569,5.2195
2005,6,1,4,521,4.2292
2005,6,1,5,537,4.7777
2005,6,2,1,186,3.8927
2005,6,2,2,230,3.5245
2005,6,2,3,249,2.6516
2005,6,2,4,283,2.8966
2005,6,2,5,281,2.4882
2005,6,3,1,134,-0.1283
2005,6,3,2,195,1.0197
2005,6,3,3,234,1.3837
2005,6,3,4,298,-0.3081
2005,6,3,5,329,-0.9053
2005,7,1,1,938,7.6511
2005,7,1,2,487,8.7424
2005,7,1,3,485,8.0101
2005,7,1,4,459,6.2271
2005,7,1,5,454,6.1941
2005,7,2,1,166,6.4371
2005,7,2,2,208,6.3432
2005,7,2,3,231,7.0373
2005,7,2,4,255,8.1052
2005,7,2,5,254,6.4556
2005,7,3,1,116,2.5102
2005,7,3,2,178,4.7240
2005,7,3,3,215,4.7411
2005,7,3,4,260,6.3660
2005,7,3,5,306,4.4181
2005,8,1,1,1039,-0.8025
2005,8,1,2,596,-0.9753
2005,8,1,3,578,-0.3414
2005,8,1,4,543,-1.3046
2005,8,1,5,483,-1.6772
2005,8,2,1,181,-1.4016
2005,8,2,2,232,-1.1868
2005,8,2,3,260,-1.0990
2005,8,2,4,284,-1.9896
2005,8,2,5,283,-1.6190
2005,8,3,1,130,-0.9624
2005,8,3,2,204,-0.7497
2005,8,3,3,247,-1.2455
2005,8,3,4,297,-0.2033
2005,8,3,5,320,-0.7226
2005,9,1,1,1031,-0.6285
2005,9,1,2,593,0.1245
2005,9,1,3,584,1.2144
2005,9,1,4,567,2.0364
2005,9,1,5,487,2.3827
2005,9,2,1,187,1.3116
2005,9,2,2,235,0.3386
2005,9,2,3,267,0.9147
2005,9,2,4,288,0.7486
2005,9,2,5,293,1.0114
2005,9,3,1,132,-0.1122
2005,9,3,2,199,0.8510
2005,9,3,3,256,0.6913
2005,9,3,4,303,1.4102
2005,9,3,5,324,-0.1250
2005,10,1,1,977,-5.2403
2005,10,1,2,511,-3.8340
2005,10,1,3,476,-2.3081
2005,10,1,4,483,-1.7069
2005,10,1,5,420,-2.6815
2005,10,2,1,178,-4.7119
2005,10,2,2,212,-2.4997
2005,10,2,3,229,-3.4331
2005,10,2,4,255,-2.6743
2005,10,2,5,273,-4.8893
2005,10,3,1,121,-1.6929
2005,10,3,2,176,-1.8652
2005,10,3,3,233,-2.8612
2005,10,3,4,273,-1.9789
2005,10,3,5,299,-3.2635
2005,11,1,1,1047,3.5624
2005,11,1,2,593,4.7779
2005,11,1,3,535,5.4238
2005,11,1,4,538,5.1789
2005,11,1,5,458,5.8301
2005,11,2,1,197,3.8262
2005,11,2,2,228,5.2035
2005,11,2,3,263,5.4331
2005,11,2,4,283,5.2071
2005,11,2,5,290,6.1815
2005,11,3,1,130,3.5465
2005,11,3,2,206,4.0870
2005,11,3,3,248,4.1884
2005,11,3,4,300,2.2930
2005,11,3,5,323,4.5737
2005,12,1,1,1035,0.1916
2005,12,1,2,593,-0.1216
2005,12,1,3,534,0.2747
2005,12,1,4,539,0.4543
2005,12,1,5,458,1.5440
2005,12,2,1,208,-1.3977
2005,12,2,2,231,-0.1681
2005,12,2,3,262,-1.2848
2005,12,2,4,289,0.2135
2005,12,2,5,286,-0.6325
2005,12,3,1,136,-0.6065
2005,12,3,2,204,1.4097
2005,12,3,3,246,-0.2575
2005,12,3,4,303,-0.0156
2005,12,3,5,322,-0.3456
2006,1,1,1,916,9.0277
2006,1,1,2,467,8.9531
2006,1,1,3,415,9.3134
2006,1,1,4,450,9.1424
2006,1,1,5,387,11.4357
2006,1,2,1,182,7.5484
2006,1,2,2,189,10.1057
2006,1,2,3,212,8.2545
2006,1,2,4,247,9.9566
2006,1,2,5,259,9.9728
2006,1,3,1,120,-0.0987
2006,1,3,2,171,5.1575
2006,1,3,3,204,4.9554
2006,1,3,4,255,2.7331
2006,1,3,5,285,3.8632
2006,2,1,1,982,-0.0581
2006,2,1,2,546,0.6917
2006,2,1,3,478,1.6448
2006,2,1,4,525,0.3903
2006,2,1,5,445,-1.9796
2006,2,2,1,187,-1.6135
2006,2,2,2,204,1.1091
2006,2,2,3,227,0.1052
2006,2,2,4,287,-0.5574
2006,2,2,5,279,-3.6941
2006,2,3,1,129,-0.3280
2006,2,3,2,191,1.1049
2006,2,3,3,227,2.6346
2006,2,3,4,275,-0.9002
2006,2,3,5,304,-1.5972
2006,3,1,1,985,5.2985
2006,3,1,2,548,5.9338
2006,3,1,3,488,6.2003
2006,3,1,4,518,5.8953
2006,3,1,5,444,5.1909
2006,3,2,1,185,4.7419
2006,3,2,2,205,6.8134
2006,3,2,3,231,4.9876
2006,3,2,4,284,5.2363
2006,3,2,5,287,5.7283
2006,3,3,1,130,3.0973
2006,3,3,2,192,2.5684
2006,3,3,3,229,3.3586
2006,3,3,4,269,1.3643
2006,3,3,5,304,1.4952
2006,4,1,1,917,0.2915
2006,4,1,2,452,0.0336
2006,4,1,3,409,0.5111
2006,4,1,4,428,1.7947
2006,4,1,5,410,0.7827
2006,4,2,1,163,-2.1697
2006,4,2,2,176,1.3648
2006,4,2,3,208,0.9851
2006,4,2,4,253,0.6781
2006,4,2,5,260,1.6763
2006,4,3,1,113,0.7686
2006,4,3,2,172,1.6575
2006,4,3,3,194,0.8016
2006,4,3,4,248,0.9321
2006,4,3,5,285,0.1636
2006,5,1,1,1000,-6.9661
2006,5,1,2,558,-5.7442
2006,5,1,3,477,-4.9347
2006,5,1,4,516,-5.7346
2006,5,1,5,472,-8.6889
2006,5,2,1,184,-5.3492
2006,5,2,2,204,-3.9939
2006,5,2,3,240,-5.4160
2006,5,2,4,285,-6.0339
2006,5,2,5,277,-7.1302
2006,5,3,1,132,0.7173
2006,5,3,2,197,-2.2216
2006,5,3,3,228,-2.2953
2006,5,3,4,281,-3.4082
2006,5,3,5,305,-4.2293
2006,6,1,1,1006,-1.8103
2006,6,1,2,562,-1.2432
2006,6,1,3,487,-0.3219
2006,6,1,4,523,-1.2778
2006,6,1,5,480,0.1094
2006,6,2,1,182,-1.5068
2006,6,2,2,205,-1.7056
2006,6,2,3,247,-1.2906
2006,6,2,4,289,-1.5213
2006,6,2,5,282,0.2339
2006,6,3,1,136,-0.7471
2006,6,3,2,205,0.0562
2006,6,3,3,237,1.3008
2006,6,3,4,296,-0.3051
2006,6,3,5,314,0.3164
2006,7,1,1,926,-4.6782
2006,7,1,2,479,-3.8185
2006,7,1,3,412,-3.4031
2006,7,1,4,436,-3.6336
2006,7,1,5,417,-5.1389
2006,7,2,1,163,-3.6873
2006,7,2,2,180,-4.0460
2006,7,2,3,214,-4.9491
2006,7,2,4,256,-4.5255
2006,7,2,5,262,-4.5433
2006,7,3,1,121,-1.7063
2006,7,3,2,183,-1.4995
2006,7,3,3,215,-2.2844
2006,7,3,4,257,-0.7396
2006,7,3,5,286,1.0885
2006,8,1,1,1074,2.3215
2006,8,1,2,552,3.4302
2006,8,1,3,482,2.6248
2006,8,1,4,522,3.1620
2006,8,1,5,484,2.3804
2006,8,2,1,184,3.6618
2006,8,2,2,200,2.3449
2006,8,2,3,258,2.6036
2006,8,2,4,293,5.1117
2006,8,2,5,283,1.5639
2006,8,3,1,135,2.8871
2006,8,3,2,209,2.1039
2006,8,3,3,239,4.1809
2006,8,3,4,288,2.3238
2006,8,3,5,305,2.6209
2006,9,1,1,1071,-0.3618
2006,9,1,2,551,1.9188
2006,9,1,3,470,1.3386
2006,9,1,4,523,1.8845
2006,9,1,5,493,0.7377
2006,9,2,1,186,0.3087
2006,9,2,2,201,1.8248
2006,9,2,3,267,1.9431
2006,9,2,4,300,1.1237
2006,9,2,5,292,1.4612
2006,9,3,1,136,3.0472
2006,9,3,2,215,1.5701
2006,9,3,3,245,2.6164
2006,9,3,4,301,1.8491
2006,9,3,5,303,2.1693
2006,10,1,1,998,5.9602
2006,10,1,2,468,6.7919
2006,10,1,3,390,6.7843
2006,10,1,4,436,5.3970
2006,10,1,5,429,7.5079
2006,10,2,1,174,6.1543
2006,10,2,2,181,5.5400
2006,10,2,3,244,5.8467
2006,10,2,4,271,5.3861
2006,10,2,5,271,5.7766
2006,10,3,1,124,3.2557
2006,10,3,2,190,3.5765
2006,10,3,3,224,3.1372
2006,10,3,4,262,3.2245
2006,10,3,5,283,4.2218
2006,11,1,1,1069,2.7325
2006,11,1,2,535,2.6443
2006,11,1,3,472,2.4917
2006,11,1,4,497,1.9481
2006,11,1,5,484,2.1714
2006,11,2,1,183,2.5974
2006,11,2,2,213,3.1399
2006,11,2,3,279,2.9866
2006,11,2,4,303,3.8193
2006,11,2,5,279,2.4099
2006,11,3,1,142,1.8648
2006,11,3,2,210,2.4058
2006,11,3,3,241,1.1946
2006,11,3,4,281,2.1838
2006,11,3,5,293,2.9552
2006,12,1,1,1065,1.6656
2006,12,1,2,528,3.1047
2006,12,1,3,483,1.5931
2006,12,1,4,496,1.4738
2006,12,1,5,480,1.2191
2006,12,2,1,186,0.6552
2006,12,2,2,219,0.5645
2006,12,2,3,275,0.7829
2006,12,2,4,303,-0.3302
2006,12,2,5,277,-0.8263
2006,12,3,1,150,3.2902
2006,12,3,2,209,1.6348
2006,12,3,3,240,1.5102
2006,12,3,4,288,0.0089
2006,12,3,5,289,-0.7067
2007,1,1,1,972,2.5454
2007,1,1,2,417,1.7366
2007,1,1,3,386,2.1737
2007,1,1,4,388,2.1511
2007,1,1,5,415,0.6590
2007,1,2,1,170,2.6443
2007,1,2,2,186,2.3542
2007,1,2,3,223,1.8102
2007,1,2,4,248,2.3400
2007,1,2,5,242,2.2784
2007,1,3,1,133,1.2814
2007,1,3,2,179,2.6505
2007,1,3,3,191,3.1996
2007,1,3,4,229,2.7809
2007,1,3,5,260,1.9472
2007,2,1,1,1025,-0.4031
2007,2,1,2,509,1.4680
2007,2,1,3,436,0.3080
2007,2,1,4,470,-0.3186
2007,2,1,5,448,0.5317
2007,2,2,1,182,-1.0105
2007,2,2,2,210,0.5517
2007,2,2,3,243,0.9195
2007,2,2,4,281,-0.1507
2007,2,2,5,250,-0.2496
2007,2,3,1,147,-1.6622
2007,2,3,2,201,-0.5260
2007,2,3,3,214,-1.5042
2007,2,3,4,247,-1.1965
2007,2,3,5,270,-2.6659
2007,3,1,1,1023,0.4739
2007,3,1,2,510,1.1291
2007,3,1,3,450,0.7226
2007,3,1,4,467,1.3947
2007,3,1,5,440,1.5275
2007,3,2,1,185,1.0615
2007,3,2,2,208,1.2836
2007,3,2,3,238,1.8829
2007,3,2,4,285,1.6269
2007,3,2,5,252,2.2205
2007,3,3,1,148,0.9417
2007,3,3,2,203,1.1699
2007,3,3,3,213,1.5763
2007,3,3,4,246,2.0266
2007,3,3,5,271,1.1469
2007,4,1,1,951,1.0718
2007,4,1,2,436,3.0901
2007,4,1,3,392,1.9027
2007,4,1,4,401,1.9956
2007,4,1,5,384,1.9938
2007,4,2,1,164,2.4034
2007,4,2,2,183,1.9630
2007,4,2,3,208,2.8448
2007,4,2,4,254,3.3367
2007,4,2,5,237,3.6244
2007,4,3,1,132,3.8268
2007,4,3,2,177,3.5620
2007,4,3,3,184,2.8563
2007,4,3,4,219,3.6131
2007,4,3,5,260,5.7801
2007,5,1,1,1014,1.9066
2007,5,1,2,537,3.4875
2007,5,1,3,485,4.1696
2007,5,1,4,461,4.2466
2007,5,1,5,448,3.9222
2007,5,2,1,181,5.0188
2007,5,2,2,210,4.9561
2007,5,2,3,247,5.3401
2007,5,2,4,277,4.6659
2007,5,2,5,266,4.6050
2007,5,3,1,135,2.7392
2007,5,3,2,199,5.0187
2007,5,3,3,214,4.9858
2007,5,3,4,254,5.0944
2007,5,3,5,283,3.0733
2007,6,1,1,1007,-0.6015
2007,6,1,2,544,1.2924
2007,6,1,3,485,0.9200
2007,6,1,4,479,0.5755
2007,6,1,5,453,0.9473
2007,6,2,1,182,-1.5383
2007,6,2,2,219,-0.7100
2007,6,2,3,259,-0.4009
2007,6,2,4,282,-0.5576
2007,6,2,5,271,-0.2954
2007,6,3,1,138,0.3118
2007,6,3,2,201,-0.8568
2007,6,3,3,220,-1.3907
2007,6,3,4,266,-0.1962
2007,6,3,5,293,-1.0474
2007,7,1,1,928,-6.0924
2007,7,1,2,469,-5.6684
2007,7,1,3,384,-4.6897
2007,7,1,4,407,-5.1179
2007,7,1,5,392,-5.2928
2007,7,2,1,160,-8.7702
2007,7,2,2,193,-4.4446
2007,7,2,3,229,-4.1074
2007,7,2,4,255,-4.5248
2007,7,2,5,247,-3.8284
2007,7,3,1,118,-3.2807
2007,7,3,2,168,-4.2544
2007,7,3,3,200,-1.4785
2007,7,3,4,237,-1.6408
2007,7,3,5,277,-1.1989
2007,8,1,1,1030,-1.8363
2007,8,1,2,551,-0.1622
2007,8,1,3,487,-0.5708
2007,8,1,4,460,-0.1346
2007,8,1,5,435,-0.2081
2007,8,2,1,183,-0.0829
2007,8,2,2,222,0.4705
2007,8,2,3,266,0.8216
2007,8,2,4,288,2.5339
2007,8,2,5,282,0.9014
2007,8,3,1,127,-0.1242
2007,8,3,2,193,0.8212
2007,8,3,3,235,1.1191
2007,8,3,4,261,1.7151
2007,8,3,5,297,2.0898
2007,9,1,1,1027,0.1839
2007,9,1,2,548,0.5068
2007,9,1,3,484,1.3172
2007,9,1,4,460,1.9020
2007,9,1,5,446,3.4681
2007,9,2,1,183,0.2049
2007,9,2,2,224,1.6919
2007,9,2,3,270,1.6127
2007,9,2,4,296,2.2967
2007,9,2,5,285,2.0581
2007,9,3,1,119,5.0352
2007,9,3,2,189,2.8569
2007,9,3,3,237,4.1328
2007,9,3,4,265,3.8821
2007,9,3,5,307,4.8824
2007,10,1,1,977,1.6618
2007,10,1,2,485,2.3120
2007,10,1,3,402,2.0805
2007,10,1,4,365,2.2306
2007,10,1,5,383,3.2135
2007,10,2,1,177,3.3070
2007,10,2,2,207,3.0448
2007,10,2,3,247,3.4318
2007,10,2,4,253,4.9381
2007,10,2,5,261,1.6522
2007,10,3,1,106,1.9925
2007,10,3,2,176,1.5838
2007,10,3,3,208,1.3419
2007,10,3,4,242,2.5898
2007,10,3,5,294,3.6012
2007,11,1,1,1058,-10.5692
2007,11,1,2,556,-8.9017
2007,11,1,3,476,-8.4488
2007,11,1,4,431,-7.4816
2007,11,1,5,420,-8.7244
2007,11,2,1,202,-11.3510
2007,11,2,2,234,-8.0761
2007,11,2,3,269,-7.1874
2007,11,2,4,283,-5.2789
2007,11,2,5,280,-7.2234
2007,11,3,1,125,-5.6205
2007,11,3,2,196,-3.2810
2007,11,3,3,232,-3.7367
2007,11,3,4,266,-4.2231
2007,11,3,5,304,-3.7084
2007,12,1,1,1046,-0.5160
2007,12,1,2,548,0.1404
2007,12,1,3,486,1.4050
2007,12,1,4,428,0.1577
2007,12,1,5,415,-0.1770
2007,12,2,1,215,0.3191
2007,12,2,2,234,-0.8000
2007,12,2,3,276,0.6562
2007,12,2,4,287,-0.5283
2007,12,2,5,286,0.6514
2007,12,3,1,120,-1.3580
2007,12,3,2,198,-1.6614
2007,12,3,3,239,1.1348
2007,12,3,4,277,0.4863
2007,12,3,5,305,0.6247
2008,1,1,1,950,-7.9584
2008,1,1,2,430,-7.6327
2008,1,1,3,388,-9.0876
2008,1,1,4,338,-9.6991
2008,1,1,5,342,-10.0356
2008,1,2,1,196,-6.3055
2008,1,2,2,192,-7.5947
2008,1,2,3,238,-7.8951
2008,1,2,4,239,-8.1141
2008,1,2,5,257,-9.4505
2008,1,3,1,107,-5.1089
2008,1,3,2,164,-5.2085
2008,1,3,3,200,-6.6918
2008,1,3,4,217,-7.1526
2008,1,3,5,274,-8.5288
2008,2,1,1,1023,-5.6120
2008,2,1,2,490,-3.3794
2008,2,1,3,461,-1.8783
2008,2,1,4,407,-2.8325
2008,2,1,5,373,-1.4233
2008,2,2,1,217,-3.8045
2008,2,2,2,214,0.3226
2008,2,2,3,271,-1.8054
2008,2,2,4,264,-0.9112
2008,2,2,5,270,-3.2044
2008,2,3,1,115,-4.5547
2008,2,3,2,179,-1.3226
2008,2,3,3,225,-2.1252
2008,2,3,4,247,2.3320
2008,2,3,5,282,-1.3159
2008,3,1,1,1021,-4.0460
2008,3,1,2,486,-0.3483
2008,3,1,3,442,0.1541
2008,3,1,4,417,0.9883
2008,3,1,5,374,-1.4743
2008,3,2,1,219,-1.4063
2008,3,2,2,212,0.6313
2008,3,2,3,269,0.6401
2008,3,2,4,267,0.5235
2008,3,2,5,274,-0.8682
2008,3,3,1,118,3.8366
2008,3,3,2,181,-0.7565
2008,3,3,3,226,1.1306
2008,3,3,4,248,-1.0037
2008,3,3,5,288,-0.1028
2008,4,1,1,942,2.2236
2008,4,1,2,397,2.4845
2008,4,1,3,366,2.6751
2008,4,1,4,354,3.2234
2008,4,1,5,350,2.8445
2008,4,2,1,205,2.2495
2008,4,2,2,190,3.9465
2008,4,2,3,240,3.3599
2008,4,2,4,237,6.0153
2008,4,2,5,243,4.7074
2008,4,3,1,101,-3.1916
2008,4,3,2,155,5.0487
2008,4,3,3,193,4.6518
2008,4,3,4,225,5.4383
2008,4,3,5,270,5.2801
2008,5,1,1,1002,3.6549
2008,5,1,2,460,5.3810
2008,5,1,3,452,6.1797
2008,5,1,4,418,6.1780
2008,5,1,5,402,6.5265
2008,5,2,1,217,3.6558
2008,5,2,2,222,6.2359
2008,5,2,3,281,5.1676
2008,5,2,4,273,7.4143
2008,5,2,5,273,7.2422
2008,5,3,1,107,-0.2743
2008,5,3,2,183,4.5469
2008,5,3,3,228,2.7542
2008,5,3,4,249,3.2655
2008,5,3,5,298,2.9794
2008,6,1,1,991,-8.5441
2008,6,1,2,467,-8.9179
2008,6,1,3,457,-7.1476
2008,6,1,4,437,-7.5464
2008,6,1,5,412,-6.7233
2008,6,2,1,225,-10.5018
2008,6,2,2,228,-7.6301
2008,6,2,3,286,-10.1302
2008,6,2,4,277,-8.4293
2008,6,2,5,274,-7.5983
2008,6,3,1,104,-10.7791
2008,6,3,2,182,-7.1918
2008,6,3,3,233,-8.5803
2008,6,3,4,259,-6.6154
2008,6,3,5,303,-4.5935
2008,7,1,1,945,1.2477
2008,7,1,2,390,0.8857
2008,7,1,3,389,4.5096
2008,7,1,4,374,2.2718
2008,7,1,5,372,3.9537
2008,7,2,1,205,0.5816
2008,7,2,2,204,1.0073
2008,7,2,3,244,2.4573
2008,7,2,4,251,0.8860
2008,7,2,5,257,-0.6394
2008,7,3,1,92,-2.0727
2008,7,3,2,169,-1.4378
2008,7,3,3,197,-2.3356
2008,7,3,4,241,-3.5332
2008,7,3,5,277,-1.7460
2008,8,1,1,1064,1.3437
2008,8,1,2,490,5.2420
2008,8,1,3,472,5.5917
2008,8,1,4,436,3.8203
2008,8,1,5,415,1.4127
2008,8,2,1,230,4.8287
2008,8,2,2,250,5.8331
2008,8,2,3,292,4.3172
2008,8,2,4,298,4.8012
2008,8,2,5,278,4.3024
2008,8,3,1,109,1.6261
2008,8,3,2,202,0.8362
2008,8,3,3,233,2.6386
2008,8,3,4,275,2.3242
2008,8,3,5,296,1.5081
2008,9,1,1,1060,-11.4864
2008,9,1,2,498,-9.0787
2008,9,1,3,471,-10.3541
2008,9,1,4,436,-12.0985
2008,9,1,5,422,-11.2846
2008,9,2,1,225,-12.0622
2008,9,2,2,253,-10.4047
2008,9,2,3,298,-9.5998
2008,9,2,4,305,-10.5606
2008,9,2,5,288,-11.5464
2008,9,3,1,109,-13.0659
2008,9,3,2,200,-10.9845
2008,9,3,3,232,-10.5499
2008,9,3,4,283,-10.4070
2008,9,3,5,302,-9.4716
2008,10,1,1,1002,-25.6951
2008,10,1,2,421,-24.3521
2008,10,1,3,401,-22.6521
2008,10,1,4,353,-22.4700
2008,10,1,5,362,-19.0640
2008,10,2,1,209,-26.3311
2008,10,2,2,230,-26.4442
2008,10,2,3,266,-24.8496
2008,10,2,4,270,-19.2049
2008,10,2,5,267,-21.1630
2008,10,3,1,94,-28.0162
2008,10,3,2,180,-21.5412
2008,10,3,3,209,-15.1721
2008,10,3,4,255,-17.0013
2008,10,3,5,288,-13.9038
2008,11,1,1,1062,-17.4326
2008,11,1,2,518,-13.9815
2008,11,1,3,460,-14.6029
2008,11,1,4,402,-15.0563
2008,11,1,5,390,-11.6161
2008,11,2,1,236,-17.1378
2008,11,2,2,271,-12.7149
2008,11,2,3,326,-11.5964
2008,11,2,4,300,-11.9987
2008,11,2,5,283,-13.5354
2008,11,3,1,108,-13.0695
2008,11,3,2,194,-9.8309
2008,11,3,3,229,-3.4895
2008,11,3,4,282,-5.2135
2008,11,3,5,312,-5.9753
2008,12,1,1,1047,2.1966
2008,12,1,2,525,6.8618
2008,12,1,3,475,5.7352
2008,12,1,4,402,7.1497
2008,12,1,5,383,4.0232
2008,12,2,1,246,7.9330
2008,12,2,2,272,6.2761
2008,12,2,3,334,6.1320
2008,12,2,4,309,4.7057
2008,12,2,5,288,4.1493
2008,12,3,1,109,4.0978
2008,12,3,2,195,3.9781
2008,12,3,3,236,1.3140
2008,12,3,4,288,0.7051
2008,12,3,5,311,2.3768
2009,1,1,1,955,-6.5337
2009,1,1,2,439,-11.7623
2009,1,1,3,377,-8.7232
2009,1,1,4,307,-8.9523
2009,1,1,5,318,-8.9847
2009,1,2,1,222,-6.6613
2009,1,2,2,226,-11.4972
2009,1,2,3,284,-7.1783
2009,1,2,4,255,-8.8093
2009,1,2,5,263,-9.4547
2009,1,3,1,99,-13.1085
2009,1,3,2,164,-7.4540
2009,1,3,3,190,-7.4958
2009,1,3,4,243,-5.8154
2009,1,3,5,279,-4.0147
2009,2,1,1,1012,-11.7869
2009,2,1,2,512,-14.5595
2009,2,1,3,451,-11.0916
2009,2,1,4,368,-12.4234
2009,2,1,5,341,-10.6574
2009,2,2,1,233,-13.5704
2009,2,2,2,244,-11.7150
2009,2,2,3,323,-9.9640
2009,2,2,4,307,-11.3302
2009,2,2,5,286,-9.9557
2009,2,3,1,110,-17.4798
2009,2,3,2,181,-10.6014
2009,2,3,3,223,-8.3903
2009,2,3,4,265,-7.9440
2009,2,3,5,292,-8.0583
2009,3,1,1,1000,9.9981
2009,3,1,2,516,13.5669
2009,3,1,3,451,10.5053
2009,3,1,4,377,12.3977
2009,3,1,5,338,9.8763
2009,3,2,1,244,12.5765
2009,3,2,2,252,12.7915
2009,3,2,3,318,10.5499
2009,3,2,4,318,8.6046
2009,3,2,5,284,9.7541
2009,3,3,1,110,10.4591
2009,3,3,2,185,8.7570
2009,3,3,3,225,7.5481
2009,3,3,4,274,8.2315
2009,3,3,5,292,8.0999
2009,4,1,1,896,26.4361
2009,4,1,2,444,28.0723
2009,4,1,3,358,26.7753
2009,4,1,4,300,24.4067
2009,4,1,5,277,21.2989
2009,4,2,1,230,27.9385
2009,4,2,2,213,25.8835
2009,4,2,3,273,22.6240
2009,4,2,4,287,21.3807
2009,4,2,5,263,22.0759
2009,4,3,1,97,20.5666
2009,4,3,2,160,15.1999
2009,4,3,3,198,9.6250
2009,4,3,4,243,10.2827
2009,4,3,5,272,4.5584
2009,5,1,1,968,9.5910
2009,5,1,2,558,10.2776
2009,5,1,3,452,8.9311
2009,5,1,4,377,14.3678
2009,5,1,5,337,11.9136
2009,5,2,1,245,4.3303
2009,5,2,2,258,3.8572
2009,5,2,3,326,2.1791
2009,5,2,4,340,4.0475
2009,5,2,5,309,6.5107
2009,5,3,1,126,5.2765
2009,5,3,2,193,4.6572
2009,5,3,3,246,0.9808
2009,5,3,4,294,3.7661
2009,5,3,5,313,5.6661
2009,6,1,1,957,7.0391
2009,6,1,2,566,6.3826
2009,6,1,3,458,3.8272
2009,6,1,4,385,6.3295
2009,6,1,5,346,4.0725
2009,6,2,1,253,-0.5168
2009,6,2,2,263,0.6310
2009,6,2,3,324,1.4732
2009,6,2,4,351,1.4734
2009,6,2,5,316,2.8543
2009,6,3,1,129,-4.1910
2009,6,3,2,201,-1.7524
2009,6,3,3,257,-0.4611
2009,6,3,4,303,0.6897
2009,6,3,5,323,1.6455
2009,7,1,1,851,13.3655
2009,7,1,2,468,13.0803
2009,7,1,3,380,11.1507
2009,7,1,4,330,11.6524
2009,7,1,5,293,7.5488
2009,7,2,1,225,14.1550
2009,7,2,2,227,12.9921
2009,7,2,3,279,11.0616
2009,7,2,4,311,7.7359
2009,7,2,5,282,8.1512
2009,7,3,1,112,12.3451
2009,7,3,2,175,10.9104
2009,7,3,3,220,8.1610
2009,7,3,4,264,7.0662
2009,7,3,5,299,6.3118
2009,8,1,1,938,7.1890
2009,8,1,2,559,7.1606
2009,8,1,3,447,4.4436
2009,8,1,4,416,3.3165
2009,8,1,5,364,2.7897
2009,8,2,1,247,5.1301
2009,8,2,2,265,7.3537
2009,8,2,3,318,2.4720
2009,8,2,4,360,0.9987
2009,8,2,5,288,1.8096
2009,8,3,1,130,4.2929
2009,8,3,2,206,2.7248
2009,8,3,3,256,1.7127
2009,8,3,4,315,2.2252
2009,8,3,5,327,1.6826
2009,9,1,1,932,9.0297
2009,9,1,2,559,9.7386
2009,9,1,3,457,9.7091
2009,9,1,4,424,8.2278
2009,9,1,5,372,7.9754
2009,9,2,1,241,8.2991
2009,9,2,2,260,8.8021
2009,9,2,3,318,6.4910
2009,9,2,4,355,6.7100
2009,9,2,5,293,7.9366
2009,9,3,1,130,8.4724
2009,9,3,2,208,8.3638
2009,9,3,3,259,4.2226
2009,9,3,4,314,4.0563
2009,9,3,5,328,3.8676
2009,10,1,1,849,-9.4758
2009,10,1,2,466,-6.9099
2009,10,1,3,382,-6.4371
2009,10,1,4,349,-5.5919
2009,10,1,5,318,-9.1419
2009,10,2,1,210,-9.5524
2009,10,2,2,223,-7.7526
2009,10,2,3,256,-5.7683
2009,10,2,4,278,-5.8225
2009,10,2,5,251,-4.4808
2009,10,3,1,116,-5.3740
2009,10,3,2,174,-5.8330
2009,10,3,3,209,-1.1267
2009,10,3,4,265,-0.2280
2009,10,3,5,291,-0.2788
2009,11,1,1,900,0.6197
2009,11,1,2,523,2.9609
2009,11,1,3,449,2.1113
2009,11,1,4,395,1.8767
2009,11,1,5,361,1.8891
2009,11,2,1,223,3.9058
2009,11,2,2,250,4.7645
2009,11,2,3,288,2.3896
2009,11,2,4,300,1.5485
2009,11,2,5,264,2.4762
2009,11,3,1,138,6.1530
2009,11,3,2,192,6.8228
2009,11,3,3,244,4.0540
2009,11,3,4,298,5.9149
2009,11,3,5,306,6.4007
2009,12,1,1,889,9.5461
2009,12,1,2,516,10.3828
2009,12,1,3,446,8.8335
2009,12,1,4,400,8.3425
2009,12,1,5,358,8.2532
2009,12,2,1,218,11.0347
2009,12,2,2,245,8.6872
2009,12,2,3,284,8.1468
2009,12,2,4,298,8.5263
2009,12,2,5,266,8.2984
2009,12,3,1,139,6.5127
2009,12,3,2,200,4.2527
2009,12,3,3,242,2.8589
2009,12,3,4,294,1.0157
2009,12,3,5,304,2.8896
2010,1,1,1,798,-3.2431
2010,1,1,2,392,-3.2558
2010,1,1,3,348,-3.4808
2010,1,1,4,313,-3.2430
2010,1,1,5,310,-4.7665
2010,1,2,1,184,-3.2042
2010,1,2,2,200,-5.0961
2010,1,2,3,230,-3.4885
2010,1,2,4,244,-3.7243
2010,1,2,5,234,-3.1080
2010,1,3,1,119,-3.1989
2010,1,3,2,165,-3.2904
2010,1,3,3,197,-3.5148
2010,1,3,4,242,-4.8876
2010,1,3,5,266,-4.4471
2010,2,1,1,848,6.3662
2010,2,1,2,455,5.3526
2010,2,1,3,402,5.3190
2010,2,1,4,376,2.9508
2010,2,1,5,368,4.3268
2010,2,2,1,199,5.9448
2010,2,2,2,225,5.7160
2010,2,2,3,243,5.1602
2010,2,2,4,262,4.4236
2010,2,2,5,264,4.2482
2010,2,3,1,125,4.1910
2010,2,3,2,192,5.2331
2010,2,3,3,232,3.8452
2010,2,3,4,271,3.6528
2010,2,3,5,275,2.7785
2010,3,1,1,842,9.1846
2010,3,1,2,457,7.5487
2010,3,1,3,403,7.1038
2010,3,1,4,379,9.2489
2010,3,1,5,371,8.0434
2010,3,2,1,202,7.3925
2010,3,2,2,225,8.4048
2010,3,2,3,240,8.5186
2010,3,2,4,269,8.8653
2010,3,2,5,266,8.0695
2010,3,3,1,122,9.1443
2010,3,3,2,193,6.9895
2010,3,3,3,231,5.6373
2010,3,3,4,274,4.7136
2010,3,3,5,279,5.4218
2010,4,1,1,750,9.7936
2010,4,1,2,356,8.7073
2010,4,1,3,334,8.2265
2010,4,1,4,305,5.7919
2010,4,1,5,338,5.9137
2010,4,2,1,176,7.5817
2010,4,2,2,190,7.2962
2010,4,2,3,194,6.2095
2010,4,2,4,229,5.9815
2010,4,2,5,245,3.5518
2010,4,3,1,96,2.0042
2010,4,3,2,158,4.7118
2010,4,3,3,201,3.7786
2010,4,3,4,240,1.1630
2010,4,3,5,257,0.4264
2010,5,1,1,812,-10.4557
2010,5,1,2,437,-8.9161
2010,5,1,3,427,-8.3923
2010,5,1,4,377,-7.3616
2010,5,1,5,391,-6.8797
2010,5,2,1,199,-11.4785
2010,5,2,2,216,-9.1932
2010,5,2,3,233,-6.7974
2010,5,2,4,262,-5.1712
2010,5,2,5,271,-5.4716
2010,5,3,1,103,-11.1788
2010,5,3,2,189,-8.5642
2010,5,3,3,246,-7.2953
2010,5,3,4,282,-7.5664
2010,5,3,5,279,-7.1421
2010,6,1,1,820,-11.1033
2010,6,1,2,445,-8.5831
2010,6,1,3,428,-6.2214
2010,6,1,4,377,-6.2518
2010,6,1,5,401,-6.0116
2010,6,2,1,203,-12.1852
2010,6,2,2,221,-8.7428
2010,6,2,3,235,-7.6586
2010,6,2,4,260,-7.0823
2010,6,2,5,273,-5.8349
2010,6,3,1,101,-10.4582
2010,6,3,2,189,-7.4914
2010,6,3,3,248,-5.6904
2010,6,3,4,289,-5.6292
2010,6,3,5,288,-4.0196
2010,7,1,1,730,7.0098
2010,7,1,2,373,7.6181
2010,7,1,3,340,7.1265
2010,7,1,4,316,6.9105
2010,7,1,5,356,5.8600
2010,7,2,1,173,7.5776
2010,7,2,2,192,8.6534
2010,7,2,3,192,7.7102
2010,7,2,4,224,7.4878
2010,7,2,5,262,5.4401
2010,7,3,1,88,9.2849
2010,7,3,2,168,9.5496
2010,7,3,3,220,7.8898
2010,7,3,4,256,7.0694
2010,7,3,5,269,6.0461
2010,8,1,1,815,-9.8626
2010,8,1,2,462,-9.7776
2010,8,1,3,402,-8.3164
2010,8,1,4,389,-7.6400
2010,8,1,5,399,-7.0465
2010,8,2,1,185,-7.1837
2010,8,2,2,211,-7.7845
2010,8,2,3,222,-7.3372
2010,8,2,4,258,-5.9125
2010,8,2,5,278,-6.8135
2010,8,3,1,106,-6.7993
2010,8,3,2,183,-5.1960
2010,8,3,3,245,-4.2502
2010,8,3,4,290,-2.7519
2010,8,3,5,292,-4.0828
2010,9,1,1,815,13.4786
2010,9,1,2,471,12.3807
2010,9,1,3,412,13.1169
2010,9,1,4,386,12.6136
2010,9,1,5,404,11.9822
2010,9,2,1,186,14.5210
2010,9,2,2,212,15.3819
2010,9,2,3,225,13.3478
2010,9,2,4,251,13.5584
2010,9,2,5,279,15.0456
2010,9,3,1,106,12.1920
2010,9,3,2,189,10.5068
2010,9,3,3,248,9.2458
2010,9,3,4,294,9.0839
2010,9,3,5,299,11.0236
2010,10,1,1,748,4.8782
2010,10,1,2,400,5.8892
2010,10,1,3,339,4.6217
2010,10,1,4,323,6.2535
2010,10,1,5,361,8.1251
2010,10,2,1,176,1.2442
2010,10,2,2,192,4.0244
2010,10,2,3,199,4.0563
2010,10,2,4,225,4.6096
2010,10,2,5,254,3.9444
2010,10,3,1,95,2.8433
2010,10,3,2,168,5.3691
2010,10,3,3,221,5.1130
2010,10,3,4,260,3.7743
2010,10,3,5,279,4.8653
2010,11,1,1,810,4.0057
2010,11,1,2,460,3.5815
2010,11,1,3,386,4.4180
2010,11,1,4,388,3.2489
2010,11,1,5,413,3.9493
2010,11,2,1,197,4.6169
2010,11,2,2,222,3.9095
2010,11,2,3,222,3.9765
2010,11,2,4,259,3.9679
2010,11,2,5,283,5.0455
2010,11,3,1,107,0.9183
2010,11,3,2,191,0.0408
2010,11,3,3,241,0.7155
2010,11,3,4,279,1.2784
2010,11,3,5,293,-0.4200
2010,12,1,1,808,11.2819
2010,12,1,2,458,8.8397
2010,12,1,3,384,8.7329
2010,12,1,4,383,7.1725
2010,12,1,5,412,7.0963
2010,12,2,1,193,8.2772
2010,12,2,2,223,9.6339
2010,12,2,3,222,7.7557
2010,12,2,4,258,6.1388
2010,12,2,5,283,6.7953
2010,12,3,1,108,10.4185
2010,12,3,2,191,8.3072
2010,12,3,3,241,6.6761
2010,12,3,4,282,5.3366
2010,12,3,5,297,5.5891
2011,1,1,1,717,-1.9903
2011,1,1,2,367,-0.3138
2011,1,1,3,287,-0.9846
2011,1,1,4,317,-1.0505
2011,1,1,5,353,-0.7605
2011,1,2,1,175,1.1686
2011,1,2,2,187,2.1487
2011,1,2,3,191,1.3978
2011,1,2,4,225,0.5116
2011,1,2,5,260,0.6051
2011,1,3,1,100,5.0560
2011,1,3,2,164,2.9522
2011,1,3,3,203,1.9266
2011,1,3,4,230,2.8982
2011,1,3,5,283,1.3125
2011,2,1,1,758,6.0525
2011,2,1,2,433,5.7342
2011,2,1,3,366,4.6421
2011,2,1,4,363,5.1114
2011,2,1,5,406,4.6008
2011,2,2,1,189,5.6790
2011,2,2,2,203,5.4180
2011,2,2,3,206,6.6145
2011,2,2,4,249,5.8745
2011,2,2,5,283,5.0573
2011,2,3,1,121,5.3492
2011,2,3,2,182,4.4522
2011,2,3,3,222,4.0638
2011,2,3,4,249,2.7775
2011,2,3,5,283,3.3398
2011,3,1,1,767,2.1663
2011,3,1,2,423,2.0266
2011,3,1,3,369,2.7346
2011,3,1,4,373,2.6310
2011,3,1,5,413,0.8312
2011,3,2,1,189,0.4091
2011,3,2,2,201,3.2448
2011,3,2,3,197,3.3440
2011,3,2,4,255,3.8859
2011,3,2,5,289,2.8661
2011,3,3,1,122,-0.4778
2011,3,3,2,188,1.1492
2011,3,3,3,224,1.6920
2011,3,3,4,250,0.6858
2011,3,3,5,284,0.5502
2011,4,1,1,692,0.7576
2011,4,1,2,341,1.2292
2011,4,1,3,305,1.8563
2011,4,1,4,298,1.0828
2011,4,1,5,371,0.8798
2011,4,2,1,172,1.9216
2011,4,2,2,159,2.1459
2011,4,2,3,167,1.7108
2011,4,2,4,214,1.4959
2011,4,2,5,281,3.9521
2011,4,3,1,106,2.7944
2011,4,3,2,159,3.4779
2011,4,3,3,189,2.2271
2011,4,3,4,206,3.9494
2011,4,3,5,264,3.9001
2011,5,1,1,744,-2.8277
2011,5,1,2,413,-2.6574
2011,5,1,3,381,-1.5731
2011,5,1,4,359,-1.2621
2011,5,1,5,414,-2.0583
2011,5,2,1,185,-2.1274
2011,5,2,2,184,-1.5709
2011,5,2,3,189,-1.8284
2011,5,2,4,239,-1.1696
2011,5,2,5,297,-1.1491
2011,5,3,1,120,-1.9771
2011,5,3,2,182,-1.0473
2011,5,3,3,224,-0.7027
2011,5,3,4,249,-1.8688
2011,5,3,5,277,-0.3762
2011,6,1,1,746,-4.4323
2011,6,1,2,418,-1.6211
2011,6,1,3,392,-1.0140
2011,6,1,4,368,-1.9702
2011,6,1,5,421,-1.7376
2011,6,2,1,186,-2.7800
2011,6,2,2,187,-1.3048
2011,6,2,3,192,-0.9883
2011,6,2,4,248,-1.2097
2011,6,2,5,297,-2.1259
2011,6,3,1,118,-2.9607
2011,6,3,2,186,-1.4729
2011,6,3,3,229,-1.5122
2011,6,3,4,255,-1.8005
2011,6,3,5,285,-1.1508
2011,7,1,1,670,-2.5846
2011,7,1,2,346,-1.5569
2011,7,1,3,330,-2.2860
2011,7,1,4,316,-3.9583
2011,7,1,5,376,-3.4493
2011,7,2,1,173,-5.5655
2011,7,2,2,156,-3.0873
2011,7,2,3,155,-3.9982
2011,7,2,4,211,-4.8125
2011,7,2,5,278,-4.4749
2011,7,3,1,101,-3.4529
2011,7,3,2,165,-2.9141
2011,7,3,3,204,-3.5878
2011,7,3,4,244,-3.0886
2011,7,3,5,265,0.7264
2011,8,1,1,758,-13.6037
2011,8,1,2,439,-9.8355
2011,8,1,3,394,-9.1859
2011,8,1,4,402,-9.3422
2011,8,1,5,404,-10.0812
2011,8,2,1,180,-11.8690
2011,8,2,2,199,-10.1727
2011,8,2,3,188,-8.7314
2011,8,2,4,234,-8.4489
2011,8,2,5,285,-8.3733
2011,8,3,1,114,-8.5848
2011,8,3,2,187,-6.6321
2011,8,3,3,245,-4.5349
2011,8,3,4,263,-4.6389
2011,8,3,5,280,-4.6615
2011,9,1,1,759,-13.5449
2011,9,1,2,443,-12.1784
2011,9,1,3,393,-11.2512
2011,9,1,4,395,-9.9461
2011,9,1,5,408,-9.9960
2011,9,2,1,182,-13.0935
2011,9,2,2,203,-12.4101
2011,9,2,3,198,-12.0702
2011,9,2,4,239,-11.0514
2011,9,2,5,284,-10.6978
2011,9,3,1,113,-9.6826
2011,9,3,2,189,-9.8852
2011,9,3,3,247,-8.1692
2011,9,3,4,275,-6.4072
2011,9,3,5,283,-5.1908
2011,10,1,1,706,13.4409
2011,10,1,2,382,14.4486
2011,10,1,3,312,14.8113
2011,10,1,4,332,13.7928
2011,10,1,5,366,14.6454
2011,10,2,1,165,16.0187
2011,10,2,2,187,15.8164
2011,10,2,3,181,15.9617
2011,10,2,4,213,15.5716
2011,10,2,5,267,17.4944
2011,10,3,1,95,13.1681
2011,10,3,2,167,13.1371
2011,10,3,3,223,10.8147
2011,10,3,4,248,10.4892
2011,10,3,5,276,9.7597
2011,11,1,1,757,-3.3654
2011,11,1,2,458,-1.2286
2011,11,1,3,384,-1.3818
2011,11,1,4,397,-1.8828
2011,11,1,5,397,-1.3661
2011,11,2,1,190,-2.3442
2011,11,2,2,214,0.1995
2011,11,2,3,212,0.3440
2011,11,2,4,245,0.1292
2011,11,2,5,284,-1.2581
2011,11,3,1,109,-2.0432
2011,11,3,2,183,-0.5383
2011,11,3,3,242,1.7222
2011,11,3,4,272,1.0459
2011,11,3,5,288,-0.4930
2011,12,1,1,758,-0.1072
2011,12,1,2,459,2.5667
2011,12,1,3,388,0.8759
2011,12,1,4,395,2.5298
2011,12,1,5,401,-0.0736
2011,12,2,1,191,0.4240
2011,12,2,2,213,-0.1346
2011,12,2,3,213,0.9156
2011,12,2,4,246,-0.3478
2011,12,2,5,288,-1.2372
2011,12,3,1,108,4.7825
2011,12,3,2,186,0.2129
2011,12,3,3,243,0.9853
2011,12,3,4,278,0.3061
2011,12,3,5,290,0.1486
2012,1,1,1,689,9.5870
2012,1,1,2,380,7.9326
2012,1,1,3,284,8.8511
2012,1,1,4,318,7.5951
2012,1,1,5,330,9.4681
2012,1,2,1,173,8.5759
2012,1,2,2,186,6.6059
2012,1,2,3,169,6.9200
2012,1,2,4,208,7.0639
2012,1,2,5,264,8.9775
2012,1,3,1,91,6.1696
2012,1,3,2,148,6.3180
2012,1,3,3,204,2.3507
2012,1,3,4,239,4.1600
2012,1,3,5,274,5.6471
2012,2,1,1,753,2.3545
2012,2,1,2,435,2.2713
2012,2,1,3,355,1.2504
2012,2,1,4,357,1.9010
2012,2,1,5,362,1.7092
2012,2,2,1,181,5.7916
2012,2,2,2,199,4.0541
2012,2,2,3,201,3.5668
2012,2,2,4,234,1.8447
2012,2,2,5,282,3.9051
2012,2,3,1,101,4.1557
2012,2,3,2,169,4.2891
2012,2,3,3,218,4.5663
2012,2,3,4,256,2.6495
2012,2,3,5,291,5.2488
2012,3,1,1,748,0.9315
2012,3,1,2,429,3.2733
2012,3,1,3,347,3.6928
2012,3,1,4,360,3.4123
2012,3,1,5,356,4.5507
2012,3,2,1,181,2.8621
2012,3,2,2,200,1.7192
2012,3,2,3,195,1.5438
2012,3,2,4,229,1.9361
2012,3,2,5,280,1.7507
2012,3,3,1,104,2.4507
2012,3,3,2,169,1.4923
2012,3,3,3,212,0.8667
2012,3,3,4,259,1.9305
2012,3,3,5,290,3.9579
2012,4,1,1,667,-2.5361
2012,4,1,2,353,-2.6221
2012,4,1,3,292,-1.2632
2012,4,1,4,284,-2.1307
2012,4,1,5,307,-3.3122
2012,4,2,1,161,-0.3737
2012,4,2,2,174,-1.0232
2012,4,2,3,169,-0.9138
2012,4,2,4,205,-1.8011
2012,4,2,5,254,-1.8648
2012,4,3,1,88,-1.4698
2012,4,3,2,149,-1.6122
2012,4,3,3,185,0.0662
2012,4,3,4,228,-0.3400
2012,4,3,5,277,-0.7562
2012,5,1,1,726,-9.3762
2012,5,1,2,437,-8.5090
2012,5,1,3,364,-7.7824
2012,5,1,4,335,-8.2204
2012,5,1,5,355,-7.5435
2012,5,2,1,178,-7.7992
2012,5,2,2,202,-7.8993
2012,5,2,3,215,-8.2993
2012,5,2,4,233,-6.5557
2012,5,2,5,274,-7.7706
2012,5,3,1,111,-4.5375
2012,5,3,2,188,-6.5186
2012,5,3,3,220,-4.3103
2012,5,3,4,259,-6.5263
2012,5,3,5,300,-6.2432
2012,6,1,1,728,5.5617
2012,6,1,2,432,5.9803
2012,6,1,3,367,5.8392
2012,6,1,4,343,6.3252
2012,6,1,5,352,5.7503
2012,6,2,1,182,5.7224
2012,6,2,2,210,3.5099
2012,6,2,3,222,4.1904
2012,6,2,4,233,3.4478
2012,6,2,5,279,3.7945
2012,6,3,1,109,4.8076
2012,6,3,2,189,4.1459
2012,6,3,3,225,2.7929
2012,6,3,4,268,4.1259
2012,6,3,5,311,3.0863
2012,7,1,1,657,-3.7424
2012,7,1,2,362,-2.7693
2012,7,1,3,298,-1.1021
2012,7,1,4,278,-2.6602
2012,7,1,5,307,-1.6164
2012,7,2,1,159,-3.5985
2012,7,2,2,186,-1.6538
2012,7,2,3,193,-3.0423
2012,7,2,4,211,-1.7747
2012,7,2,5,265,-1.5964
2012,7,3,1,99,0.4075
2012,7,3,2,169,0.0139
2012,7,3,3,201,1.6525
2012,7,3,4,239,1.7759
2012,7,3,5,291,1.2934
2012,8,1,1,739,4.2049
2012,8,1,2,418,2.5046
2012,8,1,3,368,1.9083
2012,8,1,4,334,3.3657
2012,8,1,5,338,2.0158
2012,8,2,1,184,5.7244
2012,8,2,2,209,3.3514
2012,8,2,3,226,4.6949
2012,8,2,4,249,3.6074
2012,8,2,5,283,3.6961
2012,8,3,1,117,1.6284
2012,8,3,2,202,3.7134
2012,8,3,3,234,0.9999
2012,8,3,4,275,2.7089
2012,8,3,5,312,3.5650
2012,9,1,1,737,4.8065
2012,9,1,2,420,5.1214
2012,9,1,3,369,4.2199
2012,9,1,4,334,4.0534
2012,9,1,5,343,4.9234
2012,9,2,1,184,3.9499
2012,9,2,2,211,3.5823
2012,9,2,3,226,3.5545
2012,9,2,4,244,2.2646
2012,9,2,5,285,2.2233
2012,9,3,1,122,5.5030
2012,9,3,2,200,3.2127
2012,9,3,3,238,2.4130
2012,9,3,4,274,2.4826
2012,9,3,5,318,1.8742
2012,10,1,1,659,-4.4382
2012,10,1,2,355,-3.0020
2012,10,1,3,312,-3.0105
2012,10,1,4,276,-3.9114
2012,10,1,5,292,-3.9062
2012,10,2,1,163,0.2547
2012,10,2,2,182,-0.1702
2012,10,2,3,206,-1.0194
2012,10,2,4,200,-1.5009
2012,10,2,5,257,-3.3641
2012,10,3,1,102,-3.4387
2012,10,3,2,174,-0.2743
2012,10,3,3,210,-1.0214
2012,10,3,4,250,-0.8999
2012,10,3,5,290,-4.5990
2012,11,1,1,717,0.1559
2012,11,1,2,424,1.3621
2012,11,1,3,363,1.0377
2012,11,1,4,332,1.5021
2012,11,1,5,325,1.7467
2012,11,2,1,188,1.5491
2012,11,2,2,202,1.0610
2012,11,2,3,229,1.6035
2012,11,2,4,225,1.4504
2012,11,2,5,274,1.6863
2012,11,3,1,115,0.4272
2012,11,3,2,197,2.1759
2012,11,3,3,243,1.3766
2012,11,3,4,283,1.3157
2012,11,3,5,304,1.1244
2012,12,1,1,718,2.7695
2012,12,1,2,424,5.4047
2012,12,1,3,361,4.4812
2012,12,1,4,339,2.9860
2012,12,1,5,335,3.8326
2012,12,2,1,193,4.3578
2012,12,2,2,197,4.5430
2012,12,2,3,227,3.9698
2012,12,2,4,236,2.7927
2012,12,2,5,276,3.3526
2012,12,3,1,115,1.9084
2012,12,3,2,203,3.7088
2012,12,3,3,248,0.8744
2012,12,3,4,288,0.0297
2012,12,3,5,300,-0.4728
2013,1,1,1,663,5.9279
2013,1,1,2,330,5.5272
2013,1,1,3,279,5.5702
2013,1,1,4,273,6.3203
2013,1,1,5,287,4.7384
2013,1,2,1,174,6.7072
2013,1,2,2,168,6.2239
2013,1,2,3,180,6.2995
2013,1,2,4,203,6.5349
2013,1,2,5,244,5.8342
2013,1,3,1,94,7.7016
2013,1,3,2,165,5.3560
2013,1,3,3,214,6.0558
2013,1,3,4,251,6.1246
2013,1,3,5,273,3.7787
2013,2,1,1,711,-1.1261
2013,2,1,2,393,1.2469
2013,2,1,3,347,1.5346
2013,2,1,4,319,1.3709
2013,2,1,5,325,0.1194
2013,2,2,1,187,1.0729
2013,2,2,2,183,0.9891
2013,2,2,3,194,2.0974
2013,2,2,4,221,0.3987
2013,2,2,5,257,1.0468
2013,2,3,1,114,2.2204
2013,2,3,2,176,1.3433
2013,2,3,3,234,1.4521
2013,2,3,4,261,1.2889
2013,2,3,5,290,0.8014
2013,3,1,1,706,4.8229
2013,3,1,2,395,6.1507
2013,3,1,3,347,5.4861
2013,3,1,4,325,4.4762
2013,3,1,5,326,4.4868
2013,3,2,1,187,4.8315
2013,3,2,2,185,4.5764
2013,3,2,3,202,5.8080
2013,3,2,4,224,5.9869
2013,3,2,5,264,4.5284
2013,3,3,1,114,3.6261
2013,3,3,2,184,4.9692
2013,3,3,3,230,5.6030
2013,3,3,4,266,2.8786
2013,3,3,5,292,3.0401
2013,4,1,1,634,-0.5122
2013,4,1,2,317,-0.4870
2013,4,1,3,282,0.4863
2013,4,1,4,279,-0.5637
2013,4,1,5,290,1.6981
2013,4,2,1,162,-0.3072
2013,4,2,2,158,-1.1891
2013,4,2,3,174,-1.0688
2013,4,2,4,183,-2.0698
2013,4,2,5,257,-1.5819
2013,4,3,1,101,0.4337
2013,4,3,2,157,1.7506
2013,4,3,3,198,0.6141
2013,4,3,4,238,1.3767
2013,4,3,5,273,1.7601
2013,5,1,1,693,5.9403
2013,5,1,2,380,5.2797
2013,5,1,3,349,6.4676
2013,5,1,4,335,5.5067
2013,5,1,5,331,6.2145
2013,5,2,1,186,7.3550
2013,5,2,2,189,6.2679
2013,5,2,3,200,5.5854
2013,5,2,4,219,5.6577
2013,5,2,5,272,5.1236
2013,5,3,1,117,2.3099
2013,5,3,2,196,2.9696
2013,5,3,3,222,1.7269
2013,5,3,4,271,1.2987
2013,5,3,5,293,2.7004
2013,6,1,1,687,0.2220
2013,6,1,2,383,2.4408
2013,6,1,3,349,2.2888
2013,6,1,4,337,2.2720
2013,6,1,5,338,0.4181
2013,6,2,1,182,-2.4144
2013,6,2,2,190,-0.8381
2013,6,2,3,204,0.6685
2013,6,2,4,222,-0.5719
2013,6,2,5,275,0.0255
2013,6,3,1,117,-1.1669
2013,6,3,2,200,-2.0859
2013,6,3,3,226,-0.5282
2013,6,3,4,272,-0.4511
2013,6,3,5,299,-2.8825
2013,7,1,1,616,6.5326
2013,7,1,2,317,8.6426
2013,7,1,3,288,8.4074
2013,7,1,4,261,7.8559
2013,7,1,5,288,8.2482
2013,7,2,1,167,7.0531
2013,7,2,2,170,7.3454
2013,7,2,3,181,8.5950
2013,7,2,4,186,5.6403
2013,7,2,5,253,6.6373
2013,7,3,1,108,5.0062
2013,7,3,2,179,6.0865
2013,7,3,3,198,5.0548
2013,7,3,4,239,5.1267
2013,7,3,5,278,5.9105
2013,8,1,1,698,-2.3451
2013,8,1,2,395,-2.4477
2013,8,1,3,347,-3.3928
2013,8,1,4,327,-2.8449
2013,8,1,5,312,-2.0219
2013,8,2,1,198,-3.5210
2013,8,2,2,206,-3.9016
2013,8,2,3,207,-3.0097
2013,8,2,4,220,-1.6022
2013,8,2,5,271,-0.6734
2013,8,3,1,118,-2.4700
2013,8,3,2,202,-1.6234
2013,8,3,3,230,-2.5225
2013,8,3,4,283,-3.1804
2013,8,3,5,287,-1.3027
2013,9,1,1,699,7.2017
2013,9,1,2,399,7.0427
2013,9,1,3,347,8.1765
2013,9,1,4,334,6.7655
2013,9,1,5,303,6.4110
2013,9,2,1,199,5.3917
2013,9,2,2,205,6.5102
2013,9,2,3,210,6.8307
2013,9,2,4,220,6.7012
2013,9,2,5,277,6.2114
2013,9,3,1,123,4.3087
2013,9,3,2,203,4.4214
2013,9,3,3,230,3.9903
2013,9,3,4,293,2.8918
2013,9,3,5,296,3.7607
2013,10,1,1,647,1.7142
2013,10,1,2,334,4.0467
2013,10,1,3,275,3.0763
2013,10,1,4,282,4.0558
2013,10,1,5,258,3.3514
2013,10,2,1,191,2.6609
2013,10,2,2,188,3.3179
2013,10,2,3,179,3.4805
2013,10,2,4,199,3.2545
2013,10,2,5,248,3.1104
2013,10,3,1,108,6.2131
2013,10,3,2,181,4.4589
2013,10,3,3,206,4.8376
2013,10,3,4,250,3.7240
2013,10,3,5,284,5.0425
2013,11,1,1,714,5.1789
2013,11,1,2,382,4.2691
2013,11,1,3,315,5.7948
2013,11,1,4,343,4.8927
2013,11,1,5,304,4.9909
2013,11,2,1,205,3.8054
2013,11,2,2,218,3.4704
2013,11,2,3,208,2.9499
2013,11,2,4,225,2.6570
2013,11,2,5,255,4.2629
2013,11,3,1,127,1.1727
2013,11,3,2,200,1.8581
2013,11,3,3,230,2.5110
2013,11,3,4,278,2.4596
2013,11,3,5,307,3.3218
2013,12,1,1,722,4.1820
2013,12,1,2,378,2.6859
2013,12,1,3,304,1.5317
2013,12,1,4,339,2.0697
2013,12,1,5,311,1.4886
2013,12,2,1,210,3.7903
2013,12,2,2,222,2.2254
2013,12,2,3,211,3.4468
2013,12,2,4,229,2.3503
2013,12,2,5,253,1.3280
2013,12,3,1,130,4.0152
2013,12,3,2,201,3.3358
2013,12,3,3,231,2.7808
2013,12,3,4,278,2.3286
2013,12,3,5,308,2.5616
2014,1,1,1,667,0.4197
2014,1,1,2,289,-4.0638
2014,1,1,3,229,-4.0300
2014,1,1,4,272,-2.7950
2014,1,1,5,261,-2.1649
2014,1,2,1,187,-2.3603
2014,1,2,2,189,-3.6708
2014,1,2,3,166,-4.5520
2014,1,2,4,204,-4.3336
2014,1,2,5,228,-3.7896
2014,1,3,1,113,-5.0630
2014,1,3,2,159,-3.9815
2014,1,3,3,194,-3.2649
2014,1,3,4,234,-4.4453
2014,1,3,5,276,-2.8428
2014,2,1,1,724,4.9747
2014,2,1,2,341,4.5147
2014,2,1,3,289,4.1648
2014,2,1,4,309,3.9447
2014,2,1,5,299,3.4522
2014,2,2,1,210,6.6351
2014,2,2,2,201,4.5777
2014,2,2,3,194,3.6536
2014,2,2,4,227,5.1572
2014,2,2,5,246,5.7181
2014,2,3,1,128,4.0560
2014,2,3,2,185,5.3608
2014,2,3,3,209,5.4527
2014,2,3,4,260,4.1822
2014,2,3,5,291,5.6050
2014,3,1,1,721,-1.6960
2014,3,1,2,351,0.8536
2014,3,1,3,285,2.0127
2014,3,1,4,301,1.8875
2014,3,1,5,292,0.9366
2014,3,2,1,209,-1.9576
2014,3,2,2,199,0.2230
2014,3,2,3,196,1.1123
2014,3,2,4,227,0.1683
2014,3,2,5,240,0.3481
2014,3,3,1,126,-0.3608
2014,3,3,2,188,-1.0646
2014,3,3,3,209,0.9989
2014,3,3,4,259,0.6682
2014,3,3,5,292,-0.5759
2014,4,1,1,646,-7.7824
2014,4,1,2,288,-4.1720
2014,4,1,3,224,-4.1242
2014,4,1,4,253,-4.0326
2014,4,1,5,262,-3.5924
2014,4,2,1,187,-4.2226
2014,4,2,2,169,-2.3673
2014,4,2,3,170,-1.9891
2014,4,2,4,200,-2.8244
2014,4,2,5,222,-3.1138
2014,4,3,1,112,0.9414
2014,4,3,2,153,-0.3386
2014,4,3,3,181,1.3503
2014,4,3,4,226,1.4970
2014,4,3,5,284,0.3127
2014,5,1,1,713,-2.1446
2014,5,1,2,346,0.2528
2014,5,1,3,286,-1.4612
2014,5,1,4,296,0.3317
2014,5,1,5,310,0.5418
2014,5,2,1,210,0.2381
2014,5,2,2,193,0.5715
2014,5,2,3,202,1.2171
2014,5,2,4,241,0.7566
2014,5,2,5,241,0.0503
2014,5,3,1,126,2.5367
2014,5,3,2,179,2.8593
2014,5,3,3,223,2.0550
2014,5,3,4,271,1.1928
2014,5,3,5,310,2.9119
2014,6,1,1,719,5.1749
2014,6,1,2,351,3.4220
2014,6,1,3,288,4.2526
2014,6,1,4,305,3.8784
2014,6,1,5,312,3.7662
2014,6,2,1,205,5.3050
2014,6,2,2,203,4.3110
2014,6,2,3,207,4.8785
2014,6,2,4,248,5.4362
2014,6,2,5,248,6.7507
2014,6,3,1,126,2.6926
2014,6,3,2,185,2.4099
2014,6,3,3,227,1.8019
2014,6,3,4,272,1.8210
2014,6,3,5,313,2.4429
2014,7,1,1,637,-7.9591
2014,7,1,2,308,-6.0106
2014,7,1,3,241,-5.7529
2014,7,1,4,248,-5.3354
2014,7,1,5,267,-5.7066
2014,7,2,1,180,-5.1405
2014,7,2,2,183,-5.4329
2014,7,2,3,178,-6.9672
2014,7,2,4,219,-6.2582
2014,7,2,5,232,-6.2212
2014,7,3,1,111,-2.6425
2014,7,3,2,167,-2.1318
2014,7,3,3,211,-2.6144
2014,7,3,4,250,-1.9209
2014,7,3,5,290,-0.1460
2014,8,1,1,735,3.1713
2014,8,1,2,361,4.4337
2014,8,1,3,286,4.4852
2014,8,1,4,302,5.2093
2014,8,1,5,294,4.5529
2014,8,2,1,195,5.4446
2014,8,2,2,228,3.3131
2014,8,2,3,220,4.2633
2014,8,2,4,250,5.8062
2014,8,2,5,257,5.5435
2014,8,3,1,125,4.0943
2014,8,3,2,197,4.0237
2014,8,3,3,253,4.1397
2014,8,3,4,294,3.1692
2014,8,3,5,315,4.7272
2014,9,1,1,725,-8.8150
2014,9,1,2,363,-6.0289
2014,9,1,3,285,-6.4800
2014,9,1,4,308,-6.2812
2014,9,1,5,301,-4.5265
2014,9,2,1,199,-8.8475
2014,9,2,2,222,-6.3315
2014,9,2,3,219,-6.1064
2014,9,2,4,253,-4.7179
2014,9,2,5,265,-3.9719
2014,9,3,1,123,-3.4687
2014,9,3,2,199,-3.2338
2014,9,3,3,260,-2.1185
2014,9,3,4,300,-2.6876
2014,9,3,5,318,-0.9640
2014,10,1,1,684,2.4290
2014,10,1,2,302,7.2232
2014,10,1,3,241,7.3750
2014,10,1,4,260,5.0328
2014,10,1,5,261,5.4695
2014,10,2,1,181,2.0611
2014,10,2,2,202,5.5084
2014,10,2,3,195,3.8653
2014,10,2,4,232,5.4875
2014,10,2,5,254,5.6920
2014,10,3,1,112,0.7507
2014,10,3,2,177,3.1667
2014,10,3,3,245,1.4002
2014,10,3,4,269,1.1634
2014,10,3,5,296,2.2754
2014,11,1,1,759,-1.6242
2014,11,1,2,354,-0.4153
2014,11,1,3,301,-1.9806
2014,11,1,4,296,-2.5625
2014,11,1,5,297,-0.1803
2014,11,2,1,202,-0.7198
2014,11,2,2,236,0.4331
2014,11,2,3,248,-0.1191
2014,11,2,4,261,0.6074
2014,11,2,5,266,0.6504
2014,11,3,1,121,1.6114
2014,11,3,2,198,3.8420
2014,11,3,3,268,3.2829
2014,11,3,4,300,1.7309
2014,11,3,5,311,3.8934
2014,12,1,1,753,3.7968
2014,12,1,2,360,6.7774
2014,12,1,3,297,4.8677
2014,12,1,4,291,3.5334
2014,12,1,5,300,5.4743
2014,12,2,1,218,1.4169
2014,12,2,2,248,1.7878
2014,12,2,3,243,1.0307
2014,12,2,4,268,1.5608
2014,12,2,5,267,1.9409
2014,12,3,1,122,-2.3651
2014,12,3,2,200,-0.7517
2014,12,3,3,263,-0.0505
2014,12,3,4,298,-0.1371
2014,12,3,5,314,-1.7054
2015,1,1,1,681,-6.7247
2015,1,1,2,270,-4.2043
2015,1,1,3,235,-4.0821
2015,1,1,4,218,-4.8379
2015,1,1,5,254,-3.9972
2015,1,2,1,194,-4.6435
2015,1,2,2,209,-6.4126
2015,1,2,3,206,-5.3019
2015,1,2,4,212,-3.4479
2015,1,2,5,246,-1.8852
2015,1,3,1,106,-2.9251
2015,1,3,2,169,-3.2790
2015,1,3,3,211,-2.5098
2015,1,3,4,245,-3.0062
2015,1,3,5,277,-1.0492
2015,2,1,1,738,6.1912
2015,2,1,2,334,7.4863
2015,2,1,3,295,4.7903
2015,2,1,4,262,6.8669
2015,2,1,5,280,6.1245
2015,2,2,1,222,7.3770
2015,2,2,2,229,7.4739
2015,2,2,3,224,7.5819
2015,2,2,4,245,6.6636
2015,2,2,5,263,7.9794
2015,2,3,1,114,9.5750
2015,2,3,2,206,6.3432
2015,2,3,3,238,5.6912
2015,2,3,4,277,5.5982
2015,2,3,5,296,6.3399
2015,3,1,1,726,-2.0294
2015,3,1,2,328,0.8165
2015,3,1,3,288,1.0118
2015,3,1,4,262,3.5836
2015,3,1,5,276,1.7819
2015,3,2,1,223,1.1469
2015,3,2,2,233,0.8618
2015,3,2,3,216,2.2838
2015,3,2,4,244,1.7511
2015,3,2,5,261,1.2322
2015,3,3,1,111,-1.5498
2015,3,3,2,212,-0.4503
2015,3,3,3,237,-1.7986
2015,3,3,4,281,-1.1745
2015,3,3,5,294,-1.8624
2015,4,1,1,660,-0.8827
2015,4,1,2,263,-0.5605
2015,4,1,3,243,-0.1367
2015,4,1,4,211,1.4285
2015,4,1,5,237,0.2715
2015,4,2,1,195,-2.5007
2015,4,2,2,208,-1.0613
2015,4,2,3,182,-0.2405
2015,4,2,4,197,-1.1591
2015,4,2,5,237,-1.5312
2015,4,3,1,102,2.1261
2015,4,3,2,180,-0.4388
2015,4,3,3,197,0.9608
2015,4,3,4,240,-0.1594
2015,4,3,5,279,1.2198
2015,5,1,1,730,0.9950
2015,5,1,2,335,-0.6536
2015,5,1,3,298,-1.3927
2015,5,1,4,260,0.3378
2015,5,1,5,283,-0.2409
2015,5,2,1,216,3.8334
2015,5,2,2,238,0.9113
2015,5,2,3,218,-0.1090
2015,5,2,4,239,1.0077
2015,5,2,5,267,1.3800
2015,5,3,1,127,0.9736
2015,5,3,2,211,1.3049
2015,5,3,3,245,0.2205
2015,5,3,4,293,0.1535
2015,5,3,5,309,1.8200
2015,6,1,1,736,0.6974
2015,6,1,2,329,1.1944
2015,6,1,3,308,0.7222
2015,6,1,4,270,1.8055
2015,6,1,5,284,1.8436
2015,6,2,1,213,0.8304
2015,6,2,2,246,-0.0576
2015,6,2,3,221,1.7965
2015,6,2,4,250,-0.3972
2015,6,2,5,271,0.6483
2015,6,3,1,128,-2.1149
2015,6,3,2,212,-2.2682
2015,6,3,3,253,-1.7606
2015,6,3,4,299,-2.6185
2015,6,3,5,317,-2.0268
2015,7,1,1,669,-5.8619
2015,7,1,2,276,-8.0998
2015,7,1,3,253,-6.5372
2015,7,1,4,235,-5.5826
2015,7,1,5,242,-3.6056
2015,7,2,1,193,-4.2656
2015,7,2,2,215,-3.3509
2015,7,2,3,197,-4.5181
2015,7,2,4,228,-2.5277
2015,7,2,5,243,-1.6034
2015,7,3,1,113,-2.1152
2015,7,3,2,191,0.0159
2015,7,3,3,235,0.1752
2015,7,3,4,256,2.4004
2015,7,3,5,297,3.0396
2015,8,1,1,743,-5.9242
2015,8,1,2,349,-2.8094
2015,8,1,3,290,-4.1548
2015,8,1,4,301,-2.8632
2015,8,1,5,286,-4.1552
2015,8,2,1,225,-6.8083
2015,8,2,2,240,-5.0047
2015,8,2,3,239,-4.1481
2015,8,2,4,269,-5.2238
2015,8,2,5,274,-5.6359
2015,8,3,1,140,-4.9570
2015,8,3,2,225,-5.9759
2015,8,3,3,282,-5.7467
2015,8,3,4,313,-6.6050
2015,8,3,5,335,-5.7926
2015,9,1,1,743,-10.7520
2015,9,1,2,350,-9.1576
2015,9,1,3,296,-5.2950
2015,9,1,4,309,-5.3923
2015,9,1,5,294,-4.2874
2015,9,2,1,223,-9.8525
2015,9,2,2,238,-7.3367
2015,9,2,3,238,-5.7008
2015,9,2,4,270,-5.0579
2015,9,2,5,276,-5.6617
2015,9,3,1,140,-4.3951
2015,9,3,2,218,-3.6844
2015,9,3,3,279,-3.0900
2015,9,3,4,317,-2.6741
2015,9,3,5,348,-2.0486
2015,10,1,1,684,5.2869
2015,10,1,2,289,6.2044
2015,10,1,3,245,7.0024
2015,10,1,4,263,5.6551
2015,10,1,5,254,5.1509
2015,10,2,1,192,4.0913
2015,10,2,2,207,6.0966
2015,10,2,3,219,7.0766
2015,10,2,4,248,8.2000
2015,10,2,5,259,6.2401
2015,10,3,1,121,10.3550
2015,10,3,2,174,9.0058
2015,10,3,3,241,8.0670
2015,10,3,4,279,7.0198
2015,10,3,5,330,9.5535
2015,11,1,1,728,2.7107
2015,11,1,2,361,1.2245
2015,11,1,3,299,2.7856
2015,11,1,4,302,2.7399
2015,11,1,5,279,3.1183
2015,11,2,1,201,4.5400
2015,11,2,2,233,3.1273
2015,11,2,3,257,3.2542
2015,11,2,4,276,3.5286
2015,11,2,5,263,3.6940
2015,11,3,1,141,-0.0851
2015,11,3,2,187,-0.4425
2015,11,3,3,268,-0.3014
2015,11,3,4,311,-0.0072
2015,11,3,5,347,0.7913
2015,12,1,1,734,-6.0496
2015,12,1,2,359,-6.1217
2015,12,1,3,300,-5.6223
2015,12,1,4,305,-5.4813
2015,12,1,5,282,-3.3124
2015,12,2,1,205,-5.7200
2015,12,2,2,229,-7.9825
2015,12,2,3,249,-6.3189
2015,12,2,4,280,-4.8299
2015,12,2,5,264,-3.7555
2015,12,3,1,139,-2.8439
2015,12,3,2,197,-4.2293
2015,12,3,3,271,-1.5796
2015,12,3,4,309,-1.4257
2015,12,3,5,347,-1.1127
2016,1,1,1,658,-15.1522
2016,1,1,2,295,-8.3527
2016,1,1,3,223,-8.9951
2016,1,1,4,245,-7.7520
2016,1,1,5,241,-7.2451
2016,1,2,1,174,-14.5929
2016,1,2,2,192,-10.0595
2016,1,2,3,202,-7.7078
2016,1,2,4,231,-8.4763
2016,1,2,5,234,-7.6439
2016,1,3,1,115,-9.1107
2016,1,3,2,145,-6.9303
2016,1,3,3,209,-5.0300
2016,1,3,4,250,-3.7749
2016,1,3,5,311,-4.7127
2016,2,1,1,711,-1.7244
2016,2,1,2,346,3.2069
2016,2,1,3,290,0.1185
2016,2,1,4,285,1.9601
2016,2,1,5,254,2.3075
2016,2,2,1,192,-1.6322
2016,2,2,2,214,1.8865
2016,2,2,3,224,2.2432
2016,2,2,4,256,1.1838
2016,2,2,5,246,2.6622
2016,2,3,1,125,-0.8166
2016,2,3,2,167,1.1477
2016,2,3,3,243,1.6647
2016,2,3,4,277,1.4714
2016,2,3,5,324,-1.1228
2016,3,1,1,705,9.1833
2016,3,1,2,351,9.6295
2016,3,1,3,287,7.6867
2016,3,1,4,281,5.8441
2016,3,1,5,250,5.6870
2016,3,2,1,192,12.0683
2016,3,2,2,206,12.5456
2016,3,2,3,220,8.9231
2016,3,2,4,262,7.4189
2016,3,2,5,252,7.7098
2016,3,3,1,122,10.9155
2016,3,3,2,167,7.2319
2016,3,3,3,250,6.1636
2016,3,3,4,275,6.4490
2016,3,3,5,322,6.7408
2016,4,1,1,652,8.3348
2016,4,1,2,272,5.8016
2016,4,1,3,243,3.4608
2016,4,1,4,220,1.8312
2016,4,1,5,211,1.4842
2016,4,2,1,168,9.0738
2016,4,2,2,169,5.0982
2016,4,2,3,187,1.9864
2016,4,2,4,236,0.7858
2016,4,2,5,236,-0.4356
2016,4,3,1,106,4.3120
2016,4,3,2,142,3.3832
2016,4,3,3,211,1.5589
2016,4,3,4,238,-0.0765
2016,4,3,5,298,-1.8427
2016,5,1,1,704,-2.8247
2016,5,1,2,326,-3.9727
2016,5,1,3,303,-1.1823
2016,5,1,4,273,0.2599
2016,5,1,5,245,1.3546
2016,5,2,1,186,0.0352
2016,5,2,2,200,0.0927
2016,5,2,3,227,0.6705
2016,5,2,4,271,1.7454
2016,5,2,5,256,2.0522
2016,5,3,1,124,-1.4778
2016,5,3,2,182,1.4377
2016,5,3,3,242,1.0827
2016,5,3,4,283,1.5351
2016,5,3,5,323,3.1610
2016,6,1,1,705,-0.3060
2016,6,1,2,329,2.8397
2016,6,1,3,308,0.3932
2016,6,1,4,281,0.6750
2016,6,1,5,250,2.9986
2016,6,2,1,192,0.0559
2016,6,2,2,202,-0.2821
2016,6,2,3,233,0.0951
2016,6,2,4,276,0.3027
2016,6,2,5,251,0.6565
2016,6,3,1,124,1.6727
2016,6,3,2,182,1.9912
2016,6,3,3,243,0.5909
2016,6,3,4,281,1.6511
2016,6,3,5,328,-0.7026
2016,7,1,1,648,3.6220
2016,7,1,2,260,6.6609
2016,7,1,3,259,6.8758
2016,7,1,4,220,6.5462
2016,7,1,5,210,5.6990
2016,7,2,1,175,7.4378
2016,7,2,2,174,5.7926
2016,7,2,3,205,5.3799
2016,7,2,4,246,5.1486
2016,7,2,5,237,6.7943
2016,7,3,1,105,1.0417
2016,7,3,2,160,1.0293
2016,7,3,3,218,3.4688
2016,7,3,4,245,3.2053
2016,7,3,5,295,6.2930
2016,8,1,1,725,2.7049
2016,8,1,2,322,2.6905
2016,8,1,3,306,4.2997
2016,8,1,4,266,3.2405
2016,8,1,5,244,3.3648
2016,8,2,1,186,1.9922
2016,8,2,2,212,1.4260
2016,8,2,3,238,0.7851
2016,8,2,4,281,2.2074
2016,8,2,5,260,1.3127
2016,8,3,1,120,0.7446
2016,8,3,2,180,0.1957
2016,8,3,3,260,-0.6669
2016,8,3,4,294,-1.0005
2016,8,3,5,316,-0.1394
2016,9,1,1,729,6.4402
2016,9,1,2,327,3.1952
2016,9,1,3,308,1.6768
2016,9,1,4,277,2.9690
2016,9,1,5,252,2.9560
2016,9,2,1,186,2.7386
2016,9,2,2,210,0.9425
2016,9,2,3,244,1.0706
2016,9,2,4,279,0.6589
2016,9,2,5,253,1.6161
2016,9,3,1,118,1.1958
2016,9,3,2,183,0.2640
2016,9,3,3,256,0.1187
2016,9,3,4,296,-0.4699
2016,9,3,5,317,1.0487
2016,10,1,1,688,-8.6266
2016,10,1,2,281,-4.3822
2016,10,1,3,246,-4.6175
2016,10,1,4,244,-5.8783
2016,10,1,5,229,-4.4602
2016,10,2,1,171,-8.5579
2016,10,2,2,184,-6.2819
2016,10,2,3,211,-4.8941
2016,10,2,4,228,-5.1618
2016,10,2,5,230,-4.4826
2016,10,3,1,105,-2.9463
2016,10,3,2,163,-1.3187
2016,10,3,3,217,-2.2709
2016,10,3,4,270,-2.6492
2016,10,3,5,281,-2.4336
2016,11,1,1,721,10.0885
2016,11,1,2,331,12.9164
2016,11,1,3,299,12.3696
2016,11,1,4,288,11.5225
2016,11,1,5,249,10.8496
2016,11,2,1,181,11.2838
2016,11,2,2,200,10.5001
2016,11,2,3,229,11.1505
2016,11,2,4,254,9.5818
2016,11,2,5,241,10.0033
2016,11,3,1,115,7.4778
2016,11,3,2,193,4.2220
2016,11,3,3,233,3.1378
2016,11,3,4,306,3.0752
2016,11,3,5,303,1.4483
2016,12,1,1,719,0.6898
2016,12,1,2,333,3.3886
2016,12,1,3,303,4.8048
2016,12,1,4,287,5.0672
2016,12,1,5,259,4.1314
2016,12,2,1,177,-0.6853
2016,12,2,2,201,1.8247
2016,12,2,3,227,2.1731
2016,12,2,4,252,1.7446
2016,12,2,5,241,1.1892
2016,12,3,1,113,1.3719
2016,12,3,2,190,1.7925
2016,12,3,3,237,1.7344
2016,12,3,4,299,0.9347
2016,12,3,5,305,1.3781
2017,1,1,1,667,-0.0637
2017,1,1,2,265,-1.5089
2017,1,1,3,226,-3.1613
2017,1,1,4,223,-0.3692
2017,1,1,5,228,-1.5434
2017,1,2,1,156,3.7409
2017,1,2,2,180,1.2994
2017,1,2,3,181,1.0585
2017,1,2,4,198,0.1423
2017,1,2,5,213,0.8387
2017,1,3,1,98,-1.0980
2017,1,3,2,158,0.2969
2017,1,3,3,198,2.4203
2017,1,3,4,241,2.7723
2017,1,3,5,275,3.0390
2017,2,1,1,716,0.9295
2017,2,1,2,303,-1.0476
2017,2,1,3,273,-0.7712
2017,2,1,4,258,0.5961
2017,2,1,5,247,1.8457
2017,2,2,1,165,0.8143
2017,2,2,2,189,0.5950
2017,2,2,3,213,0.7123
2017,2,2,4,217,1.5258
2017,2,2,5,223,1.5711
2017,2,3,1,118,-0.3872
2017,2,3,2,168,0.3471
2017,2,3,3,231,2.1004
2017,2,3,4,256,4.8009
2017,2,3,5,288,4.4264
2017,3,1,1,709,0.7463
2017,3,1,2,306,0.4210
2017,3,1,3,276,1.9495
2017,3,1,4,255,2.7628
2017,3,1,5,255,1.2745
2017,3,2,1,167,-0.3708
2017,3,2,2,189,1.3403
2017,3,2,3,220,0.4525
2017,3,2,4,212,0.6129
2017,3,2,5,219,3.0805
2017,3,3,1,121,-0.9476
2017,3,3,2,170,-0.1142
2017,3,3,3,230,-0.2143
2017,3,3,4,256,0.8309
2017,3,3,5,293,1.7109
2017,4,1,1,658,-0.1079
2017,4,1,2,239,1.6850
2017,4,1,3,241,2.7735
2017,4,1,4,190,2.2620
2017,4,1,5,226,2.8034
2017,4,2,1,149,0.4101
2017,4,2,2,160,0.7744
2017,4,2,3,187,1.1194
2017,4,2,4,177,1.8564
2017,4,2,5,206,2.2190
2017,4,3,1,105,-1.4388
2017,4,3,2,147,-0.0902
2017,4,3,3,196,1.4604
2017,4,3,4,224,1.2698
2017,4,3,5,281,2.5273
2017,5,1,1,720,-3.5270
2017,5,1,2,295,-2.0541
2017,5,1,3,281,-1.8196
2017,5,1,4,235,-1.8873
2017,5,1,5,263,-1.3699
2017,5,2,1,170,0.5856
2017,5,2,2,183,-1.9687
2017,5,2,3,229,-1.9806
2017,5,2,4,213,-0.7046
2017,5,2,5,225,-0.4158
2017,5,3,1,119,-2.3417
2017,5,3,2,184,0.7417
2017,5,3,3,221,0.3192
2017,5,3,4,267,1.1421
2017,5,3,5,308,3.4189
2017,6,1,1,731,5.9889
2017,6,1,2,297,5.0709
2017,6,1,3,284,3.4330
2017,6,1,4,236,2.9666
2017,6,1,5,270,3.2258
2017,6,2,1,178,4.7799
2017,6,2,2,184,1.3579
2017,6,2,3,227,3.5042
2017,6,2,4,217,1.0388
2017,6,2,5,226,2.7249
2017,6,3,1,120,-0.0385
2017,6,3,2,183,-0.3019
2017,6,3,3,234,-0.2245
2017,6,3,4,271,0.9809
2017,6,3,5,308,-0.8990
2017,7,1,1,657,-2.0111
2017,7,1,2,249,-2.4700
2017,7,1,3,229,0.3426
2017,7,1,4,185,0.2337
2017,7,1,5,225,1.2482
2017,7,2,1,164,0.7248
2017,7,2,2,172,0.7762
2017,7,2,3,204,1.5240
2017,7,2,4,188,1.6014
2017,7,2,5,202,0.5134
2017,7,3,1,108,2.2154
2017,7,3,2,169,2.5229
2017,7,3,3,209,1.8033
2017,7,3,4,228,2.1847
2017,7,3,5,287,2.1434
2017,8,1,1,741,-1.3665
2017,8,1,2,313,-2.7689
2017,8,1,3,266,-2.5479
2017,8,1,4,227,-1.4018
2017,8,1,5,247,-0.7702
2017,8,2,1,189,-1.8931
2017,8,2,2,197,-2.2760
2017,8,2,3,230,-1.2049
2017,8,2,4,217,-1.9582
2017,8,2,5,217,-1.4750
2017,8,3,1,124,-2.3118
2017,8,3,2,192,-2.9404
2017,8,3,3,244,-0.7248
2017,8,3,4,267,-0.0530
2017,8,3,5,314,2.2981
2017,9,1,1,737,10.3365
2017,9,1,2,327,8.5365
2017,9,1,3,273,8.1158
2017,9,1,4,229,7.6456
2017,9,1,5,242,7.6136
2017,9,2,1,193,5.7745
2017,9,2,2,200,7.5193
2017,9,2,3,234,6.3254
2017,9,2,4,226,6.6618
2017,9,2,5,225,6.2421
2017,9,3,1,124,5.0615
2017,9,3,2,190,4.2547
2017,9,3,3,246,2.1463
2017,9,3,4,263,2.0382
2017,9,3,5,317,1.2571
2017,10,1,1,693,-1.2174
2017,10,1,2,275,1.2292
2017,10,1,3,219,0.5636
2017,10,1,4,194,2.0709
2017,10,1,5,217,0.2582
2017,10,2,1,175,0.2086
2017,10,2,2,164,0.7291
2017,10,2,3,198,0.1282
2017,10,2,4,202,0.5241
2017,10,2,5,201,1.7407
2017,10,3,1,111,-1.6403
2017,10,3,2,167,0.2549
2017,10,3,3,210,-0.7641
2017,10,3,4,240,2.2537
2017,10,3,5,298,4.8672
2017,11,1,1,746,3.9753
2017,11,1,2,333,4.6378
2017,11,1,3,262,3.0481
2017,11,1,4,228,3.9213
2017,11,1,5,233,2.6709
2017,11,2,1,190,2.7686
2017,11,2,2,190,3.0465
2017,11,2,3,228,3.0472
2017,11,2,4,235,2.9778
2017,11,2,5,214,3.1970
2017,11,3,1,123,1.5037
2017,11,3,2,187,1.8685
2017,11,3,3,241,3.1783
2017,11,3,4,269,4.3047
2017,11,3,5,314,2.8253
2017,12,1,1,744,2.5275
2017,12,1,2,330,0.6737
2017,12,1,3,263,-0.9805
2017,12,1,4,233,-2.3088
2017,12,1,5,234,0.5546
2017,12,2,1,196,1.5134
2017,12,2,2,198,1.0467
2017,12,2,3,231,0.9883
2017,12,2,4,237,0.4396
2017,12,2,5,220,0.3653
2017,12,3,1,122,1.5121
2017,12,3,2,189,2.6180
2017,12,3,3,241,2.6047
2017,12,3,4,269,1.6455
2017,12,3,5,315,0.6309
2018,1,1,1,683,3.5091
2018,1,1,2,267,0.7385
2018,1,1,3,208,-0.8992
2018,1,1,4,176,-0.3133
2018,1,1,5,197,1.0174
2018,1,2,1,176,3.5483
2018,1,2,2,174,3.5668
2018,1,2,3,191,1.9714
2018,1,2,4,192,1.6202
2018,1,2,5,195,2.7284
2018,1,3,1,93,1.1577
2018,1,3,2,147,5.4822
2018,1,3,3,202,5.0308
2018,1,3,4,224,5.4600
2018,1,3,5,289,7.7401
2018,2,1,1,737,-4.2382
2018,2,1,2,319,-4.1993
2018,2,1,3,265,-3.6638
2018,2,1,4,214,-5.1500
2018,2,1,5,209,-4.4577
2018,2,2,1,193,-4.5284
2018,2,2,2,195,-4.7444
2018,2,2,3,214,-3.8194
2018,2,2,4,211,-4.4557
2018,2,2,5,214,-3.9880
2018,2,3,1,112,-7.4733
2018,2,3,2,162,-6.5076
2018,2,3,3,234,-5.2948
2018,2,3,4,248,-2.9900
2018,2,3,5,297,-2.1458
2018,3,1,1,733,0.0685
2018,3,1,2,327,2.5014
2018,3,1,3,267,3.7098
2018,3,1,4,217,3.6325
2018,3,1,5,217,3.7249
2018,3,2,1,191,0.3442
2018,3,2,2,202,0.5552
2018,3,2,3,214,0.4433
2018,3,2,4,210,0.8902
2018,3,2,5,211,1.4441
2018,3,3,1,112,-1.7901
2018,3,3,2,165,-0.9189
2018,3,3,3,232,-1.5736
2018,3,3,4,247,-2.1809
2018,3,3,5,297,-2.9536
2018,4,1,1,680,1.4973
2018,4,1,2,262,2.0089
2018,4,1,3,226,2.2902
2018,4,1,4,179,0.8347
2018,4,1,5,193,2.2357
2018,4,2,1,177,2.3532
2018,4,2,2,177,1.9175
2018,4,2,3,181,0.9473
2018,4,2,4,176,0.2505
2018,4,2,5,195,-0.0943
2018,4,3,1,98,2.5217
2018,4,3,2,140,3.5747
2018,4,3,3,199,-0.0451
2018,4,3,4,215,-0.1251
2018,4,3,5,277,0.0929
2018,5,1,1,722,7.9724
2018,5,1,2,309,6.8107
2018,5,1,3,272,5.5485
2018,5,1,4,229,8.6768
2018,5,1,5,226,13.6376
2018,5,2,1,201,7.7336
2018,5,2,2,208,4.0062
2018,5,2,3,222,6.7762
2018,5,2,4,203,6.1476
2018,5,2,5,220,6.4712
2018,5,3,1,112,2.0114
2018,5,3,2,176,3.1967
2018,5,3,3,235,0.7087
2018,5,3,4,254,2.0634
2018,5,3,5,299,5.0414
2018,6,1,1,734,2.5220
2018,6,1,2,320,0.8291
2018,6,1,3,278,2.1349
2018,6,1,4,235,3.7309
2018,6,1,5,227,4.0381
2018,6,2,1,209,2.1113
2018,6,2,2,220,2.3521
2018,6,2,3,224,1.1472
2018,6,2,4,208,1.6376
2018,6,2,5,223,1.9919
2018,6,3,1,115,2.5537
2018,6,3,2,179,2.2089
2018,6,3,3,241,1.3649
2018,6,3,4,257,0.8129
2018,6,3,5,307,0.4175
2018,7,1,1,682,-0.3238
2018,7,1,2,250,0.4743
2018,7,1,3,226,1.6830
2018,7,1,4,187,0.4820
2018,7,1,5,194,0.7695
2018,7,2,1,197,1.9136
2018,7,2,2,194,2.2416
2018,7,2,3,195,1.7876
2018,7,2,4,180,3.0528
2018,7,2,5,204,2.1305
2018,7,3,1,106,-0.1142
2018,7,3,2,162,0.6904
2018,7,3,3,213,4.2685
2018,7,3,4,227,3.6157
2018,7,3,5,287,3.6936
2018,8,1,1,754,4.5121
2018,8,1,2,301,3.0486
2018,8,1,3,260,4.2102
2018,8,1,4,218,4.0235
2018,8,1,5,233,5.8531
2018,8,2,1,225,5.4844
2018,8,2,2,230,2.7396
2018,8,2,3,237,4.1244
2018,8,2,4,216,5.3721
2018,8,2,5,231,6.9714
2018,8,3,1,117,0.0554
2018,8,3,2,192,1.5091
2018,8,3,3,251,2.2585
2018,8,3,4,266,3.4270
2018,8,3,5,308,5.9100
2018,9,1,1,758,-3.2726
2018,9,1,2,304,-2.6013
2018,9,1,3,264,-3.3142
2018,9,1,4,225,-3.5520
2018,9,1,5,240,-2.1308
2018,9,2,1,228,-2.2608
2018,9,2,2,234,-1.9819
2018,9,2,3,237,-1.7369
2018,9,2,4,222,-1.6971
2018,9,2,5,238,-2.7304
2018,9,3,1,120,-3.2498
2018,9,3,2,194,1.1156
2018,9,3,3,264,2.4650
2018,9,3,4,280,2.1026
2018,9,3,5,317,-0.0011
2018,10,1,1,719,-11.7432
2018,10,1,2,253,-10.9329
2018,10,1,3,221,-11.0952
2018,10,1,4,180,-11.8954
2018,10,1,5,206,-9.4191
2018,10,2,1,212,-12.7506
2018,10,2,2,210,-9.5569
2018,10,2,3,202,-11.3299
2018,10,2,4,198,-12.0619
2018,10,2,5,219,-11.4830
2018,10,3,1,105,-6.9351
2018,10,3,2,179,-8.0698
2018,10,3,3,226,-6.2694
2018,10,3,4,249,-7.1488
2018,10,3,5,297,-9.1942
2018,11,1,1,777,-2.3099
2018,11,1,2,293,-1.9842
2018,11,1,3,251,-1.8446
2018,11,1,4,204,-2.4820
2018,11,1,5,223,-0.2432
2018,11,2,1,219,0.8371
2018,11,2,2,237,2.7062
2018,11,2,3,225,2.1009
2018,11,2,4,222,0.5725
2018,11,2,5,236,-0.0968
2018,11,3,1,114,-0.8493
2018,11,3,2,196,2.2826
2018,11,3,3,258,3.5585
2018,11,3,4,271,0.8928
2018,11,3,5,312,1.0744
2018,12,1,1,766,-14.1169
2018,12,1,2,294,-12.5052
2018,12,1,3,256,-13.0058
2018,12,1,4,212,-10.7160
2018,12,1,5,221,-9.2927
2018,12,2,1,220,-12.5160
2018,12,2,2,233,-11.8618
2018,12,2,3,227,-13.6887
2018,12,2,4,224,-12.6733
2018,12,2,5,242,-10.8754
2018,12,3,1,120,-10.7894
2018,12,3,2,198,-11.5696
2018,12,3,3,258,-9.1071
2018,12,3,4,273,-7.8668
2018,12,3,5,320,-8.2279
2019,1,1,1,699,14.8783
2019,1,1,2,236,12.5231
2019,1,1,3,200,11.8255
2019,1,1,4,166,10.4177
2019,1,1,5,192,10.6059
2019,1,2,1,196,12.5034
2019,1,2,2,201,11.8980
2019,1,2,3,187,12.5558
2019,1,2,4,184,12.9848
2019,1,2,5,210,11.0220
2019,1,3,1,107,12.1655
2019,1,3,2,160,9.9375
2019,1,3,3,218,8.4570
2019,1,3,4,233,7.4934
2019,1,3,5,290,8.1149
2019,2,1,1,751,4.1910
2019,2,1,2,272,6.0923
2019,2,1,3,234,5.6645
2019,2,1,4,198,5.9566
2019,2,1,5,205,5.4304
2019,2,2,1,218,4.3287
2019,2,2,2,232,3.5327
2019,2,2,3,216,4.5793
2019,2,2,4,222,5.8381
2019,2,2,5,218,5.9358
2019,2,3,1,115,1.8940
2019,2,3,2,174,3.4476
2019,2,3,3,251,4.3235
2019,2,3,4,258,4.6853
2019,2,3,5,303,3.1624
2019,3,1,1,749,-1.7107
2019,3,1,2,274,-3.6764
2019,3,1,3,237,-4.6471
2019,3,1,4,204,-2.0815
2019,3,1,5,210,-0.7692
2019,3,2,1,223,-0.4314
2019,3,2,2,237,-1.3629
2019,3,2,3,214,-2.8534
2019,3,2,4,225,-3.2514
2019,3,2,5,213,-2.3495
2019,3,3,1,116,0.6830
2019,3,3,2,177,0.7378
2019,3,3,3,253,0.9086
2019,3,3,4,267,1.9157
2019,3,3,5,305,3.4932
2019,4,1,1,703,0.3016
2019,4,1,2,233,3.4278
2019,4,1,3,196,3.7435
2019,4,1,4,168,1.6312
2019,4,1,5,190,3.3941
2019,4,2,1,197,0.3378
2019,4,2,2,209,3.8376
2019,4,2,3,182,3.8753
2019,4,2,4,187,4.3170
2019,4,2,5,204,3.9733
2019,4,3,1,108,3.5448
2019,4,3,2,148,2.3912
2019,4,3,3,215,3.6512
2019,4,3,4,231,4.3705
2019,4,3,5,282,3.8929
2019,5,1,1,741,-8.1872
2019,5,1,2,281,-10.9178
2019,5,1,3,237,-12.0408
2019,5,1,4,209,-12.5392
2019,5,1,5,214,-6.6221
2019,5,2,1,218,-8.3738
2019,5,2,2,233,-9.5230
2019,5,2,3,221,-11.1993
2019,5,2,4,224,-10.4109
2019,5,2,5,217,-11.8169
2019,5,3,1,126,-6.5509
2019,5,3,2,182,-5.9615
2019,5,3,3,246,-6.0597
2019,5,3,4,266,-6.6223
2019,5,3,5,314,-8.1197
2019,6,1,1,754,4.7465
2019,6,1,2,293,6.7497
2019,6,1,3,245,7.6157
2019,6,1,4,204,8.1451
2019,6,1,5,222,5.8806
2019,6,2,1,233,7.8890
2019,6,2,2,239,6.6529
2019,6,2,3,228,9.0338
2019,6,2,4,240,9.2075
2019,6,2,5,216,8.3197
2019,6,3,1,130,6.2416
2019,6,3,2,186,7.6674
2019,6,3,3,250,7.9673
2019,6,3,4,273,7.5287
2019,6,3,5,319,7.4643
2019,7,1,1,682,-3.5558
2019,7,1,2,255,-0.5529
2019,7,1,3,201,0.4960
2019,7,1,4,165,-1.2019
2019,7,1,5,195,0.8344
2019,7,2,1,219,-2.0369
2019,7,2,2,201,1.5497
2019,7,2,3,199,-0.2996
2019,7,2,4,215,-0.8857
2019,7,2,5,197,0.4620
2019,7,3,1,116,0.9518
2019,7,3,2,171,0.1354
2019,7,3,3,232,0.8645
2019,7,3,4,243,0.7861
2019,7,3,5,293,2.2178
2019,8,1,1,780,-7.2186
2019,8,1,2,285,-7.3640
2019,8,1,3,233,-7.2708
2019,8,1,4,207,-6.5190
2019,8,1,5,211,-5.9760
2019,8,2,1,245,-3.6807
2019,8,2,2,234,-6.3548
2019,8,2,3,240,-7.2561
2019,8,2,4,257,-6.5186
2019,8,2,5,218,-6.1080
2019,8,3,1,128,-5.5624
2019,8,3,2,197,-1.9032
2019,8,3,3,269,-0.8812
2019,8,3,4,289,-2.3187
2019,8,3,5,320,-1.6304
2019,9,1,1,784,1.5038
2019,9,1,2,288,6.9143
2019,9,1,3,234,4.1385
2019,9,1,4,211,4.1170
2019,9,1,5,213,-0.0342
2019,9,2,1,248,-0.4004
2019,9,2,2,235,4.3939
2019,9,2,3,240,3.9542
2019,9,2,4,262,4.1737
2019,9,2,5,231,3.1616
2019,9,3,1,133,1.3078
2019,9,3,2,200,1.2802
2019,9,3,3,273,1.6959
2019,9,3,4,296,1.4164
2019,9,3,5,330,1.2548
2019,10,1,1,744,-0.0145
2019,10,1,2,236,0.9837
2019,10,1,3,191,-0.1521
2019,10,1,4,180,0.2122
2019,10,1,5,183,-1.1026
2019,10,2,1,235,1.6194
2019,10,2,2,203,1.2988
2019,10,2,3,208,2.1381
2019,10,2,4,228,2.3955
2019,10,2,5,202,2.7142
2019,10,3,1,123,4.2680
2019,10,3,2,178,0.1034
2019,10,3,3,230,0.2517
2019,10,3,4,258,0.3111
2019,10,3,5,315,3.8823
2019,11,1,1,786,5.1740
2019,11,1,2,279,4.2290
2019,11,1,3,216,2.5671
2019,11,1,4,215,5.7897
2019,11,1,5,204,1.4839
2019,11,2,1,252,6.2978
2019,11,2,2,227,3.4475
2019,11,2,3,240,3.5130
2019,11,2,4,258,2.8759
2019,11,2,5,207,2.8068
2019,11,3,1,132,5.2758
2019,11,3,2,195,3.5955
2019,11,3,3,244,2.8233
2019,11,3,4,290,3.6802
2019,11,3,5,334,4.1507
2019,12,1,1,779,7.9816
2019,12,1,2,283,5.1139
2019,12,1,3,224,7.0451
2019,12,1,4,218,3.0067
2019,12,1,5,205,4.6761
2019,12,2,1,257,4.3786
2019,12,2,2,229,2.4976
2019,12,2,3,239,3.8844
2019,12,2,4,263,3.3757
2019,12,2,5,205,4.1357
2019,12,3,1,133,2.0738
2019,12,3,2,199,2.0599
2019,12,3,3,253,1.5292
2019,12,3,4,293,1.5643
2019,12,3,5,331,3.9901
2020,1,1,1,726,-5.5209
2020,1,1,2,233,-6.0155
2020,1,1,3,179,-7.4420
2020,1,1,4,173,-5.8223
2020,1,1,5,167,-4.3635
2020,1,2,1,232,-3.1496
2020,1,2,2,201,-4.5207
2020,1,2,3,192,-5.2824
2020,1,2,4,199,-6.3530
2020,1,2,5,171,-4.8398
2020,1,3,1,124,2.0024
2020,1,3,2,167,-2.9711
2020,1,3,3,207,-0.9946
2020,1,3,4,234,-0.2686
2020,1,3,5,302,1.5841
2020,2,1,1,782,-6.2870
2020,2,1,2,281,-9.2550
2020,2,1,3,195,-9.6523
2020,2,1,4,202,-6.4626
2020,2,1,5,186,-6.7189
2020,2,2,1,249,-6.3035
2020,2,2,2,237,-9.9116
2020,2,2,3,226,-11.0227
2020,2,2,4,234,-10.9019
2020,2,2,5,181,-9.8115
2020,2,3,1,126,-8.7033
2020,2,3,2,188,-10.4521
2020,2,3,3,225,-7.7185
2020,2,3,4,260,-7.0521
2020,2,3,5,314,-6.8023
2020,3,1,1,785,-24.0889
2020,3,1,2,282,-27.9619
2020,3,1,3,195,-31.2657
2020,3,1,4,210,-23.3958
2020,3,1,5,190,-23.1975
2020,3,2,1,249,-24.8623
2020,3,2,2,235,-26.5697
2020,3,2,3,221,-27.0555
2020,3,2,4,234,-24.4247
2020,3,2,5,182,-20.9050
2020,3,3,1,135,-19.3406
2020,3,3,2,190,-20.5543
2020,3,3,3,225,-16.2611
2020,3,3,4,263,-11.5454
2020,3,3,5,312,-7.4580
2020,4,1,1,729,18.8677
2020,4,1,2,240,19.1907
2020,4,1,3,160,21.6626
2020,4,1,4,168,20.2425
2020,4,1,5,171,23.8231
2020,4,2,1,239,18.9045
2020,4,2,2,200,18.0209
2020,4,2,3,186,16.8671
2020,4,2,4,204,15.3140
2020,4,2,5,186,18.7646
2020,4,3,1,127,14.1099
2020,4,3,2,164,15.4234
2020,4,3,3,187,14.0907
2020,4,3,4,232,12.3508
2020,4,3,5,295,15.0552
2020,5,1,1,776,9.2107
2020,5,1,2,283,7.4327
2020,5,1,3,184,3.9934
2020,5,1,4,203,5.1977
2020,5,1,5,207,4.9048
2020,5,2,1,266,11.6024
2020,5,2,2,231,7.3566
2020,5,2,3,228,6.0720
2020,5,2,4,243,6.9039
2020,5,2,5,211,9.1171
2020,5,3,1,149,13.0674
2020,5,3,2,195,6.9601
2020,5,3,3,219,4.5398
2020,5,3,4,271,4.9713
2020,5,3,5,322,5.6714
2020,6,1,1,775,9.0817
2020,6,1,2,285,5.6510
2020,6,1,3,181,6.6369
2020,6,1,4,213,6.7837
2020,6,1,5,210,6.5186
2020,6,2,1,274,6.2293
2020,6,2,2,228,2.5632
2020,6,2,3,239,3.7992
2020,6,2,4,247,4.1753
2020,6,2,5,215,5.0719
2020,6,3,1,152,2.5018
2020,6,3,2,197,2.4221
2020,6,3,3,229,0.7423
2020,6,3,4,274,1.4197
2020,6,3,5,329,4.8219
2020,7,1,1,710,-4.8333
2020,7,1,2,231,4.2010
2020,7,1,3,147,0.1196
2020,7,1,4,165,4.2354
2020,7,1,5,177,4.5727
2020,7,2,1,248,3.0347
2020,7,2,2,203,7.2283
2020,7,2,3,201,4.0931
2020,7,2,4,219,4.1213
2020,7,2,5,197,5.0555
2020,7,3,1,144,5.1614
2020,7,3,2,180,3.9279
2020,7,3,3,203,4.5867
2020,7,3,4,247,8.3570
2020,7,3,5,307,6.8509
2020,8,1,1,785,6.7052
2020,8,1,2,298,12.4838
2020,8,1,3,199,8.3282
2020,8,1,4,199,5.6490
2020,8,1,5,201,4.3124
2020,8,2,1,281,10.1282
2020,8,2,2,248,7.1756
2020,8,2,3,250,6.6118
2020,8,2,4,259,3.6600
2020,8,2,5,230,1.8698
2020,8,3,1,177,5.7929
2020,8,3,2,219,5.3938
2020,8,3,3,241,4.9654
2020,8,3,4,292,10.6142
2020,8,3,5,351,9.3942
2020,9,1,1,779,-3.6898
2020,9,1,2,308,-3.2210
2020,9,1,3,203,-4.9257
2020,9,1,4,206,-3.6582
2020,9,1,5,195,-3.4443
2020,9,2,1,280,-1.3950
2020,9,2,2,248,-3.7186
2020,9,2,3,245,-4.1634
2020,9,2,4,256,-4.2428
2020,9,2,5,234,-2.4483
2020,9,3,1,190,-0.6901
2020,9,3,2,226,-2.8028
2020,9,3,3,252,-1.9864
2020,9,3,4,299,-2.3768
2020,9,3,5,360,-5.2557
2020,10,1,1,742,-5.4534
2020,10,1,2,255,0.0663
2020,10,1,3,173,1.0868
2020,10,1,4,172,1.4187
2020,10,1,5,174,0.7459
2020,10,2,1,261,-0.1421
2020,10,2,2,216,3.0083
2020,10,2,3,208,1.4278
2020,10,2,4,216,3.0251
2020,10,2,5,206,1.0773
2020,10,3,1,182,-0.2034
2020,10,3,2,203,-1.2688
2020,10,3,3,226,-1.0709
2020,10,3,4,254,-2.3046
2020,10,3,5,344,-3.0383
2020,11,1,1,797,27.7044
2020,11,1,2,326,26.8540
2020,11,1,3,220,26.8259
2020,11,1,4,204,22.1513
2020,11,1,5,226,18.8476
2020,11,2,1,291,26.0357
2020,11,2,2,258,21.4703
2020,11,2,3,260,21.3266
2020,11,2,4,254,17.5681
2020,11,2,5,232,18.3158
2020,11,3,1,204,22.4102
2020,11,3,2,230,18.4766
2020,11,3,3,268,11.2642
2020,11,3,4,307,14.0167
2020,11,3,5,381,8.9255
2020,12,1,1,796,12.2625
2020,12,1,2,324,9.5473
2020,12,1,3,223,10.6564
2020,12,1,4,212,8.0784
2020,12,1,5,237,9.3562
2020,12,2,1,300,9.9718
2020,12,2,2,259,10.4873
2020,12,2,3,261,9.3013
2020,12,2,4,255,8.1536
2020,12,2,5,238,8.5338
2020,12,3,1,212,6.2711
2020,12,3,2,229,6.8942
2020,12,3,3,271,2.5212
2020,12,3,4,312,4.1151
2020,12,3,5,387,4.4078
2021,1,1,1,711,19.5445
2021,1,1,2,284,10.8681
2021,1,1,3,198,5.8994
2021,1,1,4,154,7.5235
2021,1,1,5,202,18.2758
2021,1,2,1,253,15.8502
2021,1,2,2,213,5.9672
2021,1,2,3,213,3.6574
2021,1,2,4,195,4.1176
2021,1,2,5,208,4.7928
2021,1,3,1,174,0.2394
2021,1,3,2,183,-1.4571
2021,1,3,3,221,0.5578
2021,1,3,4,258,0.7434
2021,1,3,5,348,0.1629
2021,2,1,1,740,4.9374
2021,2,1,2,315,17.0856
2021,2,1,3,236,13.0144
2021,2,1,4,204,9.9960
2021,2,1,5,214,7.9431
2021,2,2,1,279,3.9144
2021,2,2,2,236,8.4354
2021,2,2,3,241,7.8513
2021,2,2,4,227,7.8065
2021,2,2,5,225,10.3539
2021,2,3,1,186,9.8628
2021,2,3,2,208,9.7103
2021,2,3,3,263,3.7669
2021,2,3,4,299,0.0138
2021,2,3,5,359,-0.3594
2021,3,1,1,745,-2.3345
2021,3,1,2,330,4.1596
2021,3,1,3,242,5.2752
2021,3,1,4,207,6.5654
2021,3,1,5,215,-0.0643
2021,3,2,1,299,-1.5622
2021,3,2,2,243,3.2027
2021,3,2,3,250,2.8879
2021,3,2,4,233,3.7454
2021,3,2,5,222,1.6290
2021,3,3,1,192,-2.2472
2021,3,3,2,216,0.9100
2021,3,3,3,263,3.0911
2021,3,3,4,301,3.9825
2021,3,3,5,355,2.6687
2021,4,1,1,691,-3.0020
2021,4,1,2,266,0.5068
2021,4,1,3,198,2.2572
2021,4,1,4,171,-1.5373
2021,4,1,5,187,0.0302
2021,4,2,1,275,0.5833
2021,4,2,2,201,3.8761
2021,4,2,3,213,2.9526
2021,4,2,4,206,2.4662
2021,4,2,5,203,3.0283
2021,4,3,1,181,2.1120
2021,4,3,2,181,3.7702
2021,4,3,3,235,4.8027
2021,4,3,4,258,4.7679
2021,4,3,5,323,5.6505
2021,5,1,1,750,0.8233
2021,5,1,2,289,6.6526
2021,5,1,3,238,4.7834
2021,5,1,4,212,3.7004
2021,5,1,5,205,3.4066
2021,5,2,1,281,-1.5057
2021,5,2,2,227,2.1054
2021,5,2,3,241,4.4782
2021,5,2,4,223,1.7421
2021,5,2,5,223,1.9484
2021,5,3,1,188,-1.0702
2021,5,3,2,198,0.2711
2021,5,3,3,270,1.4792
2021,5,3,4,290,-0.7246
2021,5,3,5,348,-0.5848
2021,6,1,1,749,6.9887
2021,6,1,2,292,1.3502
2021,6,1,3,234,0.6794
2021,6,1,4,207,0.9766
2021,6,1,5,207,2.5929
2021,6,2,1,275,5.4982
2021,6,2,2,224,1.5449
2021,6,2,3,238,0.6723
2021,6,2,4,225,-0.3227
2021,6,2,5,220,2.4308
2021,6,3,1,187,2.4548
2021,6,3,2,208,1.8888
2021,6,3,3,273,0.6907
2021,6,3,4,291,1.3634
2021,6,3,5,344,5.9674
2021,7,1,1,675,-10.3616
2021,7,1,2,226,-2.8571
2021,7,1,3,186,-3.3169
2021,7,1,4,165,-3.1822
2021,7,1,5,165,-1.1477
2021,7,2,1,249,-9.1345
2021,7,2,2,186,-2.7713
2021,7,2,3,192,-2.4339
2021,7,2,4,186,-0.0049
2021,7,2,5,197,-0.7466
2021,7,3,1,140,-5.0802
2021,7,3,2,174,-1.1378
2021,7,3,3,226,1.9300
2021,7,3,4,239,1.5830
2021,7,3,5,313,3.3926
2021,8,1,1,783,2.2847
2021,8,1,2,271,2.8174
2021,8,1,3,205,3.8434
2021,8,1,4,199,2.7110
2021,8,1,5,197,-1.4709
2021,8,2,1,275,0.0874
2021,8,2,2,204,0.6111
2021,8,2,3,223,0.1584
2021,8,2,4,213,0.3469
2021,8,2,5,211,2.8174
2021,8,3,1,149,1.7440
2021,8,3,2,195,1.0110
2021,8,3,3,262,1.5295
2021,8,3,4,277,2.8041
2021,8,3,5,345,3.9160
2021,9,1,1,785,-4.4504
2021,9,1,2,282,-2.6579
2021,9,1,3,209,-1.5116
2021,9,1,4,202,-4.1697
2021,9,1,5,197,-3.5795
2021,9,2,1,280,-3.0824
2021,9,2,2,206,-4.8632
2021,9,2,3,221,-2.4005
2021,9,2,4,217,-3.3068
2021,9,2,5,207,-2.6682
2021,9,3,1,152,-1.0185
2021,9,3,2,201,-2.5537
2021,9,3,3,264,-3.6140
2021,9,3,4,277,-3.6318
2021,9,3,5,351,-6.2605
2021,10,1,1,750,-1.4183
2021,10,1,2,245,5.4641
2021,10,1,3,169,4.1885
2021,10,1,4,172,3.5251
2021,10,1,5,167,2.8019
2021,10,2,1,270,0.7876
2021,10,2,2,195,4.3332
2021,10,2,3,195,4.3167
2021,10,2,4,182,4.3002
2021,10,2,5,179,5.2973
2021,10,3,1,147,4.9771
2021,10,3,2,180,2.7027
2021,10,3,3,239,4.6054
2021,10,3,4,244,11.0569
2021,10,3,5,321,7.5605
2021,11,1,1,816,-11.1819
2021,11,1,2,288,-5.2382
2021,11,1,3,208,-4.4667
2021,11,1,4,212,-3.4431
2021,11,1,5,197,-3.0402
2021,11,2,1,289,-9.6292
2021,11,2,2,230,-3.7959
2021,11,2,3,228,-4.2399
2021,11,2,4,205,1.1634
2021,11,2,5,194,0.4096
2021,11,3,1,162,-8.0006
2021,11,3,2,212,-5.8424
2021,11,3,3,272,-2.0132
2021,11,3,4,294,-2.0107
2021,11,3,5,339,1.9649
2021,12,1,1,816,-6.0175
2021,12,1,2,291,3.3552
2021,12,1,3,206,3.6641
2021,12,1,4,221,5.0785
2021,12,1,5,196,2.9139
2021,12,2,1,295,-3.0617
2021,12,2,2,231,3.8867
2021,12,2,3,226,4.6996
2021,12,2,4,204,4.3301
2021,12,2,5,188,3.9955
2021,12,3,1,162,-1.8816
2021,12,3,2,211,4.2026
2021,12,3,3,275,4.4233
2021,12,3,4,300,2.2683
2021,12,3,5,344,2.8590
2022,1,1,1,742,-14.3721
2022,1,1,2,251,-5.7296
2022,1,1,3,159,-7.4380
2022,1,1,4,173,-6.4549
2022,1,1,5,160,-8.2507
2022,1,2,1,266,-13.7499
2022,1,2,2,207,-8.2237
2022,1,2,3,189,-7.5425
2022,1,2,4,172,-7.7132
2022,1,2,5,158,-8.8060
2022,1,3,1,142,-10.5403
2022,1,3,2,182,-2.8249
2022,1,3,3,239,-3.7324
2022,1,3,4,257,-7.5134
2022,1,3,5,297,-7.6872
2022,2,1,1,837,-1.2477
2022,2,1,2,278,0.2081
2022,2,1,3,207,1.6499
2022,2,1,4,204,1.8395
2022,2,1,5,177,1.9769
2022,2,2,1,299,3.3586
2022,2,2,2,235,1.7518
2022,2,2,3,221,-0.5349
2022,2,2,4,202,0.7627
2022,2,2,5,169,2.6979
2022,2,3,1,152,-0.9799
2022,2,3,2,199,-1.9635
2022,2,3,3,272,-0.1970
2022,2,3,4,279,-2.3318
2022,2,3,5,311,-3.5108
2022,3,1,1,844,3.1845
2022,3,1,2,284,1.6814
2022,3,1,3,213,1.1690
2022,3,1,4,208,-0.5453
2022,3,1,5,178,0.3146
2022,3,2,1,296,2.6583
2022,3,2,2,233,3.3291
2022,3,2,3,219,0.8914
2022,3,2,4,195,-1.1247
2022,3,2,5,178,-0.3735
2022,3,3,1,150,-1.3733
2022,3,3,2,200,1.8882
2022,3,3,3,269,2.8059
2022,3,3,4,286,6.0041
2022,3,3,5,309,4.2479
2022,4,1,1,803,-15.6843
2022,4,1,2,237,-8.4506
2022,4,1,3,188,-7.5651
2022,4,1,4,171,-6.9988
2022,4,1,5,153,-4.2860
2022,4,2,1,258,-16.4090
2022,4,2,2,211,-8.5986
2022,4,2,3,188,-6.9883
2022,4,2,4,166,-7.4011
2022,4,2,5,162,-6.6502
2022,4,3,1,138,-15.4329
2022,4,3,2,181,-6.0824
2022,4,3,3,225,-5.5967
2022,4,3,4,247,-5.7111
2022,4,3,5,287,-11.9451
2022,5,1,1,897,-5.7641
2022,5,1,2,280,-0.3035
2022,5,1,3,216,0.6757
2022,5,1,4,207,0.3710
2022,5,1,5,183,2.1482
2022,5,2,1,295,-4.3162
2022,5,2,2,250,-0.3797
2022,5,2,3,212,0.9615
2022,5,2,4,208,1.0550
2022,5,2,5,187,2.7507
2022,5,3,1,151,-6.9913
2022,5,3,2,205,0.4163
2022,5,3,3,246,-0.2888
2022,5,3,4,289,-1.3398
2022,5,3,5,313,-0.9352
2022,6,1,1,906,-7.9905
2022,6,1,2,284,-9.1184
2022,6,1,3,218,-8.5418
2022,6,1,4,210,-8.1873
2022,6,1,5,188,-11.4569
2022,6,2,1,289,-8.4567
2022,6,2,2,245,-9.3544
2022,6,2,3,216,-7.4934
2022,6,2,4,209,-8.4695
2022,6,2,5,186,-10.2333
2022,6,3,1,146,-11.2187
2022,6,3,2,204,-7.6440
2022,6,3,3,251,-6.2157
2022,6,3,4,295,-7.9819
2022,6,3,5,318,-8.6150
2022,7,1,1,883,10.1091
2022,7,1,2,223,7.2346
2022,7,1,3,187,7.8082
2022,7,1,4,181,9.6897
2022,7,1,5,155,10.4923
2022,7,2,1,268,12.4690
2022,7,2,2,218,8.0305
2022,7,2,3,208,8.0326
2022,7,2,4,201,11.4727
2022,7,2,5,170,13.3762
2022,7,3,1,124,11.4570
2022,7,3,2,194,7.1491
2022,7,3,3,223,7.0095
2022,7,3,4,268,8.8754
2022,7,3,5,301,11.9182
2022,8,1,1,1005,2.0023
2022,8,1,2,300,-2.2827
2022,8,1,3,230,-2.3380
2022,8,1,4,214,-2.7954
2022,8,1,5,164,-0.4387
2022,8,2,1,305,0.9612
2022,8,2,2,252,-2.5307
2022,8,2,3,237,-4.1851
2022,8,2,4,220,-4.1467
2022,8,2,5,191,-3.0889
2022,8,3,1,133,2.5092
2022,8,3,2,219,-2.1036
2022,8,3,3,262,-2.6374
2022,8,3,4,306,-3.1771
2022,8,3,5,312,-5.4962
2022,9,1,1,1017,-11.3494
2022,9,1,2,308,-13.4776
2022,9,1,3,235,-13.5962
2022,9,1,4,215,-10.4698
2022,9,1,5,161,-12.0282
2022,9,2,1,319,-10.3979
2022,9,2,2,258,-10.5222
2022,9,2,3,242,-11.4351
2022,9,2,4,223,-10.4492
2022,9,2,5,197,-9.5050
2022,9,3,1,136,-10.2311
2022,9,3,2,224,-9.8997
2022,9,3,3,270,-8.5349
2022,9,3,4,308,-8.3070
2022,9,3,5,311,-9.3935
2022,10,1,1,986,4.0681
2022,10,1,2,283,13.4910
2022,10,1,3,196,12.6768
2022,10,1,4,187,14.0667
2022,10,1,5,131,15.2621
2022,10,2,1,315,6.4495
2022,10,2,2,234,11.0587
2022,10,2,3,209,13.4769
2022,10,2,4,205,12.9808
2022,10,2,5,187,12.1091
2022,10,3,1,120,4.9415
2022,10,3,2,204,10.7316
2022,10,3,3,253,9.8100
2022,10,3,4,289,12.1792
2022,10,3,5,292,4.2535
2022,11,1,1,1061,-5.3055
2022,11,1,2,326,2.1491
2022,11,1,3,233,2.2051
2022,11,1,4,206,0.4196
2022,11,1,5,144,1.3874
2022,11,2,1,332,-3.3582
2022,11,2,2,251,1.5529
2022,11,2,3,241,3.3087
2022,11,2,4,230,5.1704
2022,11,2,5,197,4.2189
2022,11,3,1,126,1.2138
2022,11,3,2,219,3.4778
2022,11,3,3,277,5.1355
2022,11,3,4,323,6.4057
2022,11,3,5,309,4.5833
2022,12,1,1,1055,-5.8984
2022,12,1,2,322,-5.4571
2022,12,1,3,232,-6.2032
2022,12,1,4,197,-4.6749
2022,12,1,5,140,-7.0670
2022,12,2,1,333,-7.2951
2022,12,2,2,244,-6.6310
2022,12,2,3,244,-5.0599
2022,12,2,4,226,-5.5507
2022,12,2,5,196,-6.5901
2022,12,3,1,124,-8.7145
2022,12,3,2,216,-5.7042
2022,12,3,3,275,-5.0596
2022,12,3,4,322,-3.1061
2022,12,3,5,307,-8.3277
2023,1,1,1,970,16.0405
2023,1,1,2,262,14.5417
2023,1,1,3,200,15.6646
2023,1,1,4,162,12.7959
2023,1,1,5,109,10.5877
2023,1,2,1,305,15.7792
2023,1,2,2,216,14.3179
2023,1,2,3,205,11.5436
2023,1,2,4,187,13.2132
2023,1,2,5,173,11.4551
2023,1,3,1,103,14.9705
2023,1,3,2,182,8.2526
2023,1,3,3,250,4.8026
2023,1,3,4,271,4.0122
2023,1,3,5,272,8.7741
2023,2,1,1,1018,-7.3000
2023,2,1,2,292,-2.4463
2023,2,1,3,238,-2.4934
2023,2,1,4,180,-1.5658
2023,2,1,5,122,-2.8502
2023,2,2,1,310,-3.2018
2023,2,2,2,244,-4.0128
2023,2,2,3,228,-2.4306
2023,2,2,4,218,-0.5916
2023,2,2,5,189,-0.9667
2023,2,3,1,117,-3.0670
2023,2,3,2,204,-3.5097
2023,2,3,3,264,-2.9848
2023,2,3,4,290,-2.8709
2023,2,3,5,285,-1.0672
2023,3,1,1,1008,-8.3879
2023,3,1,2,297,-8.8474
2023,3,1,3,237,-5.6942
2023,3,1,4,181,-4.7726
2023,3,1,5,125,-4.0633
2023,3,2,1,303,-3.4166
2023,3,2,2,248,-2.8440
2023,3,2,3,224,-0.7920
2023,3,2,4,218,-0.7688
2023,3,2,5,196,-3.0960
2023,3,3,1,116,0.7798
2023,3,3,2,205,0.2332
2023,3,3,3,258,2.5819
2023,3,3,4,288,3.6464
2023,3,3,5,291,8.4056
2023,4,1,1,964,-3.2086
2023,4,1,2,252,-4.2729
2023,4,1,3,187,-4.1668
2023,4,1,4,149,-5.4460
2023,4,1,5,102,-1.8116
2023,4,2,1,280,-2.9849
2023,4,2,2,214,-1.6250
2023,4,2,3,191,-1.8556
2023,4,2,4,188,-2.4575
2023,4,2,5,177,-3.3307
2023,4,3,1,99,-1.3501
2023,4,3,2,187,-0.6446
2023,4,3,3,215,-0.7679
2023,4,3,4,256,0.2467
2023,4,3,5,272,1.4527
2023,5,1,1,1032,3.1714
2023,5,1,2,293,0.4376
2023,5,1,3,223,0.0791
2023,5,1,4,182,-0.2506
2023,5,1,5,122,-0.6194
2023,5,2,1,289,4.8900
2023,5,2,2,255,-4.0589
2023,5,2,3,228,-1.1984
2023,5,2,4,215,-1.3239
2023,5,2,5,190,-1.9995
2023,5,3,1,108,0.9533
2023,5,3,2,219,-4.4294
2023,5,3,3,254,-2.5177
2023,5,3,4,299,-2.2048
2023,5,3,5,296,5.6596
2023,6,1,1,1037,4.3840
2023,6,1,2,300,10.2188
2023,6,1,3,230,9.6448
2023,6,1,4,184,11.6479
2023,6,1,5,127,7.6461
2023,6,2,1,293,8.0400
2023,6,2,2,261,8.2501
2023,6,2,3,233,7.3800
2023,6,2,4,216,11.0567
2023,6,2,5,189,10.3370
2023,6,3,1,111,5.5428
2023,6,3,2,222,7.0114
2023,6,3,3,252,6.4034
2023,6,3,4,300,7.9669
2023,6,3,5,302,7.0730
2023,7,1,1,929,6.2230
2023,7,1,2,248,4.5716
2023,7,1,3,193,5.5749
2023,7,1,4,155,5.2477
2023,7,1,5,110,5.5355
2023,7,2,1,273,7.6709
2023,7,2,2,235,4.3181
2023,7,2,3,206,3.4330
2023,7,2,4,186,4.8558
2023,7,2,5,168,6.4258
2023,7,3,1,103,6.3338
2023,7,3,2,200,3.0721
2023,7,3,3,225,2.7785
2023,7,3,4,264,2.5206
2023,7,3,5,283,3.3471
2023,8,1,1,1024,-12.9978
2023,8,1,2,292,-4.2770
2023,8,1,3,221,-3.3094
2023,8,1,4,191,-5.9075
2023,8,1,5,125,-5.3075
2023,8,2,1,297,-9.5535
2023,8,2,2,267,-3.8943
2023,8,2,3,233,-4.3852
2023,8,2,4,214,-3.5889
2023,8,2,5,185,-2.5740
2023,8,3,1,117,-7.0422
2023,8,3,2,227,-4.8401
2023,8,3,3,257,-1.8513
2023,8,3,4,298,-2.7601
2023,8,3,5,301,-0.1700
2023,9,1,1,1033,-9.6572
2023,9,1,2,294,-4.8459
2023,9,1,3,222,-6.0173
2023,9,1,4,193,-4.4312
2023,9,1,5,125,-3.2627
2023,9,2,1,295,-9.6087
2023,9,2,2,264,-7.3312
2023,9,2,3,235,-6.5317
2023,9,2,4,217,-4.6521
2023,9,2,5,183,-2.1782
2023,9,3,1,120,-6.0812
2023,9,3,2,226,-5.7375
2023,9,3,3,260,-4.8398
2023,9,3,4,302,-4.4219
2023,9,3,5,302,-5.1468
2023,10,1,1,1010,-12.5202
2023,10,1,2,250,-7.9090
2023,10,1,3,190,-7.2528
2023,10,1,4,166,-7.1877
2023,10,1,5,110,-5.4842
2023,10,2,1,278,-11.8855
2023,10,2,2,220,-7.0623
2023,10,2,3,208,-5.2068
2023,10,2,4,185,-5.7111
2023,10,2,5,156,-6.6065
2023,10,3,1,110,-7.9529
2023,10,3,2,201,-4.0197
2023,10,3,3,245,-3.7970
2023,10,3,4,273,-3.6422
2023,10,3,5,283,-1.8290
2023,11,1,1,1050,8.7759
2023,11,1,2,289,9.6952
2023,11,1,3,230,3.7905
2023,11,1,4,195,5.9860
2023,11,1,5,128,3.9595
2023,11,2,1,287,14.7140
2023,11,2,2,243,10.6495
2023,11,2,3,230,7.8647
2023,11,2,4,206,8.2439
2023,11,2,5,177,6.1441
2023,11,3,1,120,11.4998
2023,11,3,2,231,10.1495
2023,11,3,3,273,10.2971
2023,11,3,4,306,8.0471
2023,11,3,5,306,9.4883
2023,12,1,1,1056,17.5125
2023,12,1,2,288,10.7690
2023,12,1,3,242,13.9338
2023,12,1,4,198,13.2134
2023,12,1,5,131,9.9023
2023,12,2,1,281,14.3301
2023,12,2,2,243,10.4648
2023,12,2,3,229,10.7111
2023,12,2,4,205,12.5284
2023,12,2,5,176,9.3126
2023,12,3,1,119,10.5915
2023,12,3,2,226,7.0410
2023,12,3,3,273,6.5160
2023,12,3,4,299,5.3304
2023,12,3,5,309,4.1035
