year,month,rank_ME,rank_ILE_1,nstocks,ret_vw
1967,1,1,1,151,18.9732
1967,1,1,2,265,19.6930
1967,1,1,3,157,17.8326
1967,1,1,4,137,23.4479
1967,1,1,5,170,18.8266
1967,1,2,1,77,16.9327
1967,1,2,2,93,15.6777
1967,1,2,3,90,13.4218
1967,1,2,4,54,17.0555
1967,1,2,5,86,16.7208
1967,1,3,1,82,11.5144
1967,1,3,2,132,9.8215
1967,1,3,3,164,8.6411
1967,1,3,4,73,10.4023
1967,1,3,5,156,9.8317
1967,2,1,1,196,3.4924
1967,2,1,2,331,5.6617
1967,2,1,3,176,8.5216
1967,2,1,4,92,5.0603
1967,2,1,5,130,4.9226
1967,2,2,1,108,1.8530
1967,2,2,2,111,1.4472
1967,2,2,3,59,3.1450
1967,2,2,4,59,5.9502
1967,2,2,5,67,6.6888
1967,2,3,1,118,2.3437
1967,2,3,2,132,2.1615
1967,2,3,3,88,1.7365
1967,2,3,4,72,1.1182
1967,2,3,5,202,3.2356
1967,3,1,1,216,9.2274
1967,3,1,2,288,6.7656
1967,3,1,3,193,7.1595
1967,3,1,4,98,7.1649
1967,3,1,5,125,10.1484
1967,3,2,1,113,9.0043
1967,3,2,2,98,6.2761
1967,3,2,3,73,6.7733
1967,3,2,4,59,11.0047
1967,3,2,5,69,7.4728
1967,3,3,1,123,7.1100
1967,3,3,2,113,6.5412
1967,3,3,3,113,4.7018
1967,3,3,4,76,4.6206
1967,3,3,5,188,4.1040
1967,4,1,1,282,3.3079
1967,4,1,2,192,6.9972
1967,4,1,3,207,3.9499
1967,4,1,4,110,8.1416
1967,4,1,5,125,3.5385
1967,4,2,1,132,2.6359
1967,4,2,2,80,4.6945
1967,4,2,3,66,3.7463
1967,4,2,4,69,4.1098
1967,4,2,5,69,4.2270
1967,4,3,1,144,8.3828
1967,4,3,2,94,5.1043
1967,4,3,3,101,6.7988
1967,4,3,4,84,3.8833
1967,4,3,5,187,6.5159
1967,5,1,1,238,-1.0207
1967,5,1,2,213,1.1790
1967,5,1,3,180,-0.8747
1967,5,1,4,177,-0.2019
1967,5,1,5,97,-2.8710
1967,5,2,1,90,-0.4898
1967,5,2,2,94,-0.9240
1967,5,2,3,93,-1.5054
1967,5,2,4,79,-2.9520
1967,5,2,5,64,-4.7423
1967,5,3,1,68,-2.9433
1967,5,3,2,143,-3.5299
1967,5,3,3,100,-1.8263
1967,5,3,4,207,-3.8902
1967,5,3,5,93,-4.0012
1967,6,1,1,299,8.9513
1967,6,1,2,212,11.3979
1967,6,1,3,149,12.8771
1967,6,1,4,150,8.8750
1967,6,1,5,96,14.7260
1967,6,2,1,110,6.6496
1967,6,2,2,111,7.8983
1967,6,2,3,73,8.0487
1967,6,2,4,68,6.4547
1967,6,2,5,64,11.1107
1967,6,3,1,91,3.4930
1967,6,3,2,139,3.4506
1967,6,3,3,104,3.7891
1967,6,3,4,186,3.3234
1967,6,3,5,87,4.7729
1967,7,1,1,296,10.5710
1967,7,1,2,197,7.4660
1967,7,1,3,141,8.9261
1967,7,1,4,157,8.5720
1967,7,1,5,102,9.6297
1967,7,2,1,109,6.3158
1967,7,2,2,111,5.9251
1967,7,2,3,66,8.1133
1967,7,2,4,87,8.8299
1967,7,2,5,63,5.9963
1967,7,3,1,99,5.2617
1967,7,3,2,129,4.6168
1967,7,3,3,75,5.1220
1967,7,3,4,211,2.4830
1967,7,3,5,90,5.0525
1967,8,1,1,277,1.7923
1967,8,1,2,176,0.1550
1967,8,1,3,187,0.4572
1967,8,1,4,114,-0.0854
1967,8,1,5,95,1.7373
1967,8,2,1,125,0.5670
1967,8,2,2,88,-1.1074
1967,8,2,3,103,-1.0157
1967,8,2,4,61,-0.9860
1967,8,2,5,54,2.6993
1967,8,3,1,119,-0.5992
1967,8,3,2,105,1.2940
1967,8,3,3,127,-0.3931
1967,8,3,4,97,-1.2222
1967,8,3,5,151,-0.6925
1967,9,1,1,277,10.8486
1967,9,1,2,154,7.3501
1967,9,1,3,202,8.3655
1967,9,1,4,126,8.4364
1967,9,1,5,82,4.8879
1967,9,2,1,128,6.8793
1967,9,2,2,87,5.9081
1967,9,2,3,97,6.0823
1967,9,2,4,57,7.2035
1967,9,2,5,59,4.2853
1967,9,3,1,116,4.5953
1967,9,3,2,101,2.6612
1967,9,3,3,130,3.0076
1967,9,3,4,91,4.6486
1967,9,3,5,159,1.7924
1967,10,1,1,277,-1.1312
1967,10,1,2,144,-2.4241
1967,10,1,3,173,-1.4578
1967,10,1,4,179,-1.2849
1967,10,1,5,83,-6.4446
1967,10,2,1,128,-5.2026
1967,10,2,2,75,-3.9820
1967,10,2,3,73,-2.8182
1967,10,2,4,93,-2.0872
1967,10,2,5,66,-1.2291
1967,10,3,1,115,-4.3329
1967,10,3,2,103,-2.3077
1967,10,3,3,80,0.4686
1967,10,3,4,144,-2.5203
1967,10,3,5,154,-2.5617
1967,11,1,1,170,-0.1900
1967,11,1,2,267,-0.6636
1967,11,1,3,147,2.3522
1967,11,1,4,168,0.5834
1967,11,1,5,95,0.1345
1967,11,2,1,93,-1.6605
1967,11,2,2,138,-0.4781
1967,11,2,3,65,1.0823
1967,11,2,4,89,2.2330
1967,11,2,5,40,1.3479
1967,11,3,1,88,-1.5034
1967,11,3,2,150,-0.5615
1967,11,3,3,83,2.3834
1967,11,3,4,159,0.0044
1967,11,3,5,117,2.7298
1967,12,1,1,169,10.2693
1967,12,1,2,189,8.6044
1967,12,1,3,235,10.1596
1967,12,1,4,133,10.0535
1967,12,1,5,127,13.5394
1967,12,2,1,92,6.3521
1967,12,2,2,106,8.1962
1967,12,2,3,92,8.0902
1967,12,2,4,77,6.2283
1967,12,2,5,54,7.9891
1967,12,3,1,88,1.6307
1967,12,3,2,118,3.7522
1967,12,3,3,112,3.3078
1967,12,3,4,152,2.0169
1967,12,3,5,127,3.5227
1968,1,1,1,175,2.8626
1968,1,1,2,179,2.7538
1968,1,1,3,219,2.4579
1968,1,1,4,164,2.3377
1968,1,1,5,116,5.0505
1968,1,2,1,89,-0.4166
1968,1,2,2,115,-0.7656
1968,1,2,3,94,-2.1015
1968,1,2,4,85,-2.5096
1968,1,2,5,53,-1.7345
1968,1,3,1,85,-2.8081
1968,1,3,2,119,-4.2611
1968,1,3,3,117,-6.0259
1968,1,3,4,148,-3.4428
1968,1,3,5,128,-5.2641
1968,2,1,1,93,-8.3313
1968,2,1,2,257,-6.4929
1968,2,1,3,239,-7.4743
1968,2,1,4,139,-7.1861
1968,2,1,5,118,-5.2783
1968,2,2,1,62,-4.3259
1968,2,2,2,128,-6.3023
1968,2,2,3,106,-5.1372
1968,2,2,4,90,-6.5256
1968,2,2,5,52,-4.9852
1968,2,3,1,72,-4.1808
1968,2,3,2,162,-4.1237
1968,2,3,3,86,-4.1289
1968,2,3,4,174,-6.4148
1968,2,3,5,100,-3.1199
1968,3,1,1,96,-0.4961
1968,3,1,2,255,-2.1934
1968,3,1,3,257,-3.0315
1968,3,1,4,133,-1.3555
1968,3,1,5,124,-1.6341
1968,3,2,1,62,-0.5342
1968,3,2,2,127,-1.6023
1968,3,2,3,113,-1.0940
1968,3,2,4,82,-0.1866
1968,3,2,5,48,-0.1556
1968,3,3,1,71,1.1755
1968,3,3,2,137,0.9653
1968,3,3,3,103,0.5465
1968,3,3,4,174,2.4706
1968,3,3,5,99,2.0392
1968,4,1,1,102,15.4611
1968,4,1,2,261,17.1898
1968,4,1,3,236,18.1987
1968,4,1,4,172,13.8364
1968,4,1,5,93,15.9214
1968,4,2,1,67,10.5459
1968,4,2,2,126,15.9033
1968,4,2,3,93,18.9426
1968,4,2,4,86,14.2951
1968,4,2,5,48,14.4144
1968,4,3,1,84,9.5011
1968,4,3,2,141,9.8240
1968,4,3,3,89,12.2628
1968,4,3,4,181,12.8081
1968,4,3,5,92,11.1675
1968,5,1,1,222,12.1039
1968,5,1,2,234,11.9972
1968,5,1,3,108,11.8351
1968,5,1,4,206,16.5457
1968,5,1,5,96,13.4612
1968,5,2,1,107,5.3258
1968,5,2,2,117,7.8433
1968,5,2,3,49,8.0998
1968,5,2,4,73,6.8106
1968,5,2,5,73,1.6774
1968,5,3,1,107,2.8002
1968,5,3,2,142,2.0931
1968,5,3,3,83,3.8258
1968,5,3,4,93,4.9590
1968,5,3,5,170,2.7682
1968,6,1,1,174,1.9158
1968,6,1,2,280,0.8135
1968,6,1,3,109,0.5073
1968,6,1,4,92,0.8294
1968,6,1,5,213,0.3681
1968,6,2,1,101,-0.4792
1968,6,2,2,127,-0.5221
1968,6,2,3,50,2.2576
1968,6,2,4,72,0.5127
1968,6,2,5,74,0.4393
1968,6,3,1,120,1.9659
1968,6,3,2,125,-1.4243
1968,6,3,3,79,-2.4919
1968,6,3,4,150,-0.0838
1968,6,3,5,118,1.4916
1968,7,1,1,234,-5.5297
1968,7,1,2,221,-6.0927
1968,7,1,3,88,-4.1718
1968,7,1,4,98,-1.9723
1968,7,1,5,214,-2.2242
1968,7,2,1,109,-3.6821
1968,7,2,2,117,-4.5434
1968,7,2,3,48,-6.6423
1968,7,2,4,48,-0.9889
1968,7,2,5,110,0.4698
1968,7,3,1,130,-4.3197
1968,7,3,2,114,-2.4631
1968,7,3,3,79,-5.4070
1968,7,3,4,76,-6.1850
1968,7,3,5,192,-2.3533
1968,8,1,1,154,3.0691
1968,8,1,2,186,2.3266
1968,8,1,3,145,4.5813
1968,8,1,4,143,5.8370
1968,8,1,5,226,5.0155
1968,8,2,1,89,5.4594
1968,8,2,2,86,2.4848
1968,8,2,3,73,2.3244
1968,8,2,4,88,4.2033
1968,8,2,5,84,3.8670
1968,8,3,1,110,4.4007
1968,8,3,2,109,1.4705
1968,8,3,3,88,2.5490
1968,8,3,4,156,1.3346
1968,8,3,5,131,1.8672
1968,9,1,1,215,6.3488
1968,9,1,2,166,8.3698
1968,9,1,3,165,5.4527
1968,9,1,4,183,7.6438
1968,9,1,5,126,10.8258
1968,9,2,1,98,7.8075
1968,9,2,2,90,5.3956
1968,9,2,3,89,8.2895
1968,9,2,4,94,4.4263
1968,9,2,5,52,7.5501
1968,9,3,1,120,7.9602
1968,9,3,2,109,5.2823
1968,9,3,3,103,6.0143
1968,9,3,4,143,6.7149
1968,9,3,5,120,3.2526
1968,10,1,1,161,2.3221
1968,10,1,2,216,-2.3178
1968,10,1,3,199,-0.2852
1968,10,1,4,124,0.2136
1968,10,1,5,150,0.0823
1968,10,2,1,69,0.2185
1968,10,2,2,127,1.5444
1968,10,2,3,92,0.1194
1968,10,2,4,77,-1.2425
1968,10,2,5,64,3.9204
1968,10,3,1,93,-0.2353
1968,10,3,2,149,2.1185
1968,10,3,3,95,-0.7257
1968,10,3,4,144,-0.5361
1968,10,3,5,114,-0.2983
1968,11,1,1,220,6.3693
1968,11,1,2,244,6.3650
1968,11,1,3,166,4.0282
1968,11,1,4,157,6.9334
1968,11,1,5,114,6.9128
1968,11,2,1,132,8.4370
1968,11,2,2,125,7.7207
1968,11,2,3,74,8.3632
1968,11,2,4,60,9.2126
1968,11,2,5,42,8.6456
1968,11,3,1,193,6.9722
1968,11,3,2,150,6.1676
1968,11,3,3,91,7.1292
1968,11,3,4,110,5.2337
1968,11,3,5,52,4.1652
1968,12,1,1,226,-0.2645
1968,12,1,2,158,4.0013
1968,12,1,3,236,1.4505
1968,12,1,4,185,1.4305
1968,12,1,5,93,3.2218
1968,12,2,1,133,-2.3714
1968,12,2,2,86,1.0025
1968,12,2,3,97,0.9263
1968,12,2,4,96,-2.7906
1968,12,2,5,33,1.5197
1968,12,3,1,191,-5.6936
1968,12,3,2,125,-2.0883
1968,12,3,3,108,-3.6786
1968,12,3,4,122,-2.8387
1968,12,3,5,46,0.4392
1969,1,1,1,228,-1.7459
1969,1,1,2,194,-0.7594
1969,1,1,3,282,-3.4337
1969,1,1,4,82,0.8585
1969,1,1,5,113,-0.4032
1969,1,2,1,137,-1.4662
1969,1,2,2,95,0.5049
1969,1,2,3,122,-1.5067
1969,1,2,4,45,-2.1299
1969,1,2,5,43,-1.8322
1969,1,3,1,188,0.5389
1969,1,3,2,124,-2.0439
1969,1,3,3,143,-0.1698
1969,1,3,4,87,-3.2915
1969,1,3,5,51,-2.1378
1969,2,1,1,129,-10.0258
1969,2,1,2,215,-9.2699
1969,2,1,3,366,-9.9991
1969,2,1,4,120,-9.9117
1969,2,1,5,79,-8.4642
1969,2,2,1,71,-9.1360
1969,2,2,2,83,-9.0950
1969,2,2,3,161,-10.0158
1969,2,2,4,93,-9.1466
1969,2,2,5,37,-8.4474
1969,2,3,1,102,-7.1045
1969,2,3,2,96,-5.5892
1969,2,3,3,189,-6.5645
1969,2,3,4,167,-6.0098
1969,2,3,5,48,-5.4530
1969,3,1,1,150,2.0385
1969,3,1,2,223,3.4092
1969,3,1,3,299,1.4566
1969,3,1,4,171,1.7577
1969,3,1,5,83,1.0702
1969,3,2,1,73,0.9405
1969,3,2,2,81,2.7832
1969,3,2,3,168,1.3653
1969,3,2,4,84,2.1719
1969,3,2,5,37,2.4245
1969,3,3,1,108,-0.4936
1969,3,3,2,90,1.3769
1969,3,3,3,264,2.7159
1969,3,3,4,92,2.0578
1969,3,3,5,45,4.2653
1969,4,1,1,172,-0.4756
1969,4,1,2,223,-0.4258
1969,4,1,3,298,-0.7031
1969,4,1,4,111,-1.5529
1969,4,1,5,126,-0.1289
1969,4,2,1,81,1.5415
1969,4,2,2,85,-4.6898
1969,4,2,3,141,2.8940
1969,4,2,4,92,-0.8706
1969,4,2,5,40,2.9019
1969,4,3,1,93,-0.3536
1969,4,3,2,105,-0.4144
1969,4,3,3,191,2.1099
1969,4,3,4,161,1.7273
1969,4,3,5,52,2.2080
1969,5,1,1,88,-1.5017
1969,5,1,2,197,2.5932
1969,5,1,3,348,0.6527
1969,5,1,4,186,-0.4486
1969,5,1,5,115,2.7218
1969,5,2,1,42,-4.3886
1969,5,2,2,123,-1.9987
1969,5,2,3,150,-0.3348
1969,5,2,4,86,-1.7741
1969,5,2,5,58,2.4951
1969,5,3,1,59,-3.8968
1969,5,3,2,185,1.8264
1969,5,3,3,138,0.3888
1969,5,3,4,106,-0.3134
1969,5,3,5,117,1.4665
1969,6,1,1,87,-11.2450
1969,6,1,2,320,-12.0026
1969,6,1,3,258,-14.6439
1969,6,1,4,153,-12.1298
1969,6,1,5,109,-13.4570
1969,6,2,1,52,-10.1352
1969,6,2,2,153,-12.6559
1969,6,2,3,119,-10.9099
1969,6,2,4,85,-12.3528
1969,6,2,5,55,-10.7424
1969,6,3,1,69,-9.5060
1969,6,3,2,210,-9.6104
1969,6,3,3,123,-5.9758
1969,6,3,4,162,-7.8947
1969,6,3,5,46,-8.0913
1969,7,1,1,160,-13.5849
1969,7,1,2,188,-11.8584
1969,7,1,3,300,-10.8575
1969,7,1,4,186,-11.5788
1969,7,1,5,114,-10.7501
1969,7,2,1,62,-9.4861
1969,7,2,2,95,-9.8927
1969,7,2,3,153,-8.3922
1969,7,2,4,81,-10.4138
1969,7,2,5,70,-8.6880
1969,7,3,1,63,-6.3479
1969,7,3,2,128,-6.0282
1969,7,3,3,200,-5.5172
1969,7,3,4,118,-6.0976
1969,7,3,5,100,-7.4044
1969,8,1,1,186,6.6393
1969,8,1,2,162,4.8794
1969,8,1,3,310,3.6560
1969,8,1,4,186,5.0954
1969,8,1,5,114,6.5141
1969,8,2,1,84,4.5227
1969,8,2,2,91,4.7665
1969,8,2,3,152,5.2006
1969,8,2,4,81,6.8408
1969,8,2,5,52,8.6273
1969,8,3,1,85,4.7308
1969,8,3,2,134,6.0355
1969,8,3,3,185,4.6815
1969,8,3,4,122,5.5087
1969,8,3,5,85,9.5542
1969,9,1,1,120,-3.5040
1969,9,1,2,201,-2.4136
1969,9,1,3,261,-3.5157
1969,9,1,4,265,-3.1976
1969,9,1,5,120,-3.6350
1969,9,2,1,64,1.8254
1969,9,2,2,95,-2.2786
1969,9,2,3,133,1.9579
1969,9,2,4,125,0.8019
1969,9,2,5,48,3.2894
1969,9,3,1,70,-1.0434
1969,9,3,2,132,-2.9021
1969,9,3,3,168,-1.0700
1969,9,3,4,154,0.7231
1969,9,3,5,86,0.4633
1969,10,1,1,132,10.1532
1969,10,1,2,261,8.7886
1969,10,1,3,212,11.7724
1969,10,1,4,238,11.6602
1969,10,1,5,119,11.9630
1969,10,2,1,63,4.9353
1969,10,2,2,110,5.1592
1969,10,2,3,134,6.3016
1969,10,2,4,115,9.0671
1969,10,2,5,51,11.4410
1969,10,3,1,70,9.3176
1969,10,3,2,130,3.6422
1969,10,3,3,188,7.6357
1969,10,3,4,139,9.1605
1969,10,3,5,86,7.0938
1969,11,1,1,161,-8.9858
1969,11,1,2,143,-7.2504
1969,11,1,3,280,-6.3100
1969,11,1,4,255,-7.2893
1969,11,1,5,122,-4.9367
1969,11,2,1,67,-8.2913
1969,11,2,2,66,-4.6396
1969,11,2,3,129,-5.9129
1969,11,2,4,149,-2.2845
1969,11,2,5,67,-2.6899
1969,11,3,1,77,-4.3051
1969,11,3,2,86,-1.5053
1969,11,3,3,163,-3.4462
1969,11,3,4,208,-3.1389
1969,11,3,5,82,-1.0259
1969,12,1,1,128,-10.1417
1969,12,1,2,245,-9.2039
1969,12,1,3,264,-8.0704
1969,12,1,4,232,-7.3594
1969,12,1,5,95,-7.1427
1969,12,2,1,62,-6.4945
1969,12,2,2,96,-5.9825
1969,12,2,3,137,-6.2505
1969,12,2,4,122,-1.8182
1969,12,2,5,60,-7.4610
1969,12,3,1,75,1.4941
1969,12,3,2,99,-3.2831
1969,12,3,3,180,-1.8429
1969,12,3,4,178,-0.8012
1969,12,3,5,86,0.9465
1970,1,1,1,160,-2.0922
1970,1,1,2,221,-4.3608
1970,1,1,3,169,-1.0174
1970,1,1,4,320,-4.0593
1970,1,1,5,102,-3.3599
1970,1,2,1,68,-6.1915
1970,1,2,2,90,-7.8149
1970,1,2,3,93,-3.3141
1970,1,2,4,168,-4.6741
1970,1,2,5,55,-11.3336
1970,1,3,1,73,-8.7524
1970,1,3,2,106,-8.0117
1970,1,3,3,152,-6.4223
1970,1,3,4,195,-7.2620
1970,1,3,5,89,-7.8116
1970,2,1,1,132,0.3394
1970,2,1,2,183,2.3442
1970,2,1,3,322,2.3039
1970,2,1,4,298,1.7244
1970,2,1,5,51,4.3462
1970,2,2,1,51,1.0877
1970,2,2,2,112,4.7719
1970,2,2,3,124,3.4881
1970,2,2,4,124,3.0501
1970,2,2,5,55,4.9429
1970,2,3,1,38,4.6156
1970,2,3,2,168,8.0168
1970,2,3,3,140,7.1911
1970,2,3,4,136,5.2018
1970,2,3,5,134,6.2215
1970,3,1,1,185,-4.1501
1970,3,1,2,218,-3.4017
1970,3,1,3,292,-4.5591
1970,3,1,4,199,-3.9778
1970,3,1,5,95,-3.1084
1970,3,2,1,72,-4.3025
1970,3,2,2,124,-0.3422
1970,3,2,3,138,-3.6099
1970,3,2,4,77,-2.2186
1970,3,2,5,62,-3.2500
1970,3,3,1,65,-0.2887
1970,3,3,2,170,-3.0607
1970,3,3,3,145,-1.0201
1970,3,3,4,102,-1.9496
1970,3,3,5,139,-3.0698
1970,4,1,1,175,-20.0633
1970,4,1,2,162,-17.7836
1970,4,1,3,362,-17.4514
1970,4,1,4,210,-21.7230
1970,4,1,5,93,-17.5586
1970,4,2,1,60,-18.3166
1970,4,2,2,95,-14.5058
1970,4,2,3,187,-16.8051
1970,4,2,4,64,-17.4884
1970,4,2,5,65,-15.4587
1970,4,3,1,72,-18.3458
1970,4,3,2,130,-9.3461
1970,4,3,3,194,-10.2486
1970,4,3,4,75,-13.6550
1970,4,3,5,146,-11.2298
1970,5,1,1,152,-7.5206
1970,5,1,2,311,-10.0544
1970,5,1,3,331,-9.7458
1970,5,1,4,175,-7.4619
1970,5,1,5,52,-9.0738
1970,5,2,1,63,-9.0422
1970,5,2,2,141,-11.6740
1970,5,2,3,132,-11.5946
1970,5,2,4,96,-10.3294
1970,5,2,5,27,-7.9554
1970,5,3,1,54,-9.1212
1970,5,3,2,168,-8.2282
1970,5,3,3,156,-8.1414
1970,5,3,4,165,-7.8209
1970,5,3,5,68,-6.3148
1970,6,1,1,113,-6.9035
1970,6,1,2,415,-10.8172
1970,6,1,3,260,-8.7369
1970,6,1,4,185,-8.2954
1970,6,1,5,51,-12.3616
1970,6,2,1,56,-5.8595
1970,6,2,2,170,-10.3220
1970,6,2,3,116,-10.2072
1970,6,2,4,95,-6.0984
1970,6,2,5,28,-4.5438
1970,6,3,1,57,-5.9837
1970,6,3,2,176,-6.4185
1970,6,3,3,153,-2.8996
1970,6,3,4,155,-5.9114
1970,6,3,5,67,-3.6205
1970,7,1,1,121,5.1367
1970,7,1,2,389,5.3108
1970,7,1,3,279,4.1197
1970,7,1,4,183,3.6453
1970,7,1,5,50,6.8758
1970,7,2,1,55,13.2273
1970,7,2,2,178,6.4652
1970,7,2,3,105,8.7561
1970,7,2,4,87,7.0811
1970,7,2,5,31,2.9041
1970,7,3,1,55,12.4904
1970,7,3,2,192,8.3455
1970,7,3,3,128,6.2605
1970,7,3,4,175,5.7630
1970,7,3,5,64,3.1152
1970,8,1,1,150,8.0538
1970,8,1,2,375,6.2642
1970,8,1,3,283,6.4706
1970,8,1,4,168,4.6539
1970,8,1,5,53,4.2707
1970,8,2,1,58,7.0376
1970,8,2,2,163,7.4513
1970,8,2,3,108,7.5033
1970,8,2,4,95,4.6877
1970,8,2,5,32,3.1989
1970,8,3,1,62,8.6071
1970,8,3,2,190,2.0908
1970,8,3,3,113,6.3436
1970,8,3,4,169,3.7698
1970,8,3,5,79,2.8516
1970,9,1,1,143,16.2469
1970,9,1,2,382,15.7561
1970,9,1,3,247,13.3589
1970,9,1,4,198,13.7030
1970,9,1,5,57,18.1783
1970,9,2,1,50,12.0765
1970,9,2,2,161,12.8344
1970,9,2,3,110,9.2134
1970,9,2,4,104,12.5701
1970,9,2,5,35,13.2046
1970,9,3,1,61,8.3101
1970,9,3,2,181,4.9202
1970,9,3,3,99,7.5963
1970,9,3,4,199,6.9510
1970,9,3,5,73,6.3059
1970,10,1,1,184,-10.0977
1970,10,1,2,343,-6.5492
1970,10,1,3,261,-6.9187
1970,10,1,4,177,-7.3085
1970,10,1,5,59,-7.0156
1970,10,2,1,74,-7.3625
1970,10,2,2,137,-5.2500
1970,10,2,3,93,-3.8407
1970,10,2,4,128,-6.9949
1970,10,2,5,33,-3.6362
1970,10,3,1,73,-6.4645
1970,10,3,2,176,-2.4311
1970,10,3,3,102,-4.2099
1970,10,3,4,191,-1.0010
1970,10,3,5,80,1.8189
1970,11,1,1,279,-0.9934
1970,11,1,2,248,-3.2259
1970,11,1,3,250,-2.8617
1970,11,1,4,150,-3.3661
1970,11,1,5,96,-1.4080
1970,11,2,1,99,3.5529
1970,11,2,2,115,1.8441
1970,11,2,3,112,-3.8195
1970,11,2,4,95,2.7418
1970,11,2,5,48,2.9716
1970,11,3,1,123,6.6577
1970,11,3,2,147,4.2973
1970,11,3,3,107,2.6953
1970,11,3,4,175,5.2818
1970,11,3,5,72,8.3819
1970,12,1,1,236,7.1552
1970,12,1,2,245,9.2417
1970,12,1,3,295,9.2371
1970,12,1,4,182,8.9370
1970,12,1,5,70,7.3664
1970,12,2,1,91,9.1578
1970,12,2,2,121,10.5060
1970,12,2,3,99,8.3708
1970,12,2,4,124,5.1957
1970,12,2,5,36,8.6628
1970,12,3,1,99,8.2044
1970,12,3,2,173,6.1366
1970,12,3,3,92,6.2590
1970,12,3,4,199,4.4226
1970,12,3,5,60,3.9391
1971,1,1,1,220,19.2326
1971,1,1,2,258,15.8473
1971,1,1,3,293,15.0955
1971,1,1,4,164,12.7510
1971,1,1,5,98,15.4961
1971,1,2,1,80,11.8434
1971,1,2,2,120,8.5818
1971,1,2,3,107,10.4658
1971,1,2,4,111,9.2786
1971,1,2,5,47,10.5667
1971,1,3,1,99,10.6358
1971,1,3,2,168,5.6066
1971,1,3,3,99,7.3739
1971,1,3,4,170,6.5562
1971,1,3,5,84,4.8480
1971,2,1,1,148,4.4553
1971,2,1,2,307,5.8967
1971,2,1,3,230,7.3691
1971,2,1,4,253,6.0062
1971,2,1,5,99,5.9807
1971,2,2,1,44,0.0512
1971,2,2,2,127,3.8663
1971,2,2,3,109,4.0651
1971,2,2,4,138,6.0094
1971,2,2,5,47,4.3795
1971,2,3,1,49,3.8552
1971,2,3,2,137,4.0281
1971,2,3,3,160,2.2309
1971,2,3,4,189,1.6879
1971,2,3,5,84,3.8642
1971,3,1,1,150,5.0973
1971,3,1,2,278,4.8549
1971,3,1,3,292,4.4331
1971,3,1,4,209,7.3943
1971,3,1,5,96,5.4729
1971,3,2,1,39,6.4567
1971,3,2,2,132,4.5693
1971,3,2,3,121,4.2254
1971,3,2,4,132,8.0287
1971,3,2,5,50,8.7425
1971,3,3,1,52,2.3134
1971,3,3,2,135,3.2478
1971,3,3,3,159,3.6102
1971,3,3,4,189,5.3436
1971,3,3,5,86,8.2200
1971,4,1,1,143,1.8659
1971,4,1,2,272,4.0626
1971,4,1,3,312,1.2906
1971,4,1,4,205,1.2366
1971,4,1,5,94,2.9352
1971,4,2,1,41,1.6193
1971,4,2,2,113,5.7960
1971,4,2,3,135,1.5294
1971,4,2,4,138,2.1377
1971,4,2,5,46,1.9752
1971,4,3,1,47,3.8604
1971,4,3,2,128,8.0569
1971,4,3,3,169,4.8440
1971,4,3,4,187,4.9119
1971,4,3,5,90,3.0141
1971,5,1,1,212,-6.6251
1971,5,1,2,197,-7.6559
1971,5,1,3,256,-5.4329
1971,5,1,4,183,-2.6268
1971,5,1,5,182,-7.1893
1971,5,2,1,90,-6.5482
1971,5,2,2,74,-5.4225
1971,5,2,3,105,-5.6360
1971,5,2,4,105,-5.1473
1971,5,2,5,98,-4.7905
1971,5,3,1,112,-4.8500
1971,5,3,2,91,-2.0099
1971,5,3,3,110,-2.2140
1971,5,3,4,151,-1.8931
1971,5,3,5,158,-3.0269
1971,6,1,1,165,-2.4520
1971,6,1,2,273,-4.0625
1971,6,1,3,195,-3.7607
1971,6,1,4,207,-1.5382
1971,6,1,5,183,-1.2115
1971,6,2,1,71,-2.8730
1971,6,2,2,96,-3.6065
1971,6,2,3,86,-2.7004
1971,6,2,4,125,0.1576
1971,6,2,5,99,0.0557
1971,6,3,1,99,-1.3351
1971,6,3,2,112,1.2661
1971,6,3,3,90,-1.0145
1971,6,3,4,168,1.9599
1971,6,3,5,159,2.0007
1971,7,1,1,255,-7.0812
1971,7,1,2,259,-4.8434
1971,7,1,3,130,-7.0745
1971,7,1,4,198,-7.1559
1971,7,1,5,185,-4.8827
1971,7,2,1,99,-6.1312
1971,7,2,2,96,-4.5527
1971,7,2,3,50,-6.4606
1971,7,2,4,127,-5.6788
1971,7,2,5,98,-4.3282
1971,7,3,1,122,-6.6734
1971,7,3,2,122,-6.0153
1971,7,3,3,50,-5.5294
1971,7,3,4,172,-5.5956
1971,7,3,5,159,-3.2010
1971,8,1,1,282,3.6858
1971,8,1,2,179,1.4261
1971,8,1,3,244,3.3832
1971,8,1,4,139,2.6565
1971,8,1,5,192,1.9728
1971,8,2,1,117,5.2923
1971,8,2,2,99,1.6657
1971,8,2,3,78,2.8427
1971,8,2,4,69,7.6780
1971,8,2,5,101,4.8369
1971,8,3,1,122,5.8142
1971,8,3,2,177,4.6474
1971,8,3,3,85,7.0098
1971,8,3,4,77,5.3629
1971,8,3,5,168,3.1779
1971,9,1,1,229,-0.6859
1971,9,1,2,233,-3.0172
1971,9,1,3,208,-0.5887
1971,9,1,4,261,0.5571
1971,9,1,5,115,0.3738
1971,9,2,1,85,-3.5514
1971,9,2,2,123,-1.7527
1971,9,2,3,74,-2.4062
1971,9,2,4,120,0.8976
1971,9,2,5,61,1.0170
1971,9,3,1,100,-2.3998
1971,9,3,2,201,0.7983
1971,9,3,3,83,-0.0652
1971,9,3,4,124,2.1251
1971,9,3,5,123,-1.6036
1971,10,1,1,197,-8.5072
1971,10,1,2,174,-7.4369
1971,10,1,3,308,-5.5148
1971,10,1,4,227,-10.5507
1971,10,1,5,145,-5.8564
1971,10,2,1,76,-7.4397
1971,10,2,2,100,-7.7061
1971,10,2,3,113,-3.9561
1971,10,2,4,105,-5.6105
1971,10,2,5,82,-5.8138
1971,10,3,1,95,-4.8831
1971,10,3,2,150,-5.2462
1971,10,3,3,139,-5.2940
1971,10,3,4,98,-5.3924
1971,10,3,5,152,-5.4731
1971,11,1,1,193,-3.3767
1971,11,1,2,257,-4.1755
1971,11,1,3,167,-3.8048
1971,11,1,4,271,-4.2490
1971,11,1,5,173,-5.3239
1971,11,2,1,64,-4.1060
1971,11,2,2,122,-1.3234
1971,11,2,3,90,-0.1930
1971,11,2,4,117,-2.4685
1971,11,2,5,81,-2.9148
1971,11,3,1,79,-0.1389
1971,11,3,2,184,-3.2900
1971,11,3,3,130,-0.3838
1971,11,3,4,126,-1.4427
1971,11,3,5,114,-0.8725
1971,12,1,1,146,12.7382
1971,12,1,2,280,10.1782
1971,12,1,3,177,15.1703
1971,12,1,4,256,15.1327
1971,12,1,5,201,12.2806
1971,12,2,1,44,17.2285
1971,12,2,2,151,11.7247
1971,12,2,3,90,12.9024
1971,12,2,4,104,13.5028
1971,12,2,5,90,10.7468
1971,12,3,1,57,11.3476
1971,12,3,2,195,11.1264
1971,12,3,3,140,11.3751
1971,12,3,4,130,11.8030
1971,12,3,5,119,10.6465
1972,1,1,1,95,18.7606
1972,1,1,2,222,10.3167
1972,1,1,3,333,15.4980
1972,1,1,4,236,15.7935
1972,1,1,5,182,11.7298
1972,1,2,1,47,6.5039
1972,1,2,2,134,7.8585
1972,1,2,3,123,6.6774
1972,1,2,4,98,8.6836
1972,1,2,5,80,8.1062
1972,1,3,1,73,3.5392
1972,1,3,2,213,2.1676
1972,1,3,3,134,5.1447
1972,1,3,4,113,4.1808
1972,1,3,5,108,2.6955
1972,2,1,1,96,5.3930
1972,2,1,2,247,5.6087
1972,2,1,3,301,5.2865
1972,2,1,4,296,2.6930
1972,2,1,5,128,3.4864
1972,2,2,1,51,4.9934
1972,2,2,2,92,2.1073
1972,2,2,3,150,4.7102
1972,2,2,4,126,4.0934
1972,2,2,5,67,2.1219
1972,2,3,1,67,3.6868
1972,2,3,2,141,3.4326
1972,2,3,3,201,2.3938
1972,2,3,4,149,4.3794
1972,2,3,5,87,4.6601
1972,3,1,1,110,-1.6275
1972,3,1,2,217,-2.0126
1972,3,1,3,319,-0.1501
1972,3,1,4,304,-0.7982
1972,3,1,5,122,0.6615
1972,3,2,1,65,2.2272
1972,3,2,2,77,1.0501
1972,3,2,3,151,1.1874
1972,3,2,4,135,0.3571
1972,3,2,5,54,0.9083
1972,3,3,1,111,-1.0116
1972,3,3,2,106,1.4450
1972,3,3,3,220,3.6548
1972,3,3,4,137,-3.5498
1972,3,3,5,74,1.1908
1972,4,1,1,92,0.2687
1972,4,1,2,314,-0.5388
1972,4,1,3,185,0.8770
1972,4,1,4,345,0.8132
1972,4,1,5,133,-1.3262
1972,4,2,1,40,0.6813
1972,4,2,2,110,-0.9843
1972,4,2,3,122,-0.9619
1972,4,2,4,153,0.5338
1972,4,2,5,61,0.7651
1972,4,3,1,74,2.1838
1972,4,3,2,140,2.1023
1972,4,3,3,184,-0.3755
1972,4,3,4,152,0.1320
1972,4,3,5,103,1.3548
1972,5,1,1,115,-1.2434
1972,5,1,2,321,-1.8186
1972,5,1,3,146,-1.1207
1972,5,1,4,258,-1.8408
1972,5,1,5,235,-3.3650
1972,5,2,1,64,-2.2988
1972,5,2,2,102,-1.2229
1972,5,2,3,68,-2.7679
1972,5,2,4,127,-1.1094
1972,5,2,5,131,-2.4915
1972,5,3,1,105,-1.4363
1972,5,3,2,96,-0.4589
1972,5,3,3,96,-1.3424
1972,5,3,4,139,3.0640
1972,5,3,5,210,3.3233
1972,6,1,1,153,-4.2247
1972,6,1,2,174,-2.7084
1972,6,1,3,356,-5.4423
1972,6,1,4,264,-1.8871
1972,6,1,5,118,-4.0345
1972,6,2,1,67,-0.9625
1972,6,2,2,68,-4.6193
1972,6,2,3,149,-4.7008
1972,6,2,4,126,-3.1033
1972,6,2,5,85,-2.6540
1972,6,3,1,111,-4.0192
1972,6,3,2,100,-1.1005
1972,6,3,3,139,-7.8298
1972,6,3,4,148,-1.8564
1972,6,3,5,156,-1.4669
1972,7,1,1,164,-5.9024
1972,7,1,2,215,-3.1346
1972,7,1,3,304,-4.7925
1972,7,1,4,267,-4.3601
1972,7,1,5,116,-1.6115
1972,7,2,1,70,-3.9435
1972,7,2,2,82,0.7291
1972,7,2,3,136,-4.0692
1972,7,2,4,119,-1.7184
1972,7,2,5,83,-2.2381
1972,7,3,1,92,-6.7628
1972,7,3,2,109,-0.7317
1972,7,3,3,166,-1.7763
1972,7,3,4,133,-0.8034
1972,7,3,5,157,-1.3433
1972,8,1,1,164,2.0644
1972,8,1,2,243,-1.8710
1972,8,1,3,273,1.1034
1972,8,1,4,314,-0.7270
1972,8,1,5,80,-0.6961
1972,8,2,1,69,2.2009
1972,8,2,2,95,0.7161
1972,8,2,3,147,0.0135
1972,8,2,4,126,1.5321
1972,8,2,5,46,2.1545
1972,8,3,1,93,8.1565
1972,8,3,2,120,1.0046
1972,8,3,3,201,2.7868
1972,8,3,4,163,2.2333
1972,8,3,5,86,1.6284
1972,9,1,1,129,-4.8062
1972,9,1,2,280,-4.4776
1972,9,1,3,345,-3.9930
1972,9,1,4,244,-6.0976
1972,9,1,5,83,-5.4668
1972,9,2,1,48,-3.7768
1972,9,2,2,117,-2.2781
1972,9,2,3,175,-2.4385
1972,9,2,4,97,-3.4052
1972,9,2,5,44,-2.6917
1972,9,3,1,46,-4.0411
1972,9,3,2,171,-1.8969
1972,9,3,3,234,-0.8499
1972,9,3,4,127,-2.4543
1972,9,3,5,86,-3.4525
1972,10,1,1,170,-2.6535
1972,10,1,2,275,-3.7612
1972,10,1,3,383,-1.7198
1972,10,1,4,182,-4.5521
1972,10,1,5,76,-3.1243
1972,10,2,1,84,-3.1929
1972,10,2,2,92,0.0656
1972,10,2,3,182,-0.8014
1972,10,2,4,85,-0.5237
1972,10,2,5,42,-0.1485
1972,10,3,1,113,0.6653
1972,10,3,2,114,-2.4268
1972,10,3,3,250,1.1446
1972,10,3,4,96,-1.7841
1972,10,3,5,91,1.7655
1972,11,1,1,158,3.0252
1972,11,1,2,268,4.4555
1972,11,1,3,285,3.6300
1972,11,1,4,257,4.9836
1972,11,1,5,118,2.0441
1972,11,2,1,58,5.0938
1972,11,2,2,97,6.5907
1972,11,2,3,126,4.8876
1972,11,2,4,141,4.8554
1972,11,2,5,63,3.5731
1972,11,3,1,60,4.1239
1972,11,3,2,106,9.0057
1972,11,3,3,174,4.1084
1972,11,3,4,227,6.7739
1972,11,3,5,102,4.8089
1972,12,1,1,136,-2.7315
1972,12,1,2,290,-0.9433
1972,12,1,3,255,-3.3278
1972,12,1,4,250,-1.5676
1972,12,1,5,168,-2.2117
1972,12,2,1,49,-4.4318
1972,12,2,2,102,-1.9336
1972,12,2,3,105,-0.5319
1972,12,2,4,161,-0.3778
1972,12,2,5,67,-1.6624
1972,12,3,1,58,1.0607
1972,12,3,2,108,-1.4612
1972,12,3,3,145,3.4129
1972,12,3,4,240,-0.5295
1972,12,3,5,117,2.2019
1973,1,1,1,172,-3.0707
1973,1,1,2,631,-5.2196
1973,1,1,3,742,-2.5590
1973,1,1,4,721,-1.6201
1973,1,1,5,293,-3.0422
1973,1,2,1,50,-4.8452
1973,1,2,2,120,-8.8836
1973,1,2,3,161,-5.5624
1973,1,2,4,221,-5.0472
1973,1,2,5,81,-6.5948
1973,1,3,1,43,-1.3226
1973,1,3,2,128,-7.2173
1973,1,3,3,166,-4.2801
1973,1,3,4,255,-5.4480
1973,1,3,5,128,-1.4380
1973,2,1,1,204,-6.4819
1973,2,1,2,553,-11.1040
1973,2,1,3,773,-7.6389
1973,2,1,4,611,-7.2402
1973,2,1,5,423,-5.8062
1973,2,2,1,59,-4.6764
1973,2,2,2,120,-10.8351
1973,2,2,3,211,-7.0650
1973,2,2,4,144,-10.5501
1973,2,2,5,101,-6.0142
1973,2,3,1,46,-2.0600
1973,2,3,2,143,-6.7047
1973,2,3,3,264,-5.2519
1973,2,3,4,139,-5.1360
1973,2,3,5,134,-3.6977
1973,3,1,1,302,-1.7570
1973,3,1,2,457,-2.2735
1973,3,1,3,757,-4.2387
1973,3,1,4,780,-2.7297
1973,3,1,5,261,-3.6477
1973,3,2,1,80,-1.8820
1973,3,2,2,99,-4.6301
1973,3,2,3,152,-5.3174
1973,3,2,4,187,-3.2729
1973,3,2,5,111,-5.2272
1973,3,3,1,105,1.3679
1973,3,3,2,97,0.1481
1973,3,3,3,115,-4.7462
1973,3,3,4,198,-0.5841
1973,3,3,5,205,-0.5126
1973,4,1,1,279,-9.3745
1973,4,1,2,430,-6.5458
1973,4,1,3,659,-7.8545
1973,4,1,4,771,-6.7326
1973,4,1,5,399,-8.3739
1973,4,2,1,54,-11.7735
1973,4,2,2,124,-6.1650
1973,4,2,3,134,-9.9987
1973,4,2,4,220,-10.5155
1973,4,2,5,87,-9.8876
1973,4,3,1,53,-8.3434
1973,4,3,2,159,-3.4881
1973,4,3,3,129,-6.5137
1973,4,3,4,272,-6.1570
1973,4,3,5,113,-6.9099
1973,5,1,1,391,-12.1134
1973,5,1,2,262,-9.0176
1973,5,1,3,478,-8.4540
1973,5,1,4,856,-8.8984
1973,5,1,5,550,-10.1008
1973,5,2,1,81,-12.2271
1973,5,2,2,64,-9.0196
1973,5,2,3,165,-8.7846
1973,5,2,4,201,-9.0784
1973,5,2,5,102,-8.7823
1973,5,3,1,86,-7.9703
1973,5,3,2,88,-3.9745
1973,5,3,3,245,-1.1535
1973,5,3,4,184,-0.8357
1973,5,3,5,114,-2.5501
1973,6,1,1,259,-3.7912
1973,6,1,2,584,-5.1219
1973,6,1,3,683,-4.3815
1973,6,1,4,530,-2.3252
1973,6,1,5,438,-4.4330
1973,6,2,1,57,-3.6568
1973,6,2,2,120,-4.5455
1973,6,2,3,194,-4.2078
1973,6,2,4,120,-3.7468
1973,6,2,5,104,-6.7669
1973,6,3,1,86,-3.3402
1973,6,3,2,106,-3.7760
1973,6,3,3,287,-6.8553
1973,6,3,4,123,-0.9653
1973,6,3,5,115,-0.7442
1973,7,1,1,290,11.5574
1973,7,1,2,525,11.0209
1973,7,1,3,800,13.9747
1973,7,1,4,440,11.9309
1973,7,1,5,408,13.9479
1973,7,2,1,51,14.6757
1973,7,2,2,164,12.2167
1973,7,2,3,174,12.9523
1973,7,2,4,109,17.1391
1973,7,2,5,96,13.9986
1973,7,3,1,58,13.0321
1973,7,3,2,234,5.5412
1973,7,3,3,203,9.8853
1973,7,3,4,122,10.4714
1973,7,3,5,109,12.8151
1973,8,1,1,410,-6.5775
1973,8,1,2,641,-6.4561
1973,8,1,3,505,-4.6237
1973,8,1,4,475,-2.8016
1973,8,1,5,402,-6.8113
1973,8,2,1,81,-9.0863
1973,8,2,2,164,-5.9413
1973,8,2,3,147,-4.8335
1973,8,2,4,116,-2.8753
1973,8,2,5,87,-4.7495
1973,8,3,1,78,-3.1969
1973,8,3,2,214,-4.9756
1973,8,3,3,187,-1.8835
1973,8,3,4,136,-1.2378
1973,8,3,5,114,-2.5693
1973,9,1,1,418,11.0706
1973,9,1,2,644,5.8886
1973,9,1,3,509,6.9529
1973,9,1,4,597,8.3054
1973,9,1,5,218,8.5768
1973,9,2,1,64,10.8196
1973,9,2,2,215,10.1620
1973,9,2,3,131,8.5553
1973,9,2,4,140,12.3579
1973,9,2,5,60,5.2094
1973,9,3,1,69,12.2177
1973,9,3,2,283,6.4761
1973,9,3,3,112,10.5968
1973,9,3,4,146,7.2462
1973,9,3,5,111,5.2343
1973,10,1,1,363,2.3523
1973,10,1,2,419,-1.9336
1973,10,1,3,804,-0.6548
1973,10,1,4,434,3.2723
1973,10,1,5,343,-0.7688
1973,10,2,1,65,-0.7953
1973,10,2,2,137,-0.0227
1973,10,2,3,212,-1.0681
1973,10,2,4,115,1.8632
1973,10,2,5,81,-0.7548
1973,10,3,1,64,-4.7005
1973,10,3,2,202,-3.4441
1973,10,3,3,207,-0.8645
1973,10,3,4,136,-0.0529
1973,10,3,5,118,1.2677
1973,11,1,1,329,-19.1999
1973,11,1,2,554,-19.9669
1973,11,1,3,819,-17.7629
1973,11,1,4,395,-19.4637
1973,11,1,5,238,-14.8407
1973,11,2,1,76,-19.6855
1973,11,2,2,102,-19.5648
1973,11,2,3,242,-17.1431
1973,11,2,4,117,-19.5111
1973,11,2,5,74,-13.2803
1973,11,3,1,75,-16.8363
1973,11,3,2,94,-12.7915
1973,11,3,3,295,-14.3226
1973,11,3,4,152,-12.1949
1973,11,3,5,117,-12.1907
1973,12,1,1,354,-5.2394
1973,12,1,2,513,-8.3034
1973,12,1,3,761,-6.3781
1973,12,1,4,266,-1.4744
1973,12,1,5,371,-1.7103
1973,12,2,1,74,-0.1597
1973,12,2,2,104,-7.5831
1973,12,2,3,179,-3.2045
1973,12,2,4,145,1.2702
1973,12,2,5,113,-1.4411
1973,12,3,1,81,5.3051
1973,12,3,2,100,-0.2500
1973,12,3,3,178,-0.9618
1973,12,3,4,188,2.4359
1973,12,3,5,184,6.6826
1974,1,1,1,379,15.4078
1974,1,1,2,592,19.7541
1974,1,1,3,564,15.8945
1974,1,1,4,318,23.0914
1974,1,1,5,357,15.2562
1974,1,2,1,83,11.5977
1974,1,2,2,142,12.7144
1974,1,2,3,151,10.3441
1974,1,2,4,143,11.8744
1974,1,2,5,115,7.6698
1974,1,3,1,80,-0.2951
1974,1,3,2,135,1.8972
1974,1,3,3,131,0.5156
1974,1,3,4,212,0.1804
1974,1,3,5,171,1.6237
1974,2,1,1,554,-0.1071
1974,2,1,2,389,1.2976
1974,2,1,3,629,-0.3630
1974,2,1,4,443,-2.2604
1974,2,1,5,183,1.0392
1974,2,2,1,130,0.8496
1974,2,2,2,136,1.1982
1974,2,2,3,171,-0.9940
1974,2,2,4,92,1.6468
1974,2,2,5,95,-0.7120
1974,2,3,1,123,2.1513
1974,2,3,2,180,0.8226
1974,2,3,3,152,2.0800
1974,2,3,4,104,-1.1007
1974,2,3,5,164,1.6920
1974,3,1,1,524,2.3498
1974,3,1,2,420,3.3559
1974,3,1,3,599,0.7896
1974,3,1,4,453,3.8186
1974,3,1,5,203,0.4038
1974,3,2,1,152,-1.6071
1974,3,2,2,107,1.9288
1974,3,2,3,137,0.1402
1974,3,2,4,140,-2.8698
1974,3,2,5,85,-1.1434
1974,3,3,1,195,-0.0822
1974,3,3,2,91,-5.3916
1974,3,3,3,106,-0.1269
1974,3,3,4,182,-2.6423
1974,3,3,5,138,-3.3855
1974,4,1,1,568,-5.1932
1974,4,1,2,454,-4.1926
1974,4,1,3,616,-5.8625
1974,4,1,4,385,-5.7532
1974,4,1,5,169,-8.1297
1974,4,2,1,160,-6.7128
1974,4,2,2,132,-4.5134
1974,4,2,3,168,-6.8046
1974,4,2,4,87,-2.8263
1974,4,2,5,78,-6.6449
1974,4,3,1,209,-5.2816
1974,4,3,2,119,-4.6959
1974,4,3,3,156,-5.3546
1974,4,3,4,104,-2.8512
1974,4,3,5,127,-4.0955
1974,5,1,1,360,-6.9388
1974,5,1,2,695,-6.7958
1974,5,1,3,459,-6.8032
1974,5,1,4,510,-6.4436
1974,5,1,5,170,-9.2382
1974,5,2,1,103,-9.5229
1974,5,2,2,183,-7.0273
1974,5,2,3,126,-7.1165
1974,5,2,4,128,-6.4195
1974,5,2,5,76,-9.9460
1974,5,3,1,159,-6.0093
1974,5,3,2,183,-0.6322
1974,5,3,3,131,-3.6775
1974,5,3,4,114,-5.2561
1974,5,3,5,128,-5.7156
1974,6,1,1,436,-4.8092
1974,6,1,2,575,-4.4788
1974,6,1,3,499,-2.5379
1974,6,1,4,497,-0.1926
1974,6,1,5,171,-0.7386
1974,6,2,1,140,-3.3486
1974,6,2,2,156,-2.3926
1974,6,2,3,109,-3.2303
1974,6,2,4,128,-1.6004
1974,6,2,5,76,-2.3610
1974,6,3,1,186,-4.2532
1974,6,3,2,172,-2.0071
1974,6,3,3,114,-2.1018
1974,6,3,4,122,-2.1367
1974,6,3,5,127,-1.7546
1974,7,1,1,354,-5.2210
1974,7,1,2,645,-4.6998
1974,7,1,3,527,-5.8740
1974,7,1,4,466,-4.5982
1974,7,1,5,169,-2.2832
1974,7,2,1,137,-4.5451
1974,7,2,2,152,-6.4475
1974,7,2,3,121,-6.0421
1974,7,2,4,119,-5.1388
1974,7,2,5,79,-2.1494
1974,7,3,1,178,-6.5688
1974,7,3,2,165,-9.9843
1974,7,3,3,100,-8.3477
1974,7,3,4,151,-8.5512
1974,7,3,5,127,-2.6102
1974,8,1,1,253,-8.1947
1974,8,1,2,816,-7.6626
1974,8,1,3,411,-7.6863
1974,8,1,4,480,-7.2764
1974,8,1,5,185,-4.8946
1974,8,2,1,99,-5.7744
1974,8,2,2,201,-9.5916
1974,8,2,3,99,-7.6144
1974,8,2,4,128,-7.2504
1974,8,2,5,95,-5.6087
1974,8,3,1,143,-8.1387
1974,8,3,2,203,-10.0475
1974,8,3,3,91,-6.5120
1974,8,3,4,141,-10.6978
1974,8,3,5,137,-7.4594
1974,9,1,1,295,-8.0776
1974,9,1,2,777,-8.9235
1974,9,1,3,337,-8.9879
1974,9,1,4,473,-8.5627
1974,9,1,5,231,-7.1296
1974,9,2,1,99,-7.6928
1974,9,2,2,188,-10.3778
1974,9,2,3,92,-11.4092
1974,9,2,4,106,-13.3981
1974,9,2,5,126,-8.2662
1974,9,3,1,154,-12.9264
1974,9,3,2,191,-12.7396
1974,9,3,3,92,-15.6634
1974,9,3,4,113,-12.6324
1974,9,3,5,167,-10.9970
1974,10,1,1,288,6.9442
1974,10,1,2,633,10.3896
1974,10,1,3,505,5.7880
1974,10,1,4,450,12.3734
1974,10,1,5,209,13.4981
1974,10,2,1,57,8.2870
1974,10,2,2,217,13.4100
1974,10,2,3,121,8.7228
1974,10,2,4,114,13.3859
1974,10,2,5,106,15.9552
1974,10,3,1,55,18.9258
1974,10,3,2,277,15.0769
1974,10,3,3,128,13.6026
1974,10,3,4,103,15.5571
1974,10,3,5,153,20.7908
1974,11,1,1,302,-7.5317
1974,11,1,2,590,-7.4975
1974,11,1,3,416,-4.7929
1974,11,1,4,414,-5.1563
1974,11,1,5,319,-0.7051
1974,11,2,1,47,-4.9790
1974,11,2,2,176,-4.2548
1974,11,2,3,134,-4.0534
1974,11,2,4,129,-6.7469
1974,11,2,5,139,-2.1184
1974,11,3,1,37,-5.4171
1974,11,3,2,236,-0.5708
1974,11,3,3,129,-4.4804
1974,11,3,4,120,-4.0703
1974,11,3,5,199,-3.4356
1974,12,1,1,314,-8.1644
1974,12,1,2,699,-8.4190
1974,12,1,3,347,-8.2688
1974,12,1,4,424,-8.5553
1974,12,1,5,213,-8.1940
1974,12,2,1,58,-5.5479
1974,12,2,2,234,-5.7403
1974,12,2,3,113,-7.9905
1974,12,2,4,112,-7.8653
1974,12,2,5,128,-5.8440
1974,12,3,1,68,-5.2479
1974,12,3,2,257,-3.3378
1974,12,3,3,121,-6.2564
1974,12,3,4,87,-4.1240
1974,12,3,5,189,-3.1204
1975,1,1,1,300,32.9951
1975,1,1,2,705,30.7049
1975,1,1,3,351,36.5449
1975,1,1,4,358,25.4985
1975,1,1,5,271,28.8600
1975,1,2,1,67,27.7330
1975,1,2,2,224,29.9287
1975,1,2,3,115,29.0115
1975,1,2,4,145,26.4648
1975,1,2,5,99,20.8296
1975,1,3,1,64,19.9761
1975,1,3,2,251,16.7600
1975,1,3,3,125,14.0364
1975,1,3,4,140,15.8002
1975,1,3,5,135,11.4464
1975,2,1,1,292,3.2244
1975,2,1,2,581,3.1816
1975,2,1,3,492,6.2056
1975,2,1,4,356,4.3967
1975,2,1,5,281,9.2442
1975,2,2,1,50,2.4072
1975,2,2,2,197,3.4664
1975,2,2,3,131,6.8315
1975,2,2,4,166,7.4331
1975,2,2,5,81,6.8966
1975,2,3,1,40,12.3650
1975,2,3,2,269,7.9929
1975,2,3,3,139,10.4210
1975,2,3,4,167,8.2490
1975,2,3,5,97,8.0489
1975,3,1,1,496,10.4506
1975,3,1,2,434,8.9792
1975,3,1,3,485,9.2690
1975,3,1,4,291,10.7315
1975,3,1,5,302,8.0471
1975,3,2,1,127,7.8526
1975,3,2,2,150,8.5025
1975,3,2,3,159,7.6968
1975,3,2,4,112,5.3149
1975,3,2,5,82,7.3590
1975,3,3,1,116,7.6481
1975,3,3,2,202,3.5430
1975,3,3,3,170,4.7590
1975,3,3,4,128,9.2532
1975,3,3,5,100,5.6412
1975,4,1,1,437,2.9986
1975,4,1,2,530,4.3737
1975,4,1,3,454,5.6592
1975,4,1,4,237,0.6383
1975,4,1,5,381,9.3186
1975,4,2,1,99,3.7707
1975,4,2,2,192,1.6910
1975,4,2,3,95,10.2635
1975,4,2,4,120,5.8676
1975,4,2,5,103,5.7221
1975,4,3,1,102,7.8864
1975,4,3,2,246,3.5237
1975,4,3,3,75,4.7291
1975,4,3,4,152,9.2123
1975,4,3,5,138,4.5154
1975,5,1,1,324,6.7811
1975,5,1,2,542,5.3505
1975,5,1,3,398,6.7803
1975,5,1,4,394,7.9273
1975,5,1,5,367,9.3326
1975,5,2,1,83,10.1317
1975,5,2,2,153,7.2748
1975,5,2,3,142,8.7771
1975,5,2,4,128,7.2143
1975,5,2,5,111,14.0905
1975,5,3,1,96,2.8888
1975,5,3,2,144,5.6061
1975,5,3,3,156,6.0828
1975,5,3,4,177,7.4143
1975,5,3,5,144,7.0375
1975,6,1,1,296,8.9803
1975,6,1,2,408,8.0346
1975,6,1,3,657,7.4680
1975,6,1,4,305,9.4149
1975,6,1,5,355,6.9032
1975,6,2,1,86,6.3676
1975,6,2,2,166,4.2618
1975,6,2,3,159,5.3456
1975,6,2,4,110,8.8097
1975,6,2,5,97,1.5688
1975,6,3,1,101,7.2026
1975,6,3,2,172,4.2086
1975,6,3,3,151,6.5657
1975,6,3,4,184,8.2496
1975,6,3,5,109,2.3704
1975,7,1,1,309,1.3496
1975,7,1,2,524,-0.6245
1975,7,1,3,532,1.6230
1975,7,1,4,283,-2.1940
1975,7,1,5,381,-1.6673
1975,7,2,1,90,-3.3474
1975,7,2,2,160,-3.7030
1975,7,2,3,166,-8.1163
1975,7,2,4,104,-3.9530
1975,7,2,5,102,-3.2054
1975,7,3,1,105,-5.4244
1975,7,3,2,148,-5.0653
1975,7,3,3,171,-7.3764
1975,7,3,4,175,-8.5351
1975,7,3,5,118,-6.3472
1975,8,1,1,296,-6.9834
1975,8,1,2,488,-6.8119
1975,8,1,3,421,-3.4737
1975,8,1,4,486,-7.0556
1975,8,1,5,349,-6.5242
1975,8,2,1,106,-6.2241
1975,8,2,2,140,-9.3173
1975,8,2,3,161,-3.4685
1975,8,2,4,118,-7.0720
1975,8,2,5,102,-4.8105
1975,8,3,1,100,-3.1779
1975,8,3,2,157,-4.5104
1975,8,3,3,238,-0.7057
1975,8,3,4,80,-4.2281
1975,8,3,5,137,-2.5034
1975,9,1,1,335,-2.2864
1975,9,1,2,473,-3.5652
1975,9,1,3,254,-3.1424
1975,9,1,4,476,-3.2994
1975,9,1,5,512,-1.5023
1975,9,2,1,121,-3.5143
1975,9,2,2,146,-2.0796
1975,9,2,3,110,-2.3436
1975,9,2,4,110,-5.0383
1975,9,2,5,141,-5.6283
1975,9,3,1,112,-5.2791
1975,9,3,2,148,-5.5706
1975,9,3,3,193,-4.0481
1975,9,3,4,86,-2.9728
1975,9,3,5,172,-3.1357
1975,10,1,1,342,0.4743
1975,10,1,2,463,-0.0004
1975,10,1,3,255,2.1223
1975,10,1,4,437,-2.7911
1975,10,1,5,553,2.6277
1975,10,2,1,159,1.9898
1975,10,2,2,113,2.8161
1975,10,2,3,104,3.1394
1975,10,2,4,82,0.8871
1975,10,2,5,168,6.7369
1975,10,3,1,176,3.2937
1975,10,3,2,112,6.6560
1975,10,3,3,168,3.1549
1975,10,3,4,58,2.7440
1975,10,3,5,200,10.6651
1975,11,1,1,247,-1.8872
1975,11,1,2,429,0.9066
1975,11,1,3,490,1.5661
1975,11,1,4,445,0.6347
1975,11,1,5,447,3.0475
1975,11,2,1,137,1.2279
1975,11,2,2,98,5.5922
1975,11,2,3,143,4.2270
1975,11,2,4,103,-1.5905
1975,11,2,5,139,3.2114
1975,11,3,1,174,1.5911
1975,11,3,2,95,4.8103
1975,11,3,3,196,4.3356
1975,11,3,4,82,0.4600
1975,11,3,5,173,4.8947
1975,12,1,1,158,-1.0313
1975,12,1,2,417,-1.0064
1975,12,1,3,600,0.3920
1975,12,1,4,471,-0.7535
1975,12,1,5,404,-2.4104
1975,12,2,1,68,-2.6755
1975,12,2,2,140,-0.2158
1975,12,2,3,167,-2.2240
1975,12,2,4,130,0.3979
1975,12,2,5,117,-1.9702
1975,12,3,1,93,0.6842
1975,12,3,2,161,-1.0805
1975,12,3,3,207,-0.7612
1975,12,3,4,115,-1.5642
1975,12,3,5,140,-4.4045
1976,1,1,1,163,20.3728
1976,1,1,2,416,22.2405
1976,1,1,3,549,26.0622
1976,1,1,4,473,21.2514
1976,1,1,5,382,17.8952
1976,1,2,1,71,16.4308
1976,1,2,2,140,19.8535
1976,1,2,3,166,20.7315
1976,1,2,4,133,20.6419
1976,1,2,5,117,15.1206
1976,1,3,1,104,17.2990
1976,1,3,2,151,16.1848
1976,1,3,3,208,15.4296
1976,1,3,4,114,14.5147
1976,1,3,5,139,9.6719
1976,2,1,1,214,6.5514
1976,2,1,2,464,11.5202
1976,2,1,3,333,14.4363
1976,2,1,4,593,11.8425
1976,2,1,5,380,10.8619
1976,2,2,1,111,9.5228
1976,2,2,2,164,8.8635
1976,2,2,3,82,8.2261
1976,2,2,4,150,9.0490
1976,2,2,5,120,5.6853
1976,2,3,1,153,4.5454
1976,2,3,2,243,2.8385
1976,2,3,3,62,-0.6358
1976,2,3,4,120,1.6080
1976,2,3,5,141,-0.9148
1976,3,1,1,164,0.6906
1976,3,1,2,424,0.2763
1976,3,1,3,554,-0.7514
1976,3,1,4,370,0.7378
1976,3,1,5,532,1.3259
1976,3,2,1,63,0.1051
1976,3,2,2,202,0.5052
1976,3,2,3,134,2.4211
1976,3,2,4,81,-1.4623
1976,3,2,5,132,2.7589
1976,3,3,1,83,-0.2807
1976,3,3,2,303,2.9275
1976,3,3,3,110,-0.1447
1976,3,3,4,71,-0.8721
1976,3,3,5,151,2.9514
1976,4,1,1,190,1.4616
1976,4,1,2,387,-0.5702
1976,4,1,3,571,-2.6141
1976,4,1,4,343,-1.2992
1976,4,1,5,556,-2.9924
1976,4,2,1,89,0.6574
1976,4,2,2,167,-1.1776
1976,4,2,3,126,-1.7879
1976,4,2,4,91,-1.8468
1976,4,2,5,139,-2.4962
1976,4,3,1,102,-0.0958
1976,4,3,2,251,-1.6099
1976,4,3,3,123,0.8902
1976,4,3,4,86,-2.2853
1976,4,3,5,150,-2.4848
1976,5,1,1,173,2.1263
1976,5,1,2,517,0.5245
1976,5,1,3,534,-3.1296
1976,5,1,4,409,-1.8521
1976,5,1,5,436,-3.0559
1976,5,2,1,98,-1.9102
1976,5,2,2,135,-1.2377
1976,5,2,3,128,-3.1132
1976,5,2,4,132,-1.8275
1976,5,2,5,128,-3.1455
1976,5,3,1,157,-0.4246
1976,5,3,2,141,2.2933
1976,5,3,3,96,-3.6172
1976,5,3,4,161,0.5187
1976,5,3,5,154,-2.9272
1976,6,1,1,176,3.1222
1976,6,1,2,402,3.8492
1976,6,1,3,660,2.6791
1976,6,1,4,483,0.6829
1976,6,1,5,340,2.5491
1976,6,2,1,91,5.9737
1976,6,2,2,116,2.5883
1976,6,2,3,145,5.8860
1976,6,2,4,149,3.4696
1976,6,2,5,125,4.4229
1976,6,3,1,112,4.3514
1976,6,3,2,183,4.4002
1976,6,3,3,92,6.4131
1976,6,3,4,156,4.1139
1976,6,3,5,168,4.1479
1976,7,1,1,206,-1.4539
1976,7,1,2,599,-1.1581
1976,7,1,3,538,-0.5927
1976,7,1,4,465,1.4747
1976,7,1,5,244,0.7100
1976,7,2,1,109,-1.5864
1976,7,2,2,157,-0.3954
1976,7,2,3,127,-1.4561
1976,7,2,4,152,0.5232
1976,7,2,5,78,2.3205
1976,7,3,1,135,-3.0026
1976,7,3,2,204,-1.2847
1976,7,3,3,82,-2.0928
1976,7,3,4,178,-0.5032
1976,7,3,5,111,-0.2132
1976,8,1,1,182,-0.3079
1976,8,1,2,503,-2.2864
1976,8,1,3,529,-2.5413
1976,8,1,4,400,-0.9405
1976,8,1,5,248,-0.2912
1976,8,2,1,135,-5.3492
1976,8,2,2,138,-2.5088
1976,8,2,3,154,-2.2474
1976,8,2,4,109,-0.3218
1976,8,2,5,68,-1.2912
1976,8,3,1,202,-3.0074
1976,8,3,2,129,-1.5794
1976,8,3,3,160,-0.5814
1976,8,3,4,106,-2.0977
1976,8,3,5,108,-0.5184
1976,9,1,1,197,3.0583
1976,9,1,2,492,0.2958
1976,9,1,3,546,1.3743
1976,9,1,4,425,2.0449
1976,9,1,5,222,1.9664
1976,9,2,1,132,5.4755
1976,9,2,2,135,1.3584
1976,9,2,3,137,5.1543
1976,9,2,4,130,3.4500
1976,9,2,5,56,2.0647
1976,9,3,1,203,3.7778
1976,9,3,2,153,1.6815
1976,9,3,3,127,1.1767
1976,9,3,4,132,2.3334
1976,9,3,5,82,4.5272
1976,10,1,1,166,-1.6282
1976,10,1,2,572,-2.5795
1976,10,1,3,584,-2.5638
1976,10,1,4,461,-2.3476
1976,10,1,5,295,-1.7961
1976,10,2,1,90,-1.2755
1976,10,2,2,168,-2.4582
1976,10,2,3,168,-2.3738
1976,10,2,4,100,-2.9167
1976,10,2,5,75,-3.4959
1976,10,3,1,159,-1.9656
1976,10,3,2,182,-2.8523
1976,10,3,3,177,-2.0406
1976,10,3,4,89,-3.7741
1976,10,3,5,106,-3.7996
1976,11,1,1,301,2.4883
1976,11,1,2,363,1.6605
1976,11,1,3,576,3.1097
1976,11,1,4,470,2.4361
1976,11,1,5,388,2.6965
1976,11,2,1,113,5.1985
1976,11,2,2,117,3.0517
1976,11,2,3,171,3.5666
1976,11,2,4,105,5.9780
1976,11,2,5,99,3.2181
1976,11,3,1,177,1.1986
1976,11,3,2,131,1.5634
1976,11,3,3,187,2.9455
1976,11,3,4,122,1.3812
1976,11,3,5,84,-1.1058
1976,12,1,1,158,11.9237
1976,12,1,2,628,8.9178
1976,12,1,3,393,10.7219
1976,12,1,4,424,9.7651
1976,12,1,5,496,12.5552
1976,12,2,1,76,8.3344
1976,12,2,2,167,7.6082
1976,12,2,3,140,9.0230
1976,12,2,4,132,9.5111
1976,12,2,5,96,12.1873
1976,12,3,1,148,5.4930
1976,12,3,2,162,5.6739
1976,12,3,3,171,6.5417
1976,12,3,4,152,4.9176
1976,12,3,5,82,5.8991
1977,1,1,1,206,6.7035
1977,1,1,2,561,5.2359
1977,1,1,3,378,7.3478
1977,1,1,4,428,4.1484
1977,1,1,5,487,3.2274
1977,1,2,1,108,4.0066
1977,1,2,2,143,1.5429
1977,1,2,3,134,4.9183
1977,1,2,4,135,0.5684
1977,1,2,5,92,1.1771
1977,1,3,1,172,-3.6490
1977,1,3,2,136,-3.1616
1977,1,3,3,163,-4.4086
1977,1,3,4,157,-5.0976
1977,1,3,5,84,-5.2473
1977,2,1,1,141,2.1964
1977,2,1,2,350,-0.9917
1977,2,1,3,608,-0.3030
1977,2,1,4,556,0.6013
1977,2,1,5,406,-0.8960
1977,2,2,1,50,9.2065
1977,2,2,2,114,-0.1688
1977,2,2,3,179,-0.1434
1977,2,2,4,169,-1.0843
1977,2,2,5,96,-0.7741
1977,2,3,1,63,1.8762
1977,2,3,2,119,-4.9411
1977,2,3,3,181,-1.6742
1977,2,3,4,254,-2.1914
1977,2,3,5,88,-2.5269
1977,3,1,1,179,5.6626
1977,3,1,2,432,2.0017
1977,3,1,3,724,0.0009
1977,3,1,4,530,0.9656
1977,3,1,5,224,1.5105
1977,3,2,1,43,2.1695
1977,3,2,2,151,0.7529
1977,3,2,3,227,-0.6320
1977,3,2,4,125,1.0715
1977,3,2,5,71,-0.0951
1977,3,3,1,44,-2.0472
1977,3,3,2,162,-0.2091
1977,3,3,3,290,-1.0565
1977,3,3,4,138,1.4053
1977,3,3,5,65,-1.6902
1977,4,1,1,218,2.9695
1977,4,1,2,386,2.4744
1977,4,1,3,661,0.4260
1977,4,1,4,581,1.0408
1977,4,1,5,235,1.9327
1977,4,2,1,57,-0.1423
1977,4,2,2,134,1.8406
1977,4,2,3,186,1.8505
1977,4,2,4,174,-0.1837
1977,4,2,5,58,1.2550
1977,4,3,1,56,0.7897
1977,4,3,2,155,-0.4769
1977,4,3,3,267,2.0780
1977,4,3,4,160,0.8139
1977,4,3,5,69,-0.3261
1977,5,1,1,190,-3.8036
1977,5,1,2,483,-0.3021
1977,5,1,3,385,-1.7651
1977,5,1,4,704,0.8218
1977,5,1,5,337,0.2304
1977,5,2,1,71,0.5042
1977,5,2,2,142,-0.4076
1977,5,2,3,144,1.8750
1977,5,2,4,153,1.0276
1977,5,2,5,92,2.0769
1977,5,3,1,71,-4.0016
1977,5,3,2,156,-3.1687
1977,5,3,3,163,-0.4298
1977,5,3,4,220,0.7326
1977,5,3,5,98,-0.5406
1977,6,1,1,172,5.8724
1977,6,1,2,481,6.1281
1977,6,1,3,458,6.5935
1977,6,1,4,798,6.6278
1977,6,1,5,196,6.3527
1977,6,2,1,76,5.7754
1977,6,2,2,121,4.7077
1977,6,2,3,170,11.6298
1977,6,2,4,181,9.8976
1977,6,2,5,52,6.4623
1977,6,3,1,67,1.8760
1977,6,3,2,136,4.4126
1977,6,3,3,189,6.7001
1977,6,3,4,252,6.7099
1977,6,3,5,58,6.7157
1977,7,1,1,148,0.4308
1977,7,1,2,498,0.9517
1977,7,1,3,610,1.7344
1977,7,1,4,559,0.9403
1977,7,1,5,273,1.5645
1977,7,2,1,65,-2.1942
1977,7,2,2,158,0.1489
1977,7,2,3,193,0.0594
1977,7,2,4,133,-1.6394
1977,7,2,5,62,0.3195
1977,7,3,1,65,-3.4125
1977,7,3,2,154,-3.0903
1977,7,3,3,211,-1.8825
1977,7,3,4,210,-0.5719
1977,7,3,5,67,-0.4393
1977,8,1,1,172,-1.0251
1977,8,1,2,490,-2.4751
1977,8,1,3,532,0.2739
1977,8,1,4,569,-0.0115
1977,8,1,5,318,-1.1100
1977,8,2,1,51,-3.3301
1977,8,2,2,178,-0.2253
1977,8,2,3,136,-0.4691
1977,8,2,4,161,-0.8462
1977,8,2,5,79,-2.1877
1977,8,3,1,50,-1.5761
1977,8,3,2,265,-0.7549
1977,8,3,3,129,1.0149
1977,8,3,4,188,-1.5866
1977,8,3,5,76,0.3195
1977,9,1,1,209,-1.0736
1977,9,1,2,398,0.3637
1977,9,1,3,622,2.2664
1977,9,1,4,606,2.2077
1977,9,1,5,234,2.9496
1977,9,2,1,81,1.5685
1977,9,2,2,108,-0.3443
1977,9,2,3,186,3.6316
1977,9,2,4,163,-0.3457
1977,9,2,5,65,4.5215
1977,9,3,1,157,-1.7967
1977,9,3,2,127,-0.8415
1977,9,3,3,197,1.8815
1977,9,3,4,156,-0.1290
1977,9,3,5,72,-0.3952
1977,10,1,1,181,-2.6745
1977,10,1,2,417,-2.5491
1977,10,1,3,677,-2.1055
1977,10,1,4,544,-2.1993
1977,10,1,5,238,-0.8976
1977,10,2,1,81,-3.5997
1977,10,2,2,119,-4.1983
1977,10,2,3,219,-3.2360
1977,10,2,4,125,-2.8745
1977,10,2,5,59,-0.5274
1977,10,3,1,142,-5.1460
1977,10,3,2,137,-4.1942
1977,10,3,3,235,-4.3855
1977,10,3,4,118,-3.9164
1977,10,3,5,76,-2.5762
1977,11,1,1,194,3.6832
1977,11,1,2,518,7.1036
1977,11,1,3,451,9.4447
1977,11,1,4,691,9.6498
1977,11,1,5,226,7.1189
1977,11,2,1,66,6.1184
1977,11,2,2,168,9.0517
1977,11,2,3,130,8.9669
1977,11,2,4,170,9.0599
1977,11,2,5,55,11.5124
1977,11,3,1,56,4.9020
1977,11,3,2,268,5.3369
1977,11,3,3,131,3.4345
1977,11,3,4,175,5.5506
1977,11,3,5,77,6.2400
1977,12,1,1,236,1.3291
1977,12,1,2,459,2.3758
1977,12,1,3,613,2.0423
1977,12,1,4,606,4.0582
1977,12,1,5,168,3.8688
1977,12,2,1,95,2.9795
1977,12,2,2,116,0.8333
1977,12,2,3,176,1.6095
1977,12,2,4,163,1.3977
1977,12,2,5,46,2.4481
1977,12,3,1,162,-0.2963
1977,12,3,2,165,0.9785
1977,12,3,3,148,-0.4196
1977,12,3,4,151,1.2508
1977,12,3,5,76,2.7269
1978,1,1,1,234,-1.1798
1978,1,1,2,427,-0.9016
1978,1,1,3,502,1.1625
1978,1,1,4,688,-1.4157
1978,1,1,5,197,-0.7190
1978,1,2,1,94,-3.6952
1978,1,2,2,128,-0.8509
1978,1,2,3,160,-5.1944
1978,1,2,4,163,-5.0448
1978,1,2,5,62,-3.6533
1978,1,3,1,163,-4.2769
1978,1,3,2,160,-5.4149
1978,1,3,3,155,-6.7994
1978,1,3,4,145,-7.1071
1978,1,3,5,78,-4.3338
1978,2,1,1,220,4.1800
1978,2,1,2,373,2.4601
1978,2,1,3,557,2.8364
1978,2,1,4,643,5.4741
1978,2,1,5,238,3.5786
1978,2,2,1,96,0.0486
1978,2,2,2,117,0.8405
1978,2,2,3,168,2.5163
1978,2,2,4,155,1.4236
1978,2,2,5,71,1.4800
1978,2,3,1,164,-1.7151
1978,2,3,2,154,-0.8208
1978,2,3,3,166,-1.0517
1978,2,3,4,130,-1.6187
1978,2,3,5,83,-0.0148
1978,3,1,1,149,8.3673
1978,3,1,2,340,5.7471
1978,3,1,3,607,8.3042
1978,3,1,4,719,9.7136
1978,3,1,5,205,8.9182
1978,3,2,1,60,5.7597
1978,3,2,2,153,6.9548
1978,3,2,3,144,5.3479
1978,3,2,4,191,8.6658
1978,3,2,5,53,8.1496
1978,3,3,1,142,5.1716
1978,3,3,2,173,3.7673
1978,3,3,3,139,4.5368
1978,3,3,4,178,4.0796
1978,3,3,5,70,5.9319
1978,4,1,1,154,6.8887
1978,4,1,2,365,7.7951
1978,4,1,3,550,5.6787
1978,4,1,4,640,10.4157
1978,4,1,5,312,9.0220
1978,4,2,1,59,4.7244
1978,4,2,2,159,7.0408
1978,4,2,3,122,6.4599
1978,4,2,4,168,9.2056
1978,4,2,5,87,8.6918
1978,4,3,1,141,7.0102
1978,4,3,2,199,7.8563
1978,4,3,3,111,7.0387
1978,4,3,4,167,12.0649
1978,4,3,5,85,10.9163
1978,5,1,1,188,4.7659
1978,5,1,2,340,10.9726
1978,5,1,3,433,6.0703
1978,5,1,4,856,9.3385
1978,5,1,5,199,10.5522
1978,5,2,1,78,10.2051
1978,5,2,2,120,6.0147
1978,5,2,3,106,5.8228
1978,5,2,4,232,8.2914
1978,5,2,5,72,7.9140
1978,5,3,1,173,2.4347
1978,5,3,2,128,4.0100
1978,5,3,3,114,3.7442
1978,5,3,4,194,4.5433
1978,5,3,5,90,5.0202
1978,6,1,1,281,0.0730
1978,6,1,2,287,0.9075
1978,6,1,3,512,0.0279
1978,6,1,4,734,1.3892
1978,6,1,5,197,0.7646
1978,6,2,1,102,-0.5157
1978,6,2,2,104,-2.2426
1978,6,2,3,131,0.2218
1978,6,2,4,194,1.0469
1978,6,2,5,72,0.9475
1978,6,3,1,191,-1.9906
1978,6,3,2,114,-0.3084
1978,6,3,3,120,-1.0079
1978,6,3,4,180,-0.4544
1978,6,3,5,92,0.3623
1978,7,1,1,291,3.8301
1978,7,1,2,420,4.7281
1978,7,1,3,411,3.1853
1978,7,1,4,546,5.7452
1978,7,1,5,309,6.2824
1978,7,2,1,114,6.3459
1978,7,2,2,159,5.7695
1978,7,2,3,105,6.7409
1978,7,2,4,145,7.7476
1978,7,2,5,87,10.0843
1978,7,3,1,188,5.6991
1978,7,3,2,158,6.7827
1978,7,3,3,110,5.8568
1978,7,3,4,157,6.8975
1978,7,3,5,86,8.8877
1978,8,1,1,329,8.1490
1978,8,1,2,509,8.5527
1978,8,1,3,406,10.7893
1978,8,1,4,564,8.4292
1978,8,1,5,162,10.2694
1978,8,2,1,125,5.4471
1978,8,2,2,139,8.9802
1978,8,2,3,103,7.8699
1978,8,2,4,177,7.2477
1978,8,2,5,70,6.3591
1978,8,3,1,190,3.5811
1978,8,3,2,149,2.0187
1978,8,3,3,119,4.1925
1978,8,3,4,144,5.6511
1978,8,3,5,93,6.4586
1978,9,1,1,320,0.7479
1978,9,1,2,387,-0.5751
1978,9,1,3,606,-0.3320
1978,9,1,4,447,-0.0665
1978,9,1,5,204,1.8916
1978,9,2,1,115,-0.8078
1978,9,2,2,120,-2.4430
1978,9,2,3,149,0.6517
1978,9,2,4,153,-3.0892
1978,9,2,5,73,-2.6645
1978,9,3,1,184,0.8848
1978,9,3,2,141,-1.4880
1978,9,3,3,145,-2.7286
1978,9,3,4,135,-2.9893
1978,9,3,5,92,-3.2729
1978,10,1,1,274,-21.1962
1978,10,1,2,409,-20.3876
1978,10,1,3,584,-21.6443
1978,10,1,4,487,-22.4661
1978,10,1,5,205,-22.6802
1978,10,2,1,114,-16.3059
1978,10,2,2,114,-18.4248
1978,10,2,3,152,-24.4602
1978,10,2,4,152,-21.1009
1978,10,2,5,79,-21.7107
1978,10,3,1,177,-12.9684
1978,10,3,2,145,-12.3388
1978,10,3,3,151,-12.6642
1978,10,3,4,119,-11.5497
1978,10,3,5,105,-13.8205
1978,11,1,1,187,3.0630
1978,11,1,2,374,6.2877
1978,11,1,3,609,6.1382
1978,11,1,4,623,8.7713
1978,11,1,5,165,8.9689
1978,11,2,1,87,4.6779
1978,11,2,2,136,6.1564
1978,11,2,3,195,9.4365
1978,11,2,4,138,10.2132
1978,11,2,5,69,9.9178
1978,11,3,1,139,0.6930
1978,11,3,2,181,1.9710
1978,11,3,3,166,4.5434
1978,11,3,4,122,4.1137
1978,11,3,5,93,5.1018
1978,12,1,1,282,1.6944
1978,12,1,2,268,-0.8137
1978,12,1,3,643,2.4191
1978,12,1,4,596,1.4005
1978,12,1,5,157,1.8857
1978,12,2,1,123,0.2586
1978,12,2,2,83,1.2682
1978,12,2,3,178,1.0809
1978,12,2,4,172,3.1287
1978,12,2,5,64,2.5858
1978,12,3,1,194,0.2856
1978,12,3,2,103,2.4939
1978,12,3,3,154,1.6196
1978,12,3,4,152,0.4202
1978,12,3,5,93,5.2932
1979,1,1,1,314,10.1126
1979,1,1,2,242,12.6002
1979,1,1,3,708,11.9680
1979,1,1,4,518,12.2475
1979,1,1,5,159,11.8932
1979,1,2,1,129,7.5897
1979,1,2,2,73,11.1601
1979,1,2,3,187,8.7963
1979,1,2,4,166,7.9310
1979,1,2,5,64,8.6050
1979,1,3,1,196,6.6531
1979,1,3,2,84,4.5422
1979,1,3,3,162,4.9458
1979,1,3,4,165,7.4549
1979,1,3,5,95,1.6549
1979,2,1,1,286,-0.2510
1979,2,1,2,314,-1.5837
1979,2,1,3,767,-0.5013
1979,2,1,4,414,-1.4688
1979,2,1,5,162,-2.1287
1979,2,2,1,117,-2.9423
1979,2,2,2,91,-2.5720
1979,2,2,3,205,-3.9472
1979,2,2,4,137,-2.1570
1979,2,2,5,63,-5.1877
1979,2,3,1,186,-3.9943
1979,2,3,2,90,-3.7485
1979,2,3,3,169,-3.8220
1979,2,3,4,156,-3.5745
1979,2,3,5,93,-4.7952
1979,3,1,1,376,8.7655
1979,3,1,2,193,5.3857
1979,3,1,3,586,8.4255
1979,3,1,4,596,7.7914
1979,3,1,5,202,7.1967
1979,3,2,1,132,9.3750
1979,3,2,2,70,9.0438
1979,3,2,3,176,8.1479
1979,3,2,4,157,8.5812
1979,3,2,5,61,8.8750
1979,3,3,1,205,6.9103
1979,3,3,2,88,11.2105
1979,3,3,3,162,7.2162
1979,3,3,4,155,4.4306
1979,3,3,5,83,6.5808
1979,4,1,1,382,2.9335
1979,4,1,2,243,4.1645
1979,4,1,3,504,3.8921
1979,4,1,4,620,3.0363
1979,4,1,5,205,3.6710
1979,4,2,1,133,3.8925
1979,4,2,2,77,3.9668
1979,4,2,3,148,1.7139
1979,4,2,4,177,2.9446
1979,4,2,5,71,2.4234
1979,4,3,1,204,1.5075
1979,4,3,2,93,-1.2684
1979,4,3,3,126,1.0993
1979,4,3,4,174,0.9243
1979,4,3,5,92,0.3868
1979,5,1,1,272,0.0025
1979,5,1,2,491,-0.6762
1979,5,1,3,457,-0.0816
1979,5,1,4,452,-1.6054
1979,5,1,5,262,-0.2004
1979,5,2,1,112,-1.1433
1979,5,2,2,126,1.0247
1979,5,2,3,164,-0.9547
1979,5,2,4,134,-2.1551
1979,5,2,5,77,-1.2786
1979,5,3,1,167,-0.4746
1979,5,3,2,104,-1.5197
1979,5,3,3,202,-0.4482
1979,5,3,4,126,-0.9303
1979,5,3,5,94,-2.2631
1979,6,1,1,270,3.0259
1979,6,1,2,485,3.6673
1979,6,1,3,599,6.3455
1979,6,1,4,419,5.4059
1979,6,1,5,174,3.7470
1979,6,2,1,105,6.3304
1979,6,2,2,134,2.3169
1979,6,2,3,189,4.9202
1979,6,2,4,128,5.5400
1979,6,2,5,57,2.5189
1979,6,3,1,175,4.7157
1979,6,3,2,108,6.5830
1979,6,3,3,211,4.8716
1979,6,3,4,117,4.9583
1979,6,3,5,83,5.3197
1979,7,1,1,290,1.4261
1979,7,1,2,585,3.9249
1979,7,1,3,485,2.8590
1979,7,1,4,452,2.2764
1979,7,1,5,154,1.1531
1979,7,2,1,105,3.3926
1979,7,2,2,134,5.7652
1979,7,2,3,186,0.5822
1979,7,2,4,132,5.1218
1979,7,2,5,49,2.6927
1979,7,3,1,174,2.7953
1979,7,3,2,103,1.6954
1979,7,3,3,225,3.0287
1979,7,3,4,120,1.0745
1979,7,3,5,71,1.5539
1979,8,1,1,233,7.0766
1979,8,1,2,543,6.5550
1979,8,1,3,603,10.5311
1979,8,1,4,306,9.1817
1979,8,1,5,274,5.7971
1979,8,2,1,95,9.1777
1979,8,2,2,150,8.2738
1979,8,2,3,158,9.8964
1979,8,2,4,138,11.4850
1979,8,2,5,68,6.5065
1979,8,3,1,154,6.1915
1979,8,3,2,152,8.2670
1979,8,3,3,134,8.8792
1979,8,3,4,175,6.0007
1979,8,3,5,74,7.1421
1979,9,1,1,267,-1.1046
1979,9,1,2,574,-1.3135
1979,9,1,3,484,-1.4962
1979,9,1,4,406,-1.8057
1979,9,1,5,232,1.2460
1979,9,2,1,92,-3.2367
1979,9,2,2,177,-0.0334
1979,9,2,3,149,-0.7346
1979,9,2,4,98,-1.1572
1979,9,2,5,79,1.5793
1979,9,3,1,150,-1.8923
1979,9,3,2,200,0.2201
1979,9,3,3,107,-0.4480
1979,9,3,4,114,0.7279
1979,9,3,5,117,-0.8028
1979,10,1,1,298,-11.5638
1979,10,1,2,559,-10.6892
1979,10,1,3,546,-12.3531
1979,10,1,4,282,-10.8673
1979,10,1,5,275,-10.5744
1979,10,2,1,103,-9.9817
1979,10,2,2,172,-11.2107
1979,10,2,3,154,-12.0387
1979,10,2,4,99,-10.1233
1979,10,2,5,68,-10.2132
1979,10,3,1,143,-8.6838
1979,10,3,2,216,-9.1713
1979,10,3,3,121,-6.2575
1979,10,3,4,144,-7.6833
1979,10,3,5,67,-6.9331
1979,11,1,1,237,9.6678
1979,11,1,2,524,5.7512
1979,11,1,3,477,6.5623
1979,11,1,4,468,10.0901
1979,11,1,5,239,9.0320
1979,11,2,1,119,10.0990
1979,11,2,2,136,8.4725
1979,11,2,3,139,10.1341
1979,11,2,4,132,8.5789
1979,11,2,5,91,10.5902
1979,11,3,1,184,4.8840
1979,11,3,2,103,6.5232
1979,11,3,3,145,6.5671
1979,11,3,4,136,5.9000
1979,11,3,5,128,8.5262
1979,12,1,1,288,9.5773
1979,12,1,2,392,9.3673
1979,12,1,3,543,8.7844
1979,12,1,4,440,7.3518
1979,12,1,5,286,12.7391
1979,12,2,1,115,5.5387
1979,12,2,2,107,7.9935
1979,12,2,3,179,6.6913
1979,12,2,4,146,5.1594
1979,12,2,5,71,10.6699
1979,12,3,1,169,3.3134
1979,12,3,2,107,7.5189
1979,12,3,3,176,4.5753
1979,12,3,4,162,1.7825
1979,12,3,5,84,6.8642
1980,1,1,1,215,11.8443
1980,1,1,2,415,11.4221
1980,1,1,3,650,13.8534
1980,1,1,4,370,11.7389
1980,1,1,5,285,15.1165
1980,1,2,1,110,6.1189
1980,1,2,2,132,9.1639
1980,1,2,3,197,10.7974
1980,1,2,4,121,5.2159
1980,1,2,5,70,7.4560
1980,1,3,1,158,8.8754
1980,1,3,2,123,6.5120
1980,1,3,3,169,6.5750
1980,1,3,4,163,6.7329
1980,1,3,5,83,4.0656
1980,2,1,1,206,-0.5395
1980,2,1,2,267,-5.2425
1980,2,1,3,732,-1.8180
1980,2,1,4,539,-0.7182
1980,2,1,5,187,1.2024
1980,2,2,1,107,-3.9682
1980,2,2,2,88,-1.1982
1980,2,2,3,213,-3.3779
1980,2,2,4,172,-1.0565
1980,2,2,5,49,-1.0522
1980,2,3,1,167,-5.0559
1980,2,3,2,84,-1.8383
1980,2,3,3,213,-3.3881
1980,2,3,4,164,-1.9466
1980,2,3,5,71,-3.9420
1980,3,1,1,158,-20.5486
1980,3,1,2,489,-17.3745
1980,3,1,3,550,-17.0515
1980,3,1,4,547,-20.6660
1980,3,1,5,182,-19.0860
1980,3,2,1,70,-17.1643
1980,3,2,2,208,-17.2051
1980,3,2,3,143,-15.2343
1980,3,2,4,165,-17.1733
1980,3,2,5,51,-19.9683
1980,3,3,1,77,-12.7966
1980,3,3,2,234,-11.8631
1980,3,3,3,149,-12.0055
1980,3,3,4,183,-10.1336
1980,3,3,5,56,-7.9025
1980,4,1,1,180,6.0215
1980,4,1,2,435,4.9913
1980,4,1,3,609,4.8976
1980,4,1,4,351,6.0230
1980,4,1,5,366,4.0766
1980,4,2,1,102,4.0134
1980,4,2,2,128,8.4918
1980,4,2,3,180,5.4129
1980,4,2,4,120,4.8162
1980,4,2,5,104,5.4596
1980,4,3,1,110,1.5044
1980,4,3,2,169,1.1051
1980,4,3,3,165,4.0218
1980,4,3,4,121,4.3507
1980,4,3,5,131,8.3781
1980,5,1,1,212,6.9223
1980,5,1,2,485,9.1388
1980,5,1,3,440,6.2531
1980,5,1,4,478,7.6320
1980,5,1,5,330,4.1770
1980,5,2,1,82,5.5913
1980,5,2,2,167,8.7412
1980,5,2,3,137,9.6366
1980,5,2,4,150,9.7476
1980,5,2,5,97,8.2103
1980,5,3,1,152,4.9463
1980,5,3,2,157,7.2686
1980,5,3,3,111,6.9583
1980,5,3,4,131,7.8689
1980,5,3,5,139,7.6093
1980,6,1,1,234,3.4172
1980,6,1,2,523,3.9333
1980,6,1,3,492,4.2666
1980,6,1,4,353,2.1972
1980,6,1,5,329,6.2461
1980,6,2,1,91,2.4311
1980,6,2,2,178,3.1232
1980,6,2,3,150,4.0810
1980,6,2,4,127,2.7903
1980,6,2,5,105,8.0449
1980,6,3,1,161,4.1278
1980,6,3,2,143,3.1663
1980,6,3,3,132,2.5777
1980,6,3,4,113,4.1104
1980,6,3,5,142,8.2804
1980,7,1,1,210,9.9704
1980,7,1,2,484,9.0368
1980,7,1,3,503,9.7195
1980,7,1,4,397,12.2564
1980,7,1,5,343,14.0207
1980,7,2,1,108,9.7810
1980,7,2,2,140,11.5337
1980,7,2,3,169,11.7733
1980,7,2,4,134,14.7166
1980,7,2,5,103,9.4769
1980,7,3,1,175,8.0541
1980,7,3,2,112,10.7991
1980,7,3,3,145,12.9560
1980,7,3,4,120,15.1264
1980,7,3,5,145,10.5673
1980,8,1,1,343,9.1018
1980,8,1,2,419,6.7516
1980,8,1,3,492,6.5783
1980,8,1,4,327,6.3441
1980,8,1,5,386,15.7462
1980,8,2,1,111,3.5295
1980,8,2,2,153,8.7720
1980,8,2,3,173,4.3209
1980,8,2,4,95,5.7198
1980,8,2,5,121,11.1897
1980,8,3,1,121,1.4386
1980,8,3,2,118,2.0378
1980,8,3,3,219,1.3161
1980,8,3,4,81,0.4878
1980,8,3,5,154,2.9620
1980,9,1,1,320,2.3583
1980,9,1,2,558,3.2131
1980,9,1,3,275,3.0074
1980,9,1,4,406,6.2118
1980,9,1,5,415,6.3208
1980,9,2,1,102,2.4766
1980,9,2,2,173,2.9010
1980,9,2,3,104,1.2134
1980,9,2,4,151,6.7215
1980,9,2,5,123,9.8469
1980,9,3,1,109,2.6996
1980,9,3,2,171,1.2309
1980,9,3,3,143,5.2242
1980,9,3,4,155,4.1914
1980,9,3,5,117,4.2018
1980,10,1,1,316,3.0265
1980,10,1,2,536,3.6064
1980,10,1,3,261,3.8716
1980,10,1,4,326,5.3025
1980,10,1,5,537,9.8651
1980,10,2,1,109,3.3121
1980,10,2,2,155,1.4042
1980,10,2,3,118,3.2440
1980,10,2,4,103,-0.4404
1980,10,2,5,182,7.3832
1980,10,3,1,107,0.0253
1980,10,3,2,122,1.1000
1980,10,3,3,180,2.6275
1980,10,3,4,100,0.1298
1980,10,3,5,190,1.5367
1980,11,1,1,368,6.9661
1980,11,1,2,337,8.7288
1980,11,1,3,598,7.2354
1980,11,1,4,410,4.7727
1980,11,1,5,276,5.2383
1980,11,2,1,108,6.3322
1980,11,2,2,103,7.8598
1980,11,2,3,233,8.4157
1980,11,2,4,129,5.1033
1980,11,2,5,94,12.2899
1980,11,3,1,115,7.3413
1980,11,3,2,110,12.0325
1980,11,3,3,305,9.3665
1980,11,3,4,92,7.0307
1980,11,3,5,87,9.0807
1980,12,1,1,368,-5.5044
1980,12,1,2,331,-3.5822
1980,12,1,3,468,-4.5257
1980,12,1,4,489,-5.5719
1980,12,1,5,341,-3.6747
1980,12,2,1,112,-4.1234
1980,12,2,2,113,-2.3698
1980,12,2,3,159,-2.8262
1980,12,2,4,176,-5.7870
1980,12,2,5,116,-3.7984
1980,12,3,1,114,-2.3752
1980,12,3,2,127,-0.2716
1980,12,3,3,191,-3.3807
1980,12,3,4,166,-5.1625
1980,12,3,5,114,0.3963
1981,1,1,1,354,1.8655
1981,1,1,2,288,1.0475
1981,1,1,3,437,-2.3045
1981,1,1,4,537,1.3363
1981,1,1,5,410,4.1298
1981,1,2,1,113,1.2287
1981,1,2,2,110,-1.1010
1981,1,2,3,148,-5.2525
1981,1,2,4,169,0.5427
1981,1,2,5,138,-0.7482
1981,1,3,1,109,1.6265
1981,1,3,2,124,-3.9368
1981,1,3,3,190,-6.4285
1981,1,3,4,168,-1.5330
1981,1,3,5,126,-2.6616
1981,2,1,1,365,0.8314
1981,2,1,2,230,-3.5696
1981,2,1,3,627,-0.6237
1981,2,1,4,543,-0.5181
1981,2,1,5,303,-1.5027
1981,2,2,1,113,0.6947
1981,2,2,2,56,1.7084
1981,2,2,3,208,-0.4166
1981,2,2,4,188,3.3791
1981,2,2,5,88,1.7562
1981,2,3,1,104,0.9431
1981,2,3,2,87,2.0295
1981,2,3,3,229,1.1302
1981,2,3,4,175,1.4585
1981,2,3,5,115,2.1130
1981,3,1,1,317,8.5877
1981,3,1,2,424,8.6189
1981,3,1,3,541,5.5968
1981,3,1,4,501,10.4099
1981,3,1,5,307,10.0966
1981,3,2,1,80,6.4622
1981,3,2,2,125,8.4651
1981,3,2,3,197,8.1306
1981,3,2,4,143,7.8161
1981,3,2,5,101,10.4689
1981,3,3,1,77,8.3495
1981,3,3,2,142,9.4373
1981,3,3,3,253,5.9627
1981,3,3,4,119,7.2372
1981,3,3,5,113,6.4401
1981,4,1,1,322,4.2950
1981,4,1,2,385,5.0847
1981,4,1,3,573,2.6948
1981,4,1,4,430,5.4080
1981,4,1,5,395,5.7017
1981,4,2,1,88,2.0849
1981,4,2,2,118,1.1650
1981,4,2,3,194,0.2936
1981,4,2,4,120,5.6368
1981,4,2,5,134,3.7099
1981,4,3,1,81,-0.7855
1981,4,3,2,133,1.2618
1981,4,3,3,254,-2.2597
1981,4,3,4,136,0.1982
1981,4,3,5,108,4.2381
1981,5,1,1,344,2.3835
1981,5,1,2,555,0.9207
1981,5,1,3,546,2.8313
1981,5,1,4,298,4.5617
1981,5,1,5,386,1.8220
1981,5,2,1,105,2.3123
1981,5,2,2,148,3.5387
1981,5,2,3,187,4.7792
1981,5,2,4,101,6.0973
1981,5,2,5,125,7.0601
1981,5,3,1,105,1.4521
1981,5,3,2,169,2.5060
1981,5,3,3,221,0.7864
1981,5,3,4,109,2.1384
1981,5,3,5,103,3.6601
1981,6,1,1,332,-1.4041
1981,6,1,2,560,-0.9481
1981,6,1,3,527,-4.7196
1981,6,1,4,455,-0.6484
1981,6,1,5,283,-1.2367
1981,6,2,1,106,-2.0211
1981,6,2,2,172,-3.2578
1981,6,2,3,163,-6.8824
1981,6,2,4,139,-2.5714
1981,6,2,5,92,-2.6427
1981,6,3,1,101,-3.4394
1981,6,3,2,195,-3.3744
1981,6,3,3,185,-5.0873
1981,6,3,4,141,-3.0331
1981,6,3,5,85,-3.0358
1981,7,1,1,383,-3.4283
1981,7,1,2,547,-4.6408
1981,7,1,3,424,-2.4917
1981,7,1,4,511,-4.3519
1981,7,1,5,350,-2.7363
1981,7,2,1,110,-2.7972
1981,7,2,2,162,-3.3075
1981,7,2,3,145,-1.6411
1981,7,2,4,129,-4.2800
1981,7,2,5,104,-3.6258
1981,7,3,1,98,-0.9813
1981,7,3,2,186,-1.2210
1981,7,3,3,202,-1.2231
1981,7,3,4,108,0.3988
1981,7,3,5,110,-2.6831
1981,8,1,1,318,-7.7138
1981,8,1,2,777,-6.2895
1981,8,1,3,349,-8.6375
1981,8,1,4,453,-10.6593
1981,8,1,5,363,-10.5913
1981,8,2,1,91,-7.6545
1981,8,2,2,219,-4.6873
1981,8,2,3,118,-7.7199
1981,8,2,4,122,-9.4390
1981,8,2,5,104,-8.5248
1981,8,3,1,74,-4.0196
1981,8,3,2,297,-5.6731
1981,8,3,3,121,-7.4744
1981,8,3,4,147,-5.4002
1981,8,3,5,67,-6.4696
1981,9,1,1,257,-14.0027
1981,9,1,2,699,-9.2140
1981,9,1,3,600,-10.8647
1981,9,1,4,310,-9.9830
1981,9,1,5,393,-8.2956
1981,9,2,1,78,-8.6055
1981,9,2,2,188,-6.3481
1981,9,2,3,171,-5.7450
1981,9,2,4,111,-5.8259
1981,9,2,5,111,-6.6022
1981,9,3,1,64,-7.7151
1981,9,3,2,267,-6.2232
1981,9,3,3,155,-3.5256
1981,9,3,4,125,-3.6049
1981,9,3,5,96,-1.1392
1981,10,1,1,220,7.5145
1981,10,1,2,520,6.4511
1981,10,1,3,652,9.2447
1981,10,1,4,560,8.7617
1981,10,1,5,329,10.0954
1981,10,2,1,56,4.8590
1981,10,2,2,153,4.8198
1981,10,2,3,160,8.8451
1981,10,2,4,182,9.7872
1981,10,2,5,100,11.8300
1981,10,3,1,44,5.0991
1981,10,3,2,215,6.5058
1981,10,3,3,188,6.6248
1981,10,3,4,181,5.6532
1981,10,3,5,78,7.5777
1981,11,1,1,292,4.3911
1981,11,1,2,333,1.4931
1981,11,1,3,659,0.7401
1981,11,1,4,816,2.1344
1981,11,1,5,217,2.1227
1981,11,2,1,75,2.6639
1981,11,2,2,129,2.9119
1981,11,2,3,163,1.7790
1981,11,2,4,237,3.0890
1981,11,2,5,52,3.7647
1981,11,3,1,77,0.7605
1981,11,3,2,189,1.2314
1981,11,3,3,133,3.5145
1981,11,3,4,243,4.5991
1981,11,3,5,66,2.1317
1981,12,1,1,391,-2.7624
1981,12,1,2,449,1.1511
1981,12,1,3,727,-2.4781
1981,12,1,4,543,-2.1456
1981,12,1,5,217,-0.3083
1981,12,2,1,117,-2.6034
1981,12,2,2,144,-1.3017
1981,12,2,3,178,-3.3301
1981,12,2,4,169,1.2532
1981,12,2,5,51,-2.3375
1981,12,3,1,122,-1.8691
1981,12,3,2,197,-1.0061
1981,12,3,3,165,-1.9232
1981,12,3,4,159,-2.5231
1981,12,3,5,68,-3.7089
1982,1,1,1,378,-0.1105
1982,1,1,2,581,0.5361
1982,1,1,3,644,-1.6358
1982,1,1,4,417,-3.7368
1982,1,1,5,339,-1.6699
1982,1,2,1,116,-6.1959
1982,1,2,2,156,-2.4893
1982,1,2,3,148,-4.3788
1982,1,2,4,147,-3.4671
1982,1,2,5,87,-4.7085
1982,1,3,1,119,-4.1680
1982,1,3,2,195,1.0463
1982,1,3,3,154,-4.0298
1982,1,3,4,155,-2.5538
1982,1,3,5,83,-0.6204
1982,2,1,1,284,-4.3921
1982,2,1,2,495,-3.3387
1982,2,1,3,587,-5.2412
1982,2,1,4,706,-5.9900
1982,2,1,5,310,-2.1923
1982,2,2,1,88,-6.2700
1982,2,2,2,143,-2.3208
1982,2,2,3,175,-4.3227
1982,2,2,4,151,-5.6817
1982,2,2,5,86,-3.5738
1982,2,3,1,88,-4.3715
1982,2,3,2,102,-6.2020
1982,2,3,3,253,-5.6953
1982,2,3,4,177,-4.0540
1982,2,3,5,87,-4.6737
1982,3,1,1,327,-2.6145
1982,3,1,2,386,-2.4882
1982,3,1,3,845,-0.9156
1982,3,1,4,673,-1.3486
1982,3,1,5,167,0.0614
1982,3,2,1,110,-5.0350
1982,3,2,2,108,0.2761
1982,3,2,3,195,0.0838
1982,3,2,4,181,0.0560
1982,3,2,5,47,4.7773
1982,3,3,1,98,-3.1385
1982,3,3,2,89,-2.6953
1982,3,3,3,203,-1.0284
1982,3,3,4,222,-0.7283
1982,3,3,5,87,1.1342
1982,4,1,1,331,5.6684
1982,4,1,2,392,6.0530
1982,4,1,3,769,4.1284
1982,4,1,4,697,6.5890
1982,4,1,5,218,8.1373
1982,4,2,1,115,4.1381
1982,4,2,2,97,5.9792
1982,4,2,3,155,4.3770
1982,4,2,4,196,7.9346
1982,4,2,5,66,8.8502
1982,4,3,1,108,3.1845
1982,4,3,2,72,8.0206
1982,4,3,3,166,3.7641
1982,4,3,4,265,5.0980
1982,4,3,5,80,8.1811
1982,5,1,1,326,-3.6565
1982,5,1,2,433,-3.9286
1982,5,1,3,603,-3.7110
1982,5,1,4,553,-0.9792
1982,5,1,5,481,-2.8367
1982,5,2,1,111,-3.6715
1982,5,2,2,126,-5.4913
1982,5,2,3,116,-3.2151
1982,5,2,4,173,-2.6482
1982,5,2,5,109,-3.9107
1982,5,3,1,110,-6.0862
1982,5,3,2,104,-5.5439
1982,5,3,3,113,-3.9063
1982,5,3,4,247,-3.9724
1982,5,3,5,115,-4.1704
1982,6,1,1,336,-4.1478
1982,6,1,2,344,-3.6297
1982,6,1,3,702,-3.1428
1982,6,1,4,664,-2.4504
1982,6,1,5,342,-2.8784
1982,6,2,1,92,-3.0526
1982,6,2,2,110,-1.0285
1982,6,2,3,149,-3.7714
1982,6,2,4,190,-2.0721
1982,6,2,5,92,-0.4147
1982,6,3,1,86,-4.6793
1982,6,3,2,98,-1.6336
1982,6,3,3,149,-3.3667
1982,6,3,4,241,-0.1065
1982,6,3,5,118,0.4516
1982,7,1,1,330,1.9733
1982,7,1,2,361,-1.3532
1982,7,1,3,769,-2.5799
1982,7,1,4,588,0.1477
1982,7,1,5,324,0.7512
1982,7,2,1,103,-2.7034
1982,7,2,2,98,-3.1048
1982,7,2,3,191,-1.4212
1982,7,2,4,159,-0.3504
1982,7,2,5,86,0.4887
1982,7,3,1,124,-1.9376
1982,7,3,2,60,-5.7718
1982,7,3,3,201,-3.0048
1982,7,3,4,192,-0.4978
1982,7,3,5,108,3.1152
1982,8,1,1,450,8.0251
1982,8,1,2,615,7.6017
1982,8,1,3,542,5.6915
1982,8,1,4,566,2.2384
1982,8,1,5,216,-0.5370
1982,8,2,1,142,12.0859
1982,8,2,2,123,10.0450
1982,8,2,3,135,10.1458
1982,8,2,4,164,8.5867
1982,8,2,5,66,9.2602
1982,8,3,1,142,12.4081
1982,8,3,2,120,18.1474
1982,8,3,3,114,17.3763
1982,8,3,4,221,9.9936
1982,8,3,5,89,12.2081
1982,9,1,1,417,2.5493
1982,9,1,2,615,3.4450
1982,9,1,3,367,4.7611
1982,9,1,4,793,6.0355
1982,9,1,5,218,5.7975
1982,9,2,1,124,2.1063
1982,9,2,2,105,3.0993
1982,9,2,3,104,4.7696
1982,9,2,4,216,4.8348
1982,9,2,5,68,1.9000
1982,9,3,1,107,-0.1542
1982,9,3,2,120,-0.1138
1982,9,3,3,93,1.0959
1982,9,3,4,274,3.4876
1982,9,3,5,87,1.1066
1982,10,1,1,430,11.5987
1982,10,1,2,568,17.1010
1982,10,1,3,380,14.8584
1982,10,1,4,810,15.8911
1982,10,1,5,190,14.0406
1982,10,2,1,118,10.0162
1982,10,2,2,118,16.0625
1982,10,2,3,110,18.2480
1982,10,2,4,223,14.2793
1982,10,2,5,66,14.7893
1982,10,3,1,101,11.4396
1982,10,3,2,124,18.1788
1982,10,3,3,91,18.5932
1982,10,3,4,271,11.5330
1982,10,3,5,96,12.5785
1982,11,1,1,426,10.7026
1982,11,1,2,532,2.4753
1982,11,1,3,364,15.0206
1982,11,1,4,715,11.6976
1982,11,1,5,318,11.7546
1982,11,2,1,132,5.4097
1982,11,2,2,105,4.1405
1982,11,2,3,112,10.3634
1982,11,2,4,183,10.2807
1982,11,2,5,109,10.8323
1982,11,3,1,138,2.2993
1982,11,3,2,97,5.9836
1982,11,3,3,101,7.1126
1982,11,3,4,238,8.0458
1982,11,3,5,112,6.7580
1982,12,1,1,430,1.5200
1982,12,1,2,630,2.0869
1982,12,1,3,291,6.5089
1982,12,1,4,759,1.3925
1982,12,1,5,290,1.6903
1982,12,2,1,131,1.8897
1982,12,2,2,121,3.4240
1982,12,2,3,83,5.4003
1982,12,2,4,196,1.3048
1982,12,2,5,104,0.3839
1982,12,3,1,138,3.5127
1982,12,3,2,111,1.1304
1982,12,3,3,109,0.8302
1982,12,3,4,213,-2.3319
1982,12,3,5,124,-0.4249
1983,1,1,1,427,11.0645
1983,1,1,2,649,10.4437
1983,1,1,3,335,15.7449
1983,1,1,4,652,9.7812
1983,1,1,5,337,8.8732
1983,1,2,1,133,8.6439
1983,1,2,2,127,6.9717
1983,1,2,3,107,10.6480
1983,1,2,4,173,6.9000
1983,1,2,5,119,7.4630
1983,1,3,1,136,4.5919
1983,1,3,2,127,4.5303
1983,1,3,3,117,11.2699
1983,1,3,4,184,1.6044
1983,1,3,5,125,-1.8936
1983,2,1,1,303,3.5104
1983,2,1,2,731,6.3911
1983,2,1,3,321,3.9589
1983,2,1,4,509,6.2447
1983,2,1,5,519,8.6743
1983,2,2,1,97,4.6116
1983,2,2,2,151,5.6994
1983,2,2,3,134,0.7295
1983,2,2,4,127,5.0993
1983,2,2,5,172,9.0610
1983,2,3,1,115,0.4346
1983,2,3,2,130,5.8261
1983,2,3,3,187,0.3829
1983,2,3,4,127,4.0924
1983,2,3,5,127,4.8046
1983,3,1,1,309,5.3257
1983,3,1,2,723,4.8138
1983,3,1,3,472,2.6646
1983,3,1,4,365,5.2015
1983,3,1,5,540,6.4770
1983,3,2,1,99,4.1852
1983,3,2,2,161,3.4848
1983,3,2,3,116,0.4979
1983,3,2,4,99,5.0457
1983,3,2,5,179,3.3761
1983,3,3,1,118,0.1926
1983,3,3,2,208,3.4561
1983,3,3,3,107,3.1303
1983,3,3,4,117,3.4917
1983,3,3,5,143,5.2289
1983,4,1,1,266,8.1416
1983,4,1,2,696,5.8709
1983,4,1,3,422,5.5504
1983,4,1,4,542,9.8931
1983,4,1,5,509,9.4692
1983,4,2,1,86,7.2794
1983,4,2,2,143,3.9722
1983,4,2,3,145,5.9842
1983,4,2,4,126,8.5012
1983,4,2,5,162,10.9226
1983,4,3,1,88,7.4134
1983,4,3,2,145,3.0384
1983,4,3,3,198,6.5457
1983,4,3,4,121,7.0364
1983,4,3,5,145,8.0606
1983,5,1,1,609,12.0109
1983,5,1,2,322,7.5844
1983,5,1,3,402,9.0152
1983,5,1,4,587,10.6054
1983,5,1,5,518,9.0582
1983,5,2,1,109,5.8090
1983,5,2,2,143,7.1330
1983,5,2,3,113,5.3047
1983,5,2,4,136,7.5472
1983,5,2,5,172,7.9292
1983,5,3,1,126,5.7411
1983,5,3,2,208,2.9937
1983,5,3,3,112,3.0258
1983,5,3,4,90,0.3072
1983,5,3,5,162,-1.0739
1983,6,1,1,598,5.1631
1983,6,1,2,295,8.3149
1983,6,1,3,612,6.0321
1983,6,1,4,554,6.3515
1983,6,1,5,395,4.6404
1983,6,2,1,118,4.4293
1983,6,2,2,119,2.0783
1983,6,2,3,160,5.1590
1983,6,2,4,155,5.5579
1983,6,2,5,127,7.2874
1983,6,3,1,136,3.7890
1983,6,3,2,185,2.0350
1983,6,3,3,146,5.1403
1983,6,3,4,94,3.0072
1983,6,3,5,143,3.4523
1983,7,1,1,646,-3.1204
1983,7,1,2,372,-0.2408
1983,7,1,3,448,-3.0725
1983,7,1,4,463,-2.9077
1983,7,1,5,569,-2.3166
1983,7,2,1,131,-2.6113
1983,7,2,2,149,-2.3357
1983,7,2,3,114,-3.8161
1983,7,2,4,132,-5.2842
1983,7,2,5,151,-4.4049
1983,7,3,1,140,0.6353
1983,7,3,2,199,-2.2393
1983,7,3,3,113,-4.3436
1983,7,3,4,98,-3.6774
1983,7,3,5,154,-5.3294
1983,8,1,1,585,-9.5119
1983,8,1,2,480,-3.5450
1983,8,1,3,590,-5.9309
1983,8,1,4,362,-3.7924
1983,8,1,5,536,-4.3486
1983,8,2,1,100,-3.6644
1983,8,2,2,179,-3.6521
1983,8,2,3,165,-5.1309
1983,8,2,4,96,-1.8720
1983,8,2,5,144,-7.1934
1983,8,3,1,132,0.8637
1983,8,3,2,216,0.3778
1983,8,3,3,108,-1.1187
1983,8,3,4,76,-0.9343
1983,8,3,5,169,-1.3491
1983,9,1,1,591,-2.5796
1983,9,1,2,559,1.2706
1983,9,1,3,583,-3.0830
1983,9,1,4,397,0.2896
1983,9,1,5,486,1.3402
1983,9,2,1,100,0.6696
1983,9,2,2,184,2.6827
1983,9,2,3,153,-0.8878
1983,9,2,4,116,2.3653
1983,9,2,5,137,10.4939
1983,9,3,1,130,3.3290
1983,9,3,2,199,1.9387
1983,9,3,3,117,-0.3577
1983,9,3,4,116,2.9090
1983,9,3,5,126,3.8707
1983,10,1,1,591,-7.1579
1983,10,1,2,544,-6.4736
1983,10,1,3,599,-6.3642
1983,10,1,4,521,-8.6506
1983,10,1,5,392,-5.9347
1983,10,2,1,102,-5.2707
1983,10,2,2,169,-5.6568
1983,10,2,3,177,-7.1123
1983,10,2,4,120,-6.5245
1983,10,2,5,133,-7.1484
1983,10,3,1,126,-5.2081
1983,10,3,2,135,-1.9291
1983,10,3,3,188,-6.1035
1983,10,3,4,106,-3.8139
1983,10,3,5,128,-2.2192
1983,11,1,1,618,2.5567
1983,11,1,2,472,7.5957
1983,11,1,3,538,4.0114
1983,11,1,4,693,3.2911
1983,11,1,5,407,5.7615
1983,11,2,1,101,5.5501
1983,11,2,2,147,7.4471
1983,11,2,3,158,5.7399
1983,11,2,4,168,4.2067
1983,11,2,5,128,2.3569
1983,11,3,1,104,5.1351
1983,11,3,2,124,7.6128
1983,11,3,3,203,6.2126
1983,11,3,4,125,2.5733
1983,11,3,5,126,1.5669
1983,12,1,1,564,-2.4486
1983,12,1,2,452,-1.6390
1983,12,1,3,479,-0.8853
1983,12,1,4,796,-1.3457
1983,12,1,5,514,-4.5289
1983,12,2,1,92,2.7583
1983,12,2,2,142,-1.6118
1983,12,2,3,152,-0.3267
1983,12,2,4,163,-1.7024
1983,12,2,5,152,-3.5948
1983,12,3,1,96,-0.2126
1983,12,3,2,142,-0.9174
1983,12,3,3,208,-0.6604
1983,12,3,4,103,-2.5671
1983,12,3,5,134,-1.4598
1984,1,1,1,585,-1.0234
1984,1,1,2,402,-0.2001
1984,1,1,3,482,0.3644
1984,1,1,4,899,-0.8913
1984,1,1,5,511,-2.7939
1984,1,2,1,94,0.9555
1984,1,2,2,128,0.7680
1984,1,2,3,144,-1.7134
1984,1,2,4,187,-5.1185
1984,1,2,5,142,-1.7583
1984,1,3,1,99,1.0948
1984,1,3,2,132,-4.2884
1984,1,3,3,196,-2.8131
1984,1,3,4,129,-5.9208
1984,1,3,5,131,-4.5174
1984,2,1,1,462,-0.5782
1984,2,1,2,571,-5.7116
1984,2,1,3,836,-7.6412
1984,2,1,4,738,-7.4090
1984,2,1,5,305,-7.5765
1984,2,2,1,72,-3.8618
1984,2,2,2,154,-4.3190
1984,2,2,3,204,-6.5717
1984,2,2,4,178,-5.5915
1984,2,2,5,83,-4.4181
1984,2,3,1,73,-2.6453
1984,2,3,2,233,-6.1285
1984,2,3,3,153,-5.3331
1984,2,3,4,165,-5.1695
1984,2,3,5,61,-6.0355
1984,3,1,1,463,-0.3287
1984,3,1,2,555,0.7730
1984,3,1,3,892,0.4474
1984,3,1,4,721,0.9575
1984,3,1,5,312,2.1816
1984,3,2,1,62,2.6413
1984,3,2,2,176,-1.1350
1984,3,2,3,210,-0.5220
1984,3,2,4,154,0.0689
1984,3,2,5,85,4.8310
1984,3,3,1,74,2.8636
1984,3,3,2,244,3.6821
1984,3,3,3,143,1.5892
1984,3,3,4,140,-0.2352
1984,3,3,5,84,2.3782
1984,4,1,1,513,-4.7265
1984,4,1,2,523,-1.6066
1984,4,1,3,928,-0.4972
1984,4,1,4,520,-3.8708
1984,4,1,5,515,-0.4373
1984,4,2,1,75,1.2543
1984,4,2,2,155,-1.4108
1984,4,2,3,210,0.5420
1984,4,2,4,99,2.4864
1984,4,2,5,133,0.0590
1984,4,3,1,94,-0.7267
1984,4,3,2,225,-1.5499
1984,4,3,3,145,-0.2685
1984,4,3,4,105,-2.1234
1984,4,3,5,113,2.1961
1984,5,1,1,463,-4.3581
1984,5,1,2,569,-5.3271
1984,5,1,3,855,-5.0009
1984,5,1,4,481,-4.5580
1984,5,1,5,662,-5.7707
1984,5,2,1,53,-4.5599
1984,5,2,2,128,-5.6719
1984,5,2,3,224,-4.8045
1984,5,2,4,109,-4.5236
1984,5,2,5,154,-3.7856
1984,5,3,1,75,-6.0169
1984,5,3,2,120,-6.6687
1984,5,3,3,211,-4.0236
1984,5,3,4,124,-6.0236
1984,5,3,5,153,-5.1254
1984,6,1,1,583,0.4071
1984,6,1,2,423,2.2736
1984,6,1,3,680,1.8605
1984,6,1,4,794,2.3596
1984,6,1,5,575,2.8330
1984,6,2,1,78,-0.2755
1984,6,2,2,90,1.4163
1984,6,2,3,190,3.3476
1984,6,2,4,185,3.8539
1984,6,2,5,128,6.5374
1984,6,3,1,77,-1.8334
1984,6,3,2,102,5.6577
1984,6,3,3,226,2.3668
1984,6,3,4,170,4.8486
1984,6,3,5,108,6.2019
1984,7,1,1,584,-6.4304
1984,7,1,2,344,-5.3468
1984,7,1,3,612,-4.0442
1984,7,1,4,939,-4.5488
1984,7,1,5,574,-1.9312
1984,7,2,1,76,-7.6322
1984,7,2,2,75,-4.8029
1984,7,2,3,196,-3.9807
1984,7,2,4,201,-3.6094
1984,7,2,5,129,-2.5424
1984,7,3,1,73,-11.4611
1984,7,3,2,75,-0.2473
1984,7,3,3,244,-1.8448
1984,7,3,4,177,-0.5984
1984,7,3,5,117,0.9212
1984,8,1,1,510,8.3850
1984,8,1,2,415,10.1801
1984,8,1,3,930,10.4504
1984,8,1,4,818,9.9281
1984,8,1,5,397,9.9511
1984,8,2,1,78,7.5247
1984,8,2,2,138,11.0888
1984,8,2,3,222,13.2445
1984,8,2,4,148,17.1695
1984,8,2,5,95,14.0616
1984,8,3,1,72,11.6975
1984,8,3,2,170,13.4118
1984,8,3,3,228,12.5442
1984,8,3,4,109,13.2114
1984,8,3,5,103,9.9167
1984,9,1,1,517,1.4439
1984,9,1,2,420,0.2989
1984,9,1,3,891,-0.9390
1984,9,1,4,707,-1.4265
1984,9,1,5,568,0.6349
1984,9,2,1,74,1.1017
1984,9,2,2,141,-0.5482
1984,9,2,3,185,-0.4746
1984,9,2,4,150,-3.9988
1984,9,2,5,126,-0.3858
1984,9,3,1,72,0.1325
1984,9,3,2,188,-1.3017
1984,9,3,3,167,-3.0383
1984,9,3,4,143,-3.7303
1984,9,3,5,115,-0.9273
1984,10,1,1,338,0.1147
1984,10,1,2,679,-2.4483
1984,10,1,3,844,-2.4400
1984,10,1,4,944,-4.2767
1984,10,1,5,305,3.5652
1984,10,2,1,74,-0.5234
1984,10,2,2,156,-3.3483
1984,10,2,3,169,-1.6805
1984,10,2,4,186,0.0260
1984,10,2,5,72,-1.2778
1984,10,3,1,59,-0.9628
1984,10,3,2,210,0.6363
1984,10,3,3,192,-0.9701
1984,10,3,4,142,0.4716
1984,10,3,5,82,1.7224
1984,11,1,1,595,-3.3269
1984,11,1,2,506,-3.9119
1984,11,1,3,787,-3.3915
1984,11,1,4,826,-3.1830
1984,11,1,5,388,-4.8590
1984,11,2,1,103,-0.7495
1984,11,2,2,159,-0.9883
1984,11,2,3,183,-4.2956
1984,11,2,4,164,-1.6814
1984,11,2,5,61,-6.0439
1984,11,3,1,94,0.1213
1984,11,3,2,198,2.2581
1984,11,3,3,196,-2.2290
1984,11,3,4,135,-0.9660
1984,11,3,5,56,-4.4815
1984,12,1,1,594,-2.2812
1984,12,1,2,484,0.8185
1984,12,1,3,855,0.0860
1984,12,1,4,801,1.1689
1984,12,1,5,374,-0.2293
1984,12,2,1,101,-1.4947
1984,12,2,2,164,2.9420
1984,12,2,3,190,1.9426
1984,12,2,4,142,2.4225
1984,12,2,5,73,2.6351
1984,12,3,1,92,-1.9352
1984,12,3,2,223,1.4543
1984,12,3,3,168,2.8868
1984,12,3,4,131,3.7738
1984,12,3,5,62,3.5180
1985,1,1,1,597,8.6202
1985,1,1,2,617,11.1437
1985,1,1,3,1032,15.8867
1985,1,1,4,498,13.3927
1985,1,1,5,374,14.2964
1985,1,2,1,93,10.8131
1985,1,2,2,201,9.5801
1985,1,2,3,216,13.8134
1985,1,2,4,91,10.9461
1985,1,2,5,69,17.1215
1985,1,3,1,95,10.5460
1985,1,3,2,275,8.2050
1985,1,3,3,154,8.9727
1985,1,3,4,86,8.1143
1985,1,3,5,65,10.8006
1985,2,1,1,521,5.6556
1985,2,1,2,660,3.0379
1985,2,1,3,723,4.3443
1985,2,1,4,563,2.8387
1985,2,1,5,657,4.2807
1985,2,2,1,77,2.2723
1985,2,2,2,211,1.7904
1985,2,2,3,149,4.4379
1985,2,2,4,119,3.5401
1985,2,2,5,105,0.7834
1985,2,3,1,68,0.7442
1985,2,3,2,270,0.8839
1985,2,3,3,136,-0.2257
1985,2,3,4,144,1.6244
1985,2,3,5,62,3.4161
1985,3,1,1,597,-0.8704
1985,3,1,2,542,-0.4614
1985,3,1,3,808,-4.0267
1985,3,1,4,582,1.8004
1985,3,1,5,576,-3.4635
1985,3,2,1,98,-1.0353
1985,3,2,2,176,-1.8446
1985,3,2,3,161,-4.8284
1985,3,2,4,129,0.3616
1985,3,2,5,107,-0.8118
1985,3,3,1,82,1.0928
1985,3,3,2,227,-0.9410
1985,3,3,3,132,-3.4253
1985,3,3,4,139,0.8079
1985,3,3,5,93,0.6802
1985,4,1,1,597,-1.9914
1985,4,1,2,465,-0.6543
1985,4,1,3,985,-1.5922
1985,4,1,4,622,-1.7729
1985,4,1,5,438,-2.0133
1985,4,2,1,93,-1.9572
1985,4,2,2,143,-2.1410
1985,4,2,3,197,-1.9281
1985,4,2,4,153,-1.4435
1985,4,2,5,81,-2.1762
1985,4,3,1,81,-3.4517
1985,4,3,2,175,1.1514
1985,4,3,3,177,-2.7973
1985,4,3,4,167,-1.4316
1985,4,3,5,75,-2.9129
1985,5,1,1,923,1.5072
1985,5,1,2,401,0.9657
1985,5,1,3,729,0.4938
1985,5,1,4,462,3.2337
1985,5,1,5,572,3.1725
1985,5,2,1,177,4.4288
1985,5,2,2,130,2.7825
1985,5,2,3,147,3.3916
1985,5,2,4,94,5.1665
1985,5,2,5,140,5.5207
1985,5,3,1,150,6.2497
1985,5,3,2,189,2.8935
1985,5,3,3,86,4.7131
1985,5,3,4,132,7.2323
1985,5,3,5,125,8.6414
1985,6,1,1,894,-1.3858
1985,6,1,2,433,-1.0172
1985,6,1,3,646,0.4075
1985,6,1,4,654,1.9993
1985,6,1,5,472,3.5327
1985,6,2,1,165,-0.8172
1985,6,2,2,98,-0.7412
1985,6,2,3,171,1.8285
1985,6,2,4,142,1.7696
1985,6,2,5,107,4.7298
1985,6,3,1,152,0.1490
1985,6,3,2,86,1.2986
1985,6,3,3,193,3.5606
1985,6,3,4,156,3.4182
1985,6,3,5,92,3.0660
1985,7,1,1,885,4.6786
1985,7,1,2,537,3.2065
1985,7,1,3,569,1.5705
1985,7,1,4,833,3.1649
1985,7,1,5,260,2.4035
1985,7,2,1,166,4.8848
1985,7,2,2,158,2.9737
1985,7,2,3,106,3.2864
1985,7,2,4,188,1.3067
1985,7,2,5,63,5.3130
1985,7,3,1,149,4.1547
1985,7,3,2,208,2.5848
1985,7,3,3,70,2.2983
1985,7,3,4,169,-1.2464
1985,7,3,5,81,-0.1707
1985,8,1,1,994,-1.4627
1985,8,1,2,416,2.9202
1985,8,1,3,888,-0.8473
1985,8,1,4,526,0.5228
1985,8,1,5,260,2.0308
1985,8,2,1,184,-1.7902
1985,8,2,2,122,0.9685
1985,8,2,3,200,-0.7724
1985,8,2,4,127,-0.6643
1985,8,2,5,57,-4.3080
1985,8,3,1,161,-2.1534
1985,8,3,2,151,0.6384
1985,8,3,3,201,-4.0564
1985,8,3,4,81,-0.0987
1985,8,3,5,84,-0.8277
1985,9,1,1,849,-5.9778
1985,9,1,2,639,-5.6062
1985,9,1,3,660,-6.5470
1985,9,1,4,723,-4.7491
1985,9,1,5,218,-3.8970
1985,9,2,1,148,-7.2921
1985,9,2,2,169,-5.1737
1985,9,2,3,170,-5.1912
1985,9,2,4,151,-5.8284
1985,9,2,5,45,-4.7385
1985,9,3,1,138,-3.8328
1985,9,3,2,198,-3.2867
1985,9,3,3,147,-2.6283
1985,9,3,4,134,-4.1916
1985,9,3,5,62,-5.9987
1985,10,1,1,892,-1.1595
1985,10,1,2,597,2.0065
1985,10,1,3,567,3.1922
1985,10,1,4,829,2.4083
1985,10,1,5,220,-0.8004
1985,10,2,1,155,2.5004
1985,10,2,2,163,3.6038
1985,10,2,3,153,4.3771
1985,10,2,4,166,2.9140
1985,10,2,5,47,0.7558
1985,10,3,1,140,1.5164
1985,10,3,2,194,3.0200
1985,10,3,3,147,3.9845
1985,10,3,4,129,2.9954
1985,10,3,5,60,1.3089
1985,11,1,1,815,4.3799
1985,11,1,2,558,5.6075
1985,11,1,3,663,5.2230
1985,11,1,4,745,7.0464
1985,11,1,5,324,3.4232
1985,11,2,1,139,4.6377
1985,11,2,2,158,7.7799
1985,11,2,3,181,6.5876
1985,11,2,4,144,8.7231
1985,11,2,5,77,8.2024
1985,11,3,1,141,6.8669
1985,11,3,2,183,6.3018
1985,11,3,3,149,10.6877
1985,11,3,4,113,8.3170
1985,11,3,5,84,8.1135
1985,12,1,1,566,3.2621
1985,12,1,2,820,1.4013
1985,12,1,3,458,2.9145
1985,12,1,4,814,5.4640
1985,12,1,5,457,6.1993
1985,12,2,1,136,4.5642
1985,12,2,2,179,2.1113
1985,12,2,3,92,3.2578
1985,12,2,4,189,5.4163
1985,12,2,5,102,4.6159
1985,12,3,1,121,4.6659
1985,12,3,2,208,3.4332
1985,12,3,3,91,4.1101
1985,12,3,4,162,6.0562
1985,12,3,5,92,4.7123
1986,1,1,1,577,5.4159
1986,1,1,2,801,3.6530
1986,1,1,3,509,3.4681
1986,1,1,4,898,3.2299
1986,1,1,5,344,-1.2801
1986,1,2,1,136,-1.6682
1986,1,2,2,175,3.9583
1986,1,2,3,105,2.4522
1986,1,2,4,208,3.2053
1986,1,2,5,70,2.3008
1986,1,3,1,126,1.7907
1986,1,3,2,198,1.9796
1986,1,3,3,95,1.1231
1986,1,3,4,158,1.8380
1986,1,3,5,91,0.7074
1986,2,1,1,864,5.6578
1986,2,1,2,609,5.2635
1986,2,1,3,469,6.5735
1986,2,1,4,859,5.1168
1986,2,1,5,308,-2.4001
1986,2,2,1,165,4.9110
1986,2,2,2,176,4.6005
1986,2,2,3,109,7.6549
1986,2,2,4,195,8.2300
1986,2,2,5,69,2.0822
1986,2,3,1,151,6.0675
1986,2,3,2,210,9.1920
1986,2,3,3,93,10.6948
1986,2,3,4,153,9.0384
1986,2,3,5,55,7.5906
1986,3,1,1,748,4.0129
1986,3,1,2,720,6.0072
1986,3,1,3,601,4.3395
1986,3,1,4,662,6.1193
1986,3,1,5,380,3.5563
1986,3,2,1,143,5.9973
1986,3,2,2,211,5.0734
1986,3,2,3,147,4.4473
1986,3,2,4,158,7.0875
1986,3,2,5,69,6.1278
1986,3,3,1,154,4.1045
1986,3,3,2,218,4.8571
1986,3,3,3,114,5.6368
1986,3,3,4,131,7.9286
1986,3,3,5,42,6.8691
1986,4,1,1,801,1.5926
1986,4,1,2,775,-0.2903
1986,4,1,3,484,0.4301
1986,4,1,4,753,2.7211
1986,4,1,5,323,-3.7007
1986,4,2,1,158,0.1297
1986,4,2,2,198,2.3664
1986,4,2,3,150,-0.7241
1986,4,2,4,140,0.7938
1986,4,2,5,71,0.1671
1986,4,3,1,180,-1.9337
1986,4,3,2,204,-0.0939
1986,4,3,3,137,-1.9456
1986,4,3,4,95,1.0091
1986,4,3,5,53,3.4582
1986,5,1,1,619,3.3338
1986,5,1,2,505,2.1219
1986,5,1,3,953,3.6575
1986,5,1,4,711,1.6023
1986,5,1,5,383,3.5204
1986,5,2,1,83,1.7657
1986,5,2,2,162,1.1069
1986,5,2,3,213,3.2195
1986,5,2,4,194,6.1712
1986,5,2,5,93,5.5626
1986,5,3,1,82,2.9056
1986,5,3,2,200,2.5297
1986,5,3,3,161,4.8831
1986,5,3,4,133,6.2472
1986,5,3,5,92,7.4115
1986,6,1,1,595,0.5013
1986,6,1,2,544,0.1503
1986,6,1,3,762,-0.1869
1986,6,1,4,880,1.9359
1986,6,1,5,398,-3.4812
1986,6,2,1,93,-0.2783
1986,6,2,2,182,-2.4955
1986,6,2,3,163,-0.2702
1986,6,2,4,232,1.7354
1986,6,2,5,92,2.5101
1986,6,3,1,102,-0.5167
1986,6,3,2,193,-2.3454
1986,6,3,3,121,-1.8267
1986,6,3,4,175,2.6039
1986,6,3,5,79,4.8488
1986,7,1,1,526,-7.4325
1986,7,1,2,604,-9.0851
1986,7,1,3,914,-9.7245
1986,7,1,4,723,-8.5765
1986,7,1,5,414,-14.4557
1986,7,2,1,82,-6.4185
1986,7,2,2,183,-11.7773
1986,7,2,3,219,-9.4699
1986,7,2,4,163,-9.5897
1986,7,2,5,107,-8.1386
1986,7,3,1,101,-5.9525
1986,7,3,2,194,-7.6785
1986,7,3,3,169,-7.0474
1986,7,3,4,112,-7.6684
1986,7,3,5,93,-5.6471
1986,8,1,1,684,3.6475
1986,8,1,2,872,1.9800
1986,8,1,3,528,-2.1692
1986,8,1,4,699,-1.3471
1986,8,1,5,431,2.0771
1986,8,2,1,101,5.3371
1986,8,2,2,238,4.8629
1986,8,2,3,132,4.0951
1986,8,2,4,180,3.3515
1986,8,2,5,106,4.7461
1986,8,3,1,103,8.8776
1986,8,3,2,216,5.5328
1986,8,3,3,119,7.4999
1986,8,3,4,138,6.5068
1986,8,3,5,90,5.6123
1986,9,1,1,583,-1.2913
1986,9,1,2,711,-7.2098
1986,9,1,3,856,-6.6405
1986,9,1,4,694,-0.2563
1986,9,1,5,387,-5.8774
1986,9,2,1,126,-5.4779
1986,9,2,2,158,-4.9838
1986,9,2,3,219,-5.6234
1986,9,2,4,156,-6.0044
1986,9,2,5,90,-8.8289
1986,9,3,1,183,-4.8913
1986,9,3,2,111,-6.3369
1986,9,3,3,175,-6.7391
1986,9,3,4,113,-7.9998
1986,9,3,5,82,-9.3474
1986,10,1,1,552,-1.5799
1986,10,1,2,692,4.4305
1986,10,1,3,821,2.1333
1986,10,1,4,796,-0.4758
1986,10,1,5,395,1.7076
1986,10,2,1,119,3.5411
1986,10,2,2,153,3.3240
1986,10,2,3,218,4.1022
1986,10,2,4,157,3.1498
1986,10,2,5,88,7.2522
1986,10,3,1,181,2.0662
1986,10,3,2,111,3.7282
1986,10,3,3,175,5.4081
1986,10,3,4,118,10.0003
1986,10,3,5,82,8.9232
1986,11,1,1,742,-1.9503
1986,11,1,2,908,-7.9258
1986,11,1,3,486,-0.4847
1986,11,1,4,830,-0.1336
1986,11,1,5,298,-1.4088
1986,11,2,1,143,-3.0312
1986,11,2,2,169,0.9102
1986,11,2,3,146,-1.2125
1986,11,2,4,202,0.7143
1986,11,2,5,73,2.1252
1986,11,3,1,135,3.0334
1986,11,3,2,114,1.9136
1986,11,3,3,111,3.4970
1986,11,3,4,222,2.9615
1986,11,3,5,81,1.5344
1986,12,1,1,593,-5.2641
1986,12,1,2,801,4.4370
1986,12,1,3,528,-2.9401
1986,12,1,4,930,-4.2719
1986,12,1,5,408,-2.9231
1986,12,2,1,108,-2.1792
1986,12,2,2,159,-1.9465
1986,12,2,3,138,-1.8569
1986,12,2,4,253,-3.0066
1986,12,2,5,90,-1.5706
1986,12,3,1,120,-3.9085
1986,12,3,2,73,-3.9956
1986,12,3,3,124,-3.4716
1986,12,3,4,248,-3.5347
1986,12,3,5,97,-2.0968
1987,1,1,1,579,9.6163
1987,1,1,2,721,10.6108
1987,1,1,3,819,11.2754
1987,1,1,4,597,11.0543
1987,1,1,5,559,9.2141
1987,1,2,1,110,11.7031
1987,1,2,2,165,14.1195
1987,1,2,3,184,11.5232
1987,1,2,4,160,12.1651
1987,1,2,5,110,12.3183
1987,1,3,1,117,12.1164
1987,1,3,2,73,14.5975
1987,1,3,3,148,13.6917
1987,1,3,4,197,18.9111
1987,1,3,5,113,14.9863
1987,2,1,1,555,6.0049
1987,2,1,2,704,8.6252
1987,2,1,3,829,8.4425
1987,2,1,4,818,8.4941
1987,2,1,5,356,18.0383
1987,2,2,1,93,11.4467
1987,2,2,2,188,8.2869
1987,2,2,3,213,8.6772
1987,2,2,4,152,9.3101
1987,2,2,5,84,8.0218
1987,2,3,1,103,4.9347
1987,2,3,2,181,6.5544
1987,2,3,3,189,7.2230
1987,2,3,4,84,6.9410
1987,2,3,5,102,3.6615
1987,3,1,1,346,4.7948
1987,3,1,2,920,4.8179
1987,3,1,3,676,3.3114
1987,3,1,4,906,1.6368
1987,3,1,5,431,1.1269
1987,3,2,1,77,4.9944
1987,3,2,2,193,2.8648
1987,3,2,3,159,3.6669
1987,3,2,4,213,2.3360
1987,3,2,5,104,3.8216
1987,3,3,1,74,2.6475
1987,3,3,2,212,3.7932
1987,3,3,3,115,2.8515
1987,3,3,4,173,1.5344
1987,3,3,5,97,2.9489
1987,4,1,1,630,-5.2185
1987,4,1,2,725,-3.2106
1987,4,1,3,498,-1.7384
1987,4,1,4,830,-1.3143
1987,4,1,5,643,-4.8416
1987,4,2,1,98,-5.0562
1987,4,2,2,193,0.1808
1987,4,2,3,115,-1.5080
1987,4,2,4,157,-3.3246
1987,4,2,5,174,-4.6621
1987,4,3,1,106,-3.2173
1987,4,3,2,216,-0.4024
1987,4,3,3,117,-0.6234
1987,4,3,4,106,0.6427
1987,4,3,5,121,-1.4849
1987,5,1,1,611,0.1782
1987,5,1,2,614,-0.3699
1987,5,1,3,557,2.5435
1987,5,1,4,901,-1.9170
1987,5,1,5,632,-1.0364
1987,5,2,1,137,1.8728
1987,5,2,2,144,-2.4647
1987,5,2,3,128,1.4410
1987,5,2,4,177,-1.2753
1987,5,2,5,165,-1.8636
1987,5,3,1,175,3.9132
1987,5,3,2,100,0.7891
1987,5,3,3,103,3.1009
1987,5,3,4,162,-0.0591
1987,5,3,5,129,-0.2167
1987,6,1,1,334,3.0787
1987,6,1,2,856,2.1281
1987,6,1,3,625,0.9598
1987,6,1,4,1133,1.9257
1987,6,1,5,418,2.2609
1987,6,2,1,118,0.8576
1987,6,2,2,157,2.1967
1987,6,2,3,128,2.7332
1987,6,2,4,238,5.3903
1987,6,2,5,91,5.2902
1987,6,3,1,154,3.8080
1987,6,3,2,109,3.4881
1987,6,3,3,119,2.4015
1987,6,3,4,198,5.2198
1987,6,3,5,94,4.4291
1987,7,1,1,333,2.8505
1987,7,1,2,806,6.1611
1987,7,1,3,837,2.0456
1987,7,1,4,892,5.4516
1987,7,1,5,497,0.1669
1987,7,2,1,111,6.2306
1987,7,2,2,168,3.5102
1987,7,2,3,159,4.4076
1987,7,2,4,188,9.5349
1987,7,2,5,116,2.3334
1987,7,3,1,155,3.4327
1987,7,3,2,118,5.3313
1987,7,3,3,134,8.4960
1987,7,3,4,149,8.5914
1987,7,3,5,102,4.4295
1987,8,1,1,549,1.2147
1987,8,1,2,677,0.8181
1987,8,1,3,774,1.3156
1987,8,1,4,806,2.1118
1987,8,1,5,583,-0.3920
1987,8,2,1,90,5.5687
1987,8,2,2,185,2.1407
1987,8,2,3,140,0.7612
1987,8,2,4,222,3.7407
1987,8,2,5,106,2.9015
1987,8,3,1,100,3.5910
1987,8,3,2,175,2.4154
1987,8,3,3,92,1.6802
1987,8,3,4,180,4.5317
1987,8,3,5,110,5.3970
1987,9,1,1,539,-2.2588
1987,9,1,2,517,-2.9548
1987,9,1,3,905,-0.6035
1987,9,1,4,728,-0.4165
1987,9,1,5,747,-1.2513
1987,9,2,1,86,-1.9720
1987,9,2,2,99,0.8221
1987,9,2,3,222,-1.2233
1987,9,2,4,183,-1.2644
1987,9,2,5,135,-1.7614
1987,9,3,1,104,-1.2635
1987,9,3,2,83,-1.2709
1987,9,3,3,198,-0.1839
1987,9,3,4,145,-1.3782
1987,9,3,5,131,-0.6592
1987,10,1,1,586,-30.1491
1987,10,1,2,470,-33.2872
1987,10,1,3,868,-29.9396
1987,10,1,4,732,-30.2366
1987,10,1,5,818,-31.6281
1987,10,2,1,99,-32.4995
1987,10,2,2,86,-33.1510
1987,10,2,3,205,-29.6270
1987,10,2,4,198,-32.2403
1987,10,2,5,136,-30.3192
1987,10,3,1,97,-23.9819
1987,10,3,2,87,-27.1869
1987,10,3,3,187,-25.2142
1987,10,3,4,155,-25.2033
1987,10,3,5,128,-24.4073
1987,11,1,1,634,-9.0939
1987,11,1,2,628,-5.0533
1987,11,1,3,595,-4.6108
1987,11,1,4,798,-6.2473
1987,11,1,5,786,-13.2601
1987,11,2,1,108,-2.7991
1987,11,2,2,112,-4.8980
1987,11,2,3,169,3.9925
1987,11,2,4,201,-4.0437
1987,11,2,5,158,-7.6007
1987,11,3,1,97,-9.8045
1987,11,3,2,76,-3.8718
1987,11,3,3,190,-4.1873
1987,11,3,4,167,-5.4512
1987,11,3,5,125,-8.5438
1987,12,1,1,493,2.2865
1987,12,1,2,641,4.5062
1987,12,1,3,793,2.8343
1987,12,1,4,1057,5.9042
1987,12,1,5,428,14.4891
1987,12,2,1,87,8.5447
1987,12,2,2,155,6.9684
1987,12,2,3,174,8.9606
1987,12,2,4,214,13.5298
1987,12,2,5,120,11.3758
1987,12,3,1,58,12.6470
1987,12,3,2,209,9.8197
1987,12,3,3,127,6.7127
1987,12,3,4,160,13.9447
1987,12,3,5,97,10.4461
1988,1,1,1,390,7.3274
1988,1,1,2,863,6.5086
1988,1,1,3,694,5.0850
1988,1,1,4,856,6.7431
1988,1,1,5,583,1.3686
1988,1,2,1,81,3.3415
1988,1,2,2,169,2.2276
1988,1,2,3,171,0.3968
1988,1,2,4,191,1.9321
1988,1,2,5,135,2.9907
1988,1,3,1,51,1.1467
1988,1,3,2,201,4.9160
1988,1,3,3,143,-0.5847
1988,1,3,4,160,0.7592
1988,1,3,5,101,1.1854
1988,2,1,1,445,5.4515
1988,2,1,2,676,7.1968
1988,2,1,3,845,6.0809
1988,2,1,4,912,8.4980
1988,2,1,5,486,8.0988
1988,2,2,1,141,7.6875
1988,2,2,2,87,8.3201
1988,2,2,3,188,8.9085
1988,2,2,4,213,12.2067
1988,2,2,5,117,11.4732
1988,2,3,1,166,8.5192
1988,2,3,2,85,6.2308
1988,2,3,3,140,7.6469
1988,2,3,4,181,10.0956
1988,2,3,5,76,4.1577
1988,3,1,1,519,4.7535
1988,3,1,2,814,5.1474
1988,3,1,3,706,6.1679
1988,3,1,4,687,2.6226
1988,3,1,5,624,5.2111
1988,3,2,1,146,2.3771
1988,3,2,2,112,5.3453
1988,3,2,3,190,6.1471
1988,3,2,4,160,3.4622
1988,3,2,5,122,5.8284
1988,3,3,1,184,1.4725
1988,3,3,2,101,-0.4528
1988,3,3,3,139,1.0906
1988,3,3,4,148,-3.8073
1988,3,3,5,86,-2.7299
1988,4,1,1,458,1.0651
1988,4,1,2,779,2.4711
1988,4,1,3,588,2.6879
1988,4,1,4,871,5.2717
1988,4,1,5,615,12.7549
1988,4,2,1,145,0.9750
1988,4,2,2,121,3.8314
1988,4,2,3,152,3.1952
1988,4,2,4,207,4.3684
1988,4,2,5,125,0.9934
1988,4,3,1,167,0.8725
1988,4,3,2,105,0.6894
1988,4,3,3,146,0.9816
1988,4,3,4,150,0.6156
1988,4,3,5,86,-1.0483
1988,5,1,1,414,-0.8671
1988,5,1,2,710,0.0899
1988,5,1,3,1086,-2.1031
1988,5,1,4,648,-2.0685
1988,5,1,5,439,-5.2462
1988,5,2,1,138,-1.6741
1988,5,2,2,117,-2.4751
1988,5,2,3,234,-0.9355
1988,5,2,4,155,-0.6415
1988,5,2,5,113,-2.2821
1988,5,3,1,150,0.1767
1988,5,3,2,111,0.0460
1988,5,3,3,157,-0.5290
1988,5,3,4,143,0.6962
1988,5,3,5,90,-1.2689
1988,6,1,1,394,6.4602
1988,6,1,2,958,3.2069
1988,6,1,3,914,5.8265
1988,6,1,4,531,6.3428
1988,6,1,5,468,5.6319
1988,6,2,1,124,7.2842
1988,6,2,2,199,7.8212
1988,6,2,3,190,7.2718
1988,6,2,4,125,7.9014
1988,6,2,5,131,6.9296
1988,6,3,1,138,9.1654
1988,6,3,2,158,4.0562
1988,6,3,3,142,6.0405
1988,6,3,4,108,6.7333
1988,6,3,5,101,6.2103
1988,7,1,1,365,-0.2371
1988,7,1,2,738,1.3189
1988,7,1,3,806,-1.0488
1988,7,1,4,802,-0.4626
1988,7,1,5,506,6.1274
1988,7,2,1,122,-0.3293
1988,7,2,2,193,-0.1578
1988,7,2,3,122,-2.6772
1988,7,2,4,190,-0.5191
1988,7,2,5,137,-0.7195
1988,7,3,1,138,-2.3059
1988,7,3,2,175,-0.6561
1988,7,3,3,80,-2.9604
1988,7,3,4,134,-2.6617
1988,7,3,5,132,-0.8591
1988,8,1,1,316,-3.8745
1988,8,1,2,615,-2.2456
1988,8,1,3,865,-3.7299
1988,8,1,4,962,-2.6708
1988,8,1,5,447,-3.5452
1988,8,2,1,107,-3.2357
1988,8,2,2,150,-2.0710
1988,8,2,3,177,-3.9499
1988,8,2,4,215,-3.5133
1988,8,2,5,118,-1.5646
1988,8,3,1,125,-2.2939
1988,8,3,2,161,-3.9399
1988,8,3,3,129,-4.5704
1988,8,3,4,158,-4.7341
1988,8,3,5,84,-0.8340
1988,9,1,1,443,1.7124
1988,9,1,2,831,-1.5114
1988,9,1,3,735,1.9745
1988,9,1,4,766,2.6066
1988,9,1,5,420,-4.6585
1988,9,2,1,115,2.5722
1988,9,2,2,163,1.8420
1988,9,2,3,179,1.7202
1988,9,2,4,195,3.9919
1988,9,2,5,116,7.7321
1988,9,3,1,180,4.1718
1988,9,3,2,115,3.9621
1988,9,3,3,135,2.5286
1988,9,3,4,145,5.2064
1988,9,3,5,77,4.8071
1988,10,1,1,440,-2.6340
1988,10,1,2,494,-1.4154
1988,10,1,3,1256,-2.0003
1988,10,1,4,650,-1.4265
1988,10,1,5,361,-0.8384
1988,10,2,1,116,0.1778
1988,10,2,2,101,-1.7677
1988,10,2,3,258,-2.3491
1988,10,2,4,176,-0.3708
1988,10,2,5,99,-1.8992
1988,10,3,1,177,1.9445
1988,10,3,2,73,0.0331
1988,10,3,3,177,2.0969
1988,10,3,4,132,0.6394
1988,10,3,5,85,3.7494
1988,11,1,1,561,-4.2545
1988,11,1,2,653,-5.0134
1988,11,1,3,961,-3.4576
1988,11,1,4,702,-3.6894
1988,11,1,5,314,-5.6279
1988,11,2,1,141,-2.5122
1988,11,2,2,161,-4.5105
1988,11,2,3,187,-2.8074
1988,11,2,4,170,-3.3617
1988,11,2,5,98,-1.5343
1988,11,3,1,174,-1.8656
1988,11,3,2,112,-1.0990
1988,11,3,3,155,-2.6805
1988,11,3,4,108,-2.9730
1988,11,3,5,98,-1.1221
1988,12,1,1,553,1.5230
1988,12,1,2,500,5.6063
1988,12,1,3,885,3.4584
1988,12,1,4,944,4.3643
1988,12,1,5,315,1.7013
1988,12,2,1,135,3.8633
1988,12,2,2,106,4.5197
1988,12,2,3,204,6.2229
1988,12,2,4,186,4.3886
1988,12,2,5,94,3.4431
1988,12,3,1,180,2.7267
1988,12,3,2,94,4.4181
1988,12,3,3,153,1.9974
1988,12,3,4,120,3.2001
1988,12,3,5,99,2.4956
1989,1,1,1,552,4.9344
1989,1,1,2,508,2.9979
1989,1,1,3,975,4.9301
1989,1,1,4,830,4.7226
1989,1,1,5,304,3.2904
1989,1,2,1,131,4.8738
1989,1,2,2,112,5.9812
1989,1,2,3,189,4.7228
1989,1,2,4,204,7.2752
1989,1,2,5,83,3.8363
1989,1,3,1,180,4.9088
1989,1,3,2,90,8.9575
1989,1,3,3,122,6.9709
1989,1,3,4,157,7.2021
1989,1,3,5,94,5.6607
1989,2,1,1,203,24.8494
1989,2,1,2,794,1.3471
1989,2,1,3,761,0.0334
1989,2,1,4,792,-0.2884
1989,2,1,5,600,0.0344
1989,2,2,1,94,2.2798
1989,2,2,2,146,2.7910
1989,2,2,3,162,1.1115
1989,2,2,4,166,2.0717
1989,2,2,5,162,0.9921
1989,2,3,1,137,-0.9400
1989,2,3,2,98,-1.4808
1989,2,3,3,141,-2.0621
1989,2,3,4,135,-0.8752
1989,2,3,5,132,-1.1124
1989,3,1,1,197,11.5819
1989,3,1,2,948,2.6418
1989,3,1,3,793,2.6787
1989,3,1,4,572,2.6472
1989,3,1,5,629,2.9374
1989,3,2,1,97,1.7204
1989,3,2,2,176,0.6868
1989,3,2,3,136,3.4636
1989,3,2,4,137,2.1013
1989,3,2,5,178,4.2347
1989,3,3,1,138,2.6814
1989,3,3,2,102,-0.9210
1989,3,3,3,130,2.1761
1989,3,3,4,120,3.1993
1989,3,3,5,148,2.9375
1989,4,1,1,197,-1.6640
1989,4,1,2,923,1.8333
1989,4,1,3,838,3.1920
1989,4,1,4,593,3.9779
1989,4,1,5,560,2.5501
1989,4,2,1,98,6.6548
1989,4,2,2,172,4.8483
1989,4,2,3,168,6.1572
1989,4,2,4,135,5.0220
1989,4,2,5,155,5.9295
1989,4,3,1,136,1.4291
1989,4,3,2,116,5.6424
1989,4,3,3,150,5.7983
1989,4,3,4,93,6.1723
1989,4,3,5,143,4.9481
1989,5,1,1,314,0.3811
1989,5,1,2,492,3.7450
1989,5,1,3,951,2.3327
1989,5,1,4,704,3.1280
1989,5,1,5,646,4.4171
1989,5,2,1,109,3.6153
1989,5,2,2,109,4.2105
1989,5,2,3,197,5.5652
1989,5,2,4,165,4.4561
1989,5,2,5,154,3.7545
1989,5,3,1,128,3.4405
1989,5,3,2,108,2.1797
1989,5,3,3,130,3.9682
1989,5,3,4,127,5.0012
1989,5,3,5,143,5.0931
1989,6,1,1,224,-2.6700
1989,6,1,2,756,-1.3107
1989,6,1,3,846,-2.2497
1989,6,1,4,552,-1.7298
1989,6,1,5,715,1.8476
1989,6,2,1,109,0.2231
1989,6,2,2,156,-1.6672
1989,6,2,3,156,-3.1986
1989,6,2,4,142,-2.1063
1989,6,2,5,164,-2.3681
1989,6,3,1,158,2.2035
1989,6,3,2,87,-1.4453
1989,6,3,3,126,-1.2963
1989,6,3,4,130,-1.3830
1989,6,3,5,135,-1.1729
1989,7,1,1,204,3.1425
1989,7,1,2,744,2.2928
1989,7,1,3,738,1.9210
1989,7,1,4,874,3.9499
1989,7,1,5,479,3.8262
1989,7,2,1,104,1.6427
1989,7,2,2,128,2.4023
1989,7,2,3,161,4.5737
1989,7,2,4,213,4.7058
1989,7,2,5,107,8.1851
1989,7,3,1,157,6.6689
1989,7,3,2,78,9.1048
1989,7,3,3,113,5.6294
1989,7,3,4,179,8.2274
1989,7,3,5,109,12.2278
1989,8,1,1,159,2.5194
1989,8,1,2,884,2.7548
1989,8,1,3,727,1.1739
1989,8,1,4,593,1.2448
1989,8,1,5,667,1.1559
1989,8,2,1,38,3.5789
1989,8,2,2,222,2.6161
1989,8,2,3,165,1.6621
1989,8,2,4,176,2.0772
1989,8,2,5,128,3.2595
1989,8,3,1,46,1.6228
1989,8,3,2,224,3.3053
1989,8,3,3,126,3.5108
1989,8,3,4,120,4.6387
1989,8,3,5,123,0.8310
1989,9,1,1,298,1.2430
1989,9,1,2,653,-0.3764
1989,9,1,3,816,-0.8480
1989,9,1,4,543,-0.1466
1989,9,1,5,699,0.2212
1989,9,2,1,80,-0.5348
1989,9,2,2,200,0.2119
1989,9,2,3,160,-0.1206
1989,9,2,4,163,-0.1451
1989,9,2,5,128,0.9795
1989,9,3,1,99,-0.6523
1989,9,3,2,181,-1.5866
1989,9,3,3,132,-2.2217
1989,9,3,4,119,0.6479
1989,9,3,5,104,0.7664
1989,10,1,1,330,-6.8578
1989,10,1,2,798,-5.0723
1989,10,1,3,589,-6.7909
1989,10,1,4,576,-5.5509
1989,10,1,5,697,-6.1743
1989,10,2,1,99,-6.9023
1989,10,2,2,203,-7.2029
1989,10,2,3,139,-6.4062
1989,10,2,4,168,-7.4195
1989,10,2,5,123,-6.5774
1989,10,3,1,107,-4.6304
1989,10,3,2,168,-2.2174
1989,10,3,3,122,-4.5245
1989,10,3,4,132,-4.5797
1989,10,3,5,108,-1.4691
1989,11,1,1,297,0.8341
1989,11,1,2,920,-0.4080
1989,11,1,3,529,-0.0820
1989,11,1,4,761,-1.0127
1989,11,1,5,475,-1.6617
1989,11,2,1,83,2.0583
1989,11,2,2,235,-1.1602
1989,11,2,3,169,-0.4486
1989,11,2,4,140,0.7349
1989,11,2,5,114,2.1002
1989,11,3,1,112,1.0110
1989,11,3,2,218,1.7733
1989,11,3,3,139,2.2538
1989,11,3,4,75,2.7366
1989,11,3,5,93,2.9105
1989,12,1,1,221,-3.2942
1989,12,1,2,693,-0.0223
1989,12,1,3,813,-2.6284
1989,12,1,4,658,-2.0784
1989,12,1,5,604,-1.5457
1989,12,2,1,100,0.9080
1989,12,2,2,152,0.0690
1989,12,2,3,224,0.9102
1989,12,2,4,138,0.5479
1989,12,2,5,122,1.3235
1989,12,3,1,151,3.2491
1989,12,3,2,146,2.3861
1989,12,3,3,169,1.3097
1989,12,3,4,73,2.2837
1989,12,3,5,97,1.9824
1990,1,1,1,304,-3.7691
1990,1,1,2,644,-5.3116
1990,1,1,3,753,-7.3671
1990,1,1,4,656,-8.0533
1990,1,1,5,623,-8.3932
1990,1,2,1,109,-8.5067
1990,1,2,2,153,-9.5940
1990,1,2,3,211,-10.6372
1990,1,2,4,137,-10.1005
1990,1,2,5,135,-8.5376
1990,1,3,1,160,-4.4819
1990,1,3,2,136,-4.7231
1990,1,3,3,148,-5.7161
1990,1,3,4,102,-6.6230
1990,1,3,5,99,-8.6279
1990,2,1,1,323,2.7071
1990,2,1,2,681,0.8164
1990,2,1,3,581,0.1687
1990,2,1,4,766,1.9991
1990,2,1,5,627,1.4010
1990,2,2,1,96,3.3082
1990,2,2,2,134,3.4774
1990,2,2,3,177,3.0703
1990,2,2,4,189,3.4188
1990,2,2,5,136,3.5330
1990,2,3,1,128,1.4384
1990,2,3,2,89,2.9461
1990,2,3,3,189,3.3634
1990,2,3,4,140,2.7249
1990,2,3,5,94,0.5414
1990,3,1,1,239,2.1488
1990,3,1,2,484,4.0919
1990,3,1,3,703,2.1976
1990,3,1,4,979,2.7682
1990,3,1,5,564,2.8481
1990,3,2,1,91,3.2867
1990,3,2,2,122,4.4495
1990,3,2,3,142,6.6114
1990,3,2,4,273,3.3776
1990,3,2,5,114,6.0170
1990,3,3,1,132,2.2431
1990,3,3,2,108,3.8667
1990,3,3,3,88,3.6777
1990,3,3,4,229,3.6788
1990,3,3,5,82,5.3965
1990,4,1,1,235,-3.5894
1990,4,1,2,487,-2.2585
1990,4,1,3,604,-2.1043
1990,4,1,4,994,-3.2216
1990,4,1,5,634,-0.5987
1990,4,2,1,94,-3.3241
1990,4,2,2,136,-3.8996
1990,4,2,3,120,-3.8564
1990,4,2,4,239,-3.6393
1990,4,2,5,165,-0.9071
1990,4,3,1,131,-5.3097
1990,4,3,2,138,-3.5764
1990,4,3,3,61,-2.1031
1990,4,3,4,217,-2.2464
1990,4,3,5,96,-0.6370
1990,5,1,1,217,1.1143
1990,5,1,2,419,9.2511
1990,5,1,3,1013,4.2382
1990,5,1,4,559,3.9645
1990,5,1,5,707,6.0337
1990,5,2,1,90,5.1992
1990,5,2,2,136,7.1767
1990,5,2,3,238,8.1606
1990,5,2,4,140,7.8187
1990,5,2,5,191,11.2587
1990,5,3,1,107,6.3259
1990,5,3,2,170,10.5945
1990,5,3,3,134,10.6420
1990,5,3,4,93,10.3071
1990,5,3,5,140,12.2699
1990,6,1,1,224,0.9415
1990,6,1,2,527,-2.1591
1990,6,1,3,937,1.0036
1990,6,1,4,652,0.4467
1990,6,1,5,569,2.9856
1990,6,2,1,91,2.3057
1990,6,2,2,162,-0.3613
1990,6,2,3,224,0.0346
1990,6,2,4,188,-0.5580
1990,6,2,5,126,2.8305
1990,6,3,1,105,-0.8690
1990,6,3,2,171,-2.4497
1990,6,3,3,110,-2.5195
1990,6,3,4,169,-0.9093
1990,6,3,5,102,2.6333
1990,7,1,1,330,-4.5026
1990,7,1,2,502,-2.3569
1990,7,1,3,767,-5.0464
1990,7,1,4,675,-5.0040
1990,7,1,5,604,-2.3537
1990,7,2,1,92,-3.6887
1990,7,2,2,193,0.4795
1990,7,2,3,166,-4.3184
1990,7,2,4,199,-4.5539
1990,7,2,5,132,-2.7994
1990,7,3,1,99,-1.2269
1990,7,3,2,192,2.0567
1990,7,3,3,101,-2.1733
1990,7,3,4,158,-3.1403
1990,7,3,5,108,0.4806
1990,8,1,1,287,-10.3137
1990,8,1,2,302,-10.9605
1990,8,1,3,938,-14.1487
1990,8,1,4,714,-14.3223
1990,8,1,5,625,-14.0453
1990,8,2,1,142,-12.7344
1990,8,2,2,78,-13.9187
1990,8,2,3,225,-13.3641
1990,8,2,4,178,-14.7698
1990,8,2,5,182,-13.6212
1990,8,3,1,176,-9.5844
1990,8,3,2,72,-10.7191
1990,8,3,3,165,-10.9166
1990,8,3,4,109,-10.3324
1990,8,3,5,138,-6.9340
1990,9,1,1,308,-7.5017
1990,9,1,2,641,-8.1140
1990,9,1,3,863,-11.2561
1990,9,1,4,475,-9.8579
1990,9,1,5,607,-11.2989
1990,9,2,1,138,-5.7931
1990,9,2,2,161,-9.2132
1990,9,2,3,205,-11.7291
1990,9,2,4,118,-10.2393
1990,9,2,5,157,-10.7566
1990,9,3,1,177,-5.3285
1990,9,3,2,122,-4.7441
1990,9,3,3,135,-4.2666
1990,9,3,4,91,-11.8959
1990,9,3,5,132,-5.0458
1990,10,1,1,306,-6.4105
1990,10,1,2,605,-8.9503
1990,10,1,3,892,-6.6810
1990,10,1,4,410,-4.7258
1990,10,1,5,674,-6.3023
1990,10,2,1,132,-9.4644
1990,10,2,2,169,-6.1556
1990,10,2,3,213,-4.2464
1990,10,2,4,103,-4.9665
1990,10,2,5,171,-2.6037
1990,10,3,1,174,-3.7634
1990,10,3,2,111,-5.2313
1990,10,3,3,146,-2.6335
1990,10,3,4,82,-0.4524
1990,10,3,5,135,1.7342
1990,11,1,1,301,0.7264
1990,11,1,2,745,0.7174
1990,11,1,3,507,-0.4639
1990,11,1,4,785,7.7407
1990,11,1,5,525,4.6197
1990,11,2,1,87,6.3800
1990,11,2,2,203,9.9905
1990,11,2,3,159,4.2955
1990,11,2,4,219,6.5921
1990,11,2,5,126,5.8331
1990,11,3,1,81,10.1441
1990,11,3,2,144,5.1283
1990,11,3,3,187,7.9424
1990,11,3,4,142,9.6980
1990,11,3,5,102,6.0797
1990,12,1,1,355,-1.7158
1990,12,1,2,726,0.9402
1990,12,1,3,625,-1.8649
1990,12,1,4,526,2.6823
1990,12,1,5,628,6.1596
1990,12,2,1,87,4.1026
1990,12,2,2,192,7.6846
1990,12,2,3,215,5.3165
1990,12,2,4,137,6.1746
1990,12,2,5,153,12.7966
1990,12,3,1,71,4.2489
1990,12,3,2,165,5.3818
1990,12,3,3,220,1.5954
1990,12,3,4,90,4.6831
1990,12,3,5,113,3.2986
1991,1,1,1,290,13.8863
1991,1,1,2,773,7.6350
1991,1,1,3,470,3.3339
1991,1,1,4,704,6.2733
1991,1,1,5,577,8.1614
1991,1,2,1,96,10.7759
1991,1,2,2,195,6.5037
1991,1,2,3,154,4.8718
1991,1,2,4,220,6.9827
1991,1,2,5,148,8.2654
1991,1,3,1,79,7.7593
1991,1,3,2,158,3.7797
1991,1,3,3,144,8.2095
1991,1,3,4,168,7.2013
1991,1,3,5,114,6.5155
1991,2,1,1,331,10.9133
1991,2,1,2,695,10.7864
1991,2,1,3,487,12.1208
1991,2,1,4,616,13.1246
1991,2,1,5,688,14.4598
1991,2,2,1,90,11.2620
1991,2,2,2,217,11.6863
1991,2,2,3,128,10.0588
1991,2,2,4,189,10.7703
1991,2,2,5,173,9.6014
1991,2,3,1,83,9.7939
1991,2,3,2,226,7.7514
1991,2,3,3,77,6.0901
1991,2,3,4,160,7.7003
1991,2,3,5,120,9.3414
1991,3,1,1,344,3.7685
1991,3,1,2,374,6.8397
1991,3,1,3,894,7.8619
1991,3,1,4,657,17.6149
1991,3,1,5,538,9.1478
1991,3,2,1,106,3.0076
1991,3,2,2,155,4.0633
1991,3,2,3,182,5.9881
1991,3,2,4,201,5.0588
1991,3,2,5,151,6.0314
1991,3,3,1,87,-0.4541
1991,3,3,2,201,1.3488
1991,3,3,3,97,2.4861
1991,3,3,4,152,2.1756
1991,3,3,5,134,4.7551
1991,4,1,1,382,3.8022
1991,4,1,2,373,1.9581
1991,4,1,3,639,-0.3077
1991,4,1,4,856,1.2401
1991,4,1,5,543,1.6311
1991,4,2,1,121,-1.7794
1991,4,2,2,139,0.8299
1991,4,2,3,159,-0.8092
1991,4,2,4,231,-1.4839
1991,4,2,5,146,1.0295
1991,4,3,1,98,1.1703
1991,4,3,2,195,-1.2744
1991,4,3,3,96,0.6132
1991,4,3,4,149,1.6474
1991,4,3,5,139,-1.3375
1991,5,1,1,322,3.0920
1991,5,1,2,535,0.8735
1991,5,1,3,588,3.2216
1991,5,1,4,658,3.2229
1991,5,1,5,691,1.7097
1991,5,2,1,90,4.6464
1991,5,2,2,153,3.3254
1991,5,2,3,201,2.6682
1991,5,2,4,180,4.1517
1991,5,2,5,172,4.3608
1991,5,3,1,90,6.1696
1991,5,3,2,139,5.3829
1991,5,3,3,168,5.2531
1991,5,3,4,166,6.1238
1991,5,3,5,115,3.1261
1991,6,1,1,317,-1.2158
1991,6,1,2,635,-4.6812
1991,6,1,3,654,-5.1363
1991,6,1,4,505,-8.3206
1991,6,1,5,683,-3.9011
1991,6,2,1,91,-1.9082
1991,6,2,2,185,-5.5691
1991,6,2,3,157,-4.6243
1991,6,2,4,173,-4.5000
1991,6,2,5,203,-3.4521
1991,6,3,1,90,-0.7082
1991,6,3,2,162,-6.7415
1991,6,3,3,93,-3.8399
1991,6,3,4,177,-3.7717
1991,6,3,5,159,-4.9396
1991,7,1,1,338,2.1128
1991,7,1,2,478,0.3276
1991,7,1,3,636,2.3875
1991,7,1,4,697,3.4206
1991,7,1,5,653,5.9235
1991,7,2,1,92,1.8712
1991,7,2,2,148,3.0421
1991,7,2,3,214,1.8865
1991,7,2,4,146,4.9521
1991,7,2,5,183,4.2943
1991,7,3,1,81,3.0957
1991,7,3,2,161,4.0379
1991,7,3,3,186,4.5698
1991,7,3,4,97,1.3641
1991,7,3,5,156,6.7555
1991,8,1,1,324,1.8591
1991,8,1,2,564,-0.0365
1991,8,1,3,526,0.8032
1991,8,1,4,891,1.6442
1991,8,1,5,456,0.2923
1991,8,2,1,97,1.6458
1991,8,2,2,169,1.7437
1991,8,2,3,136,3.1685
1991,8,2,4,287,4.2282
1991,8,2,5,135,2.6948
1991,8,3,1,89,-0.0029
1991,8,3,2,198,0.3711
1991,8,3,3,64,1.1672
1991,8,3,4,229,3.9807
1991,8,3,5,102,3.9863
1991,9,1,1,319,-2.9839
1991,9,1,2,616,-0.9209
1991,9,1,3,518,1.5867
1991,9,1,4,730,2.4110
1991,9,1,5,571,3.1648
1991,9,2,1,102,-1.2871
1991,9,2,2,188,-0.8343
1991,9,2,3,122,2.3842
1991,9,2,4,259,-1.1180
1991,9,2,5,178,1.0366
1991,9,3,1,88,-0.7043
1991,9,3,2,168,-1.1718
1991,9,3,3,95,-0.2468
1991,9,3,4,222,-3.6003
1991,9,3,5,117,-1.2448
1991,10,1,1,446,2.2267
1991,10,1,2,453,0.5632
1991,10,1,3,566,1.5495
1991,10,1,4,696,2.3187
1991,10,1,5,610,3.7214
1991,10,2,1,129,0.3124
1991,10,2,2,155,0.4444
1991,10,2,3,176,-1.1739
1991,10,2,4,176,3.7355
1991,10,2,5,205,3.2539
1991,10,3,1,122,1.9903
1991,10,3,2,161,2.3022
1991,10,3,3,156,0.3034
1991,10,3,4,92,1.4779
1991,10,3,5,160,2.5973
1991,11,1,1,264,-1.0500
1991,11,1,2,484,-3.6703
1991,11,1,3,718,-2.4281
1991,11,1,4,731,-3.2033
1991,11,1,5,570,-2.7750
1991,11,2,1,106,-4.8391
1991,11,2,2,129,-5.2307
1991,11,2,3,248,-5.6041
1991,11,2,4,188,-3.6996
1991,11,2,5,194,-6.4458
1991,11,3,1,101,-4.3627
1991,11,3,2,116,-5.5139
1991,11,3,3,203,-2.8723
1991,11,3,4,158,-4.6721
1991,11,3,5,117,-3.7698
1991,12,1,1,327,2.3910
1991,12,1,2,428,2.0249
1991,12,1,3,764,4.0991
1991,12,1,4,646,4.4916
1991,12,1,5,613,5.2833
1991,12,2,1,107,7.9344
1991,12,2,2,177,4.9053
1991,12,2,3,203,10.8714
1991,12,2,4,187,7.4357
1991,12,2,5,197,13.9967
1991,12,3,1,92,8.3437
1991,12,3,2,228,9.7921
1991,12,3,3,111,11.1816
1991,12,3,4,153,12.9901
1991,12,3,5,120,16.1854
1992,1,1,1,370,6.6527
1992,1,1,2,412,13.2475
1992,1,1,3,471,13.8622
1992,1,1,4,966,13.8448
1992,1,1,5,538,13.3133
1992,1,2,1,98,-0.4724
1992,1,2,2,177,8.8321
1992,1,2,3,149,7.7781
1992,1,2,4,263,8.1123
1992,1,2,5,201,6.6375
1992,1,3,1,104,1.0708
1992,1,3,2,208,0.7345
1992,1,3,3,97,3.8136
1992,1,3,4,184,1.7846
1992,1,3,5,125,-2.8067
1992,2,1,1,479,1.8197
1992,2,1,2,475,5.6183
1992,2,1,3,382,2.8370
1992,2,1,4,845,4.6162
1992,2,1,5,574,6.2820
1992,2,2,1,133,1.6667
1992,2,2,2,227,1.5469
1992,2,2,3,104,6.4497
1992,2,2,4,286,2.2052
1992,2,2,5,160,1.1936
1992,2,3,1,135,3.0736
1992,2,3,2,256,1.2278
1992,2,3,3,68,2.3683
1992,2,3,4,181,1.3350
1992,2,3,5,81,0.4512
1992,3,1,1,297,1.6109
1992,3,1,2,530,-3.4446
1992,3,1,3,712,-1.4553
1992,3,1,4,910,-2.9865
1992,3,1,5,323,-3.0830
1992,3,2,1,118,-2.7363
1992,3,2,2,188,-4.1534
1992,3,2,3,240,-6.4631
1992,3,2,4,273,-2.6495
1992,3,2,5,90,-2.7748
1992,3,3,1,140,-1.9272
1992,3,3,2,199,-4.3441
1992,3,3,3,149,-3.8202
1992,3,3,4,176,-1.1212
1992,3,3,5,58,-4.3473
1992,4,1,1,394,-2.3066
1992,4,1,2,521,-5.4130
1992,4,1,3,752,-6.6799
1992,4,1,4,857,-8.1217
1992,4,1,5,310,-7.7652
1992,4,2,1,138,-0.7869
1992,4,2,2,222,-4.3335
1992,4,2,3,181,-3.7664
1992,4,2,4,267,-5.2548
1992,4,2,5,87,-2.5419
1992,4,3,1,126,1.6254
1992,4,3,2,251,5.2914
1992,4,3,3,126,1.5439
1992,4,3,4,162,-1.9885
1992,4,3,5,57,3.4060
1992,5,1,1,415,1.0002
1992,5,1,2,822,0.7837
1992,5,1,3,606,-3.5005
1992,5,1,4,751,-1.2790
1992,5,1,5,274,-0.7942
1992,5,2,1,118,-0.7785
1992,5,2,2,233,-0.2843
1992,5,2,3,171,-1.4763
1992,5,2,4,249,-0.1127
1992,5,2,5,109,0.4606
1992,5,3,1,114,-1.0389
1992,5,3,2,197,1.3679
1992,5,3,3,93,-1.1501
1992,5,3,4,214,0.2438
1992,5,3,5,100,0.8257
1992,6,1,1,330,-9.2112
1992,6,1,2,610,-6.2939
1992,6,1,3,684,-6.3457
1992,6,1,4,778,-5.4844
1992,6,1,5,439,-6.8355
1992,6,2,1,142,-3.4866
1992,6,2,2,151,-1.0168
1992,6,2,3,178,-5.9591
1992,6,2,4,283,-5.3503
1992,6,2,5,141,-6.3550
1992,6,3,1,180,-0.8699
1992,6,3,2,115,-1.5673
1992,6,3,3,105,-3.1986
1992,6,3,4,207,-3.2372
1992,6,3,5,112,-2.5598
1992,7,1,1,273,2.6015
1992,7,1,2,582,1.8339
1992,7,1,3,823,-1.9367
1992,7,1,4,729,1.8052
1992,7,1,5,402,3.3959
1992,7,2,1,80,0.0870
1992,7,2,2,211,2.0092
1992,7,2,3,213,3.7148
1992,7,2,4,221,4.4168
1992,7,2,5,137,3.2015
1992,7,3,1,81,1.0520
1992,7,3,2,213,3.1498
1992,7,3,3,140,3.5987
1992,7,3,4,157,4.3844
1992,7,3,5,126,3.4808
1992,8,1,1,129,0.1584
1992,8,1,2,581,-3.1358
1992,8,1,3,760,-3.7462
1992,8,1,4,555,-2.8900
1992,8,1,5,755,-3.7624
1992,8,2,1,94,-1.8184
1992,8,2,2,169,-3.1124
1992,8,2,3,237,-2.6633
1992,8,2,4,170,-4.4101
1992,8,2,5,206,-3.1029
1992,8,3,1,130,-3.4474
1992,8,3,2,150,-2.2366
1992,8,3,3,231,-2.0143
1992,8,3,4,105,-2.2971
1992,8,3,5,110,-2.1489
1992,9,1,1,131,2.9412
1992,9,1,2,566,0.9448
1992,9,1,3,484,0.5801
1992,9,1,4,1036,0.7356
1992,9,1,5,543,0.7477
1992,9,2,1,107,1.7612
1992,9,2,2,155,1.0388
1992,9,2,3,162,0.9400
1992,9,2,4,311,2.7741
1992,9,2,5,165,0.4108
1992,9,3,1,154,0.7846
1992,9,3,2,129,1.6381
1992,9,3,3,123,1.4484
1992,9,3,4,191,1.2165
1992,9,3,5,127,3.5327
1992,10,1,1,128,-2.1046
1992,10,1,2,563,1.7576
1992,10,1,3,517,2.2047
1992,10,1,4,938,2.6055
1992,10,1,5,608,1.8442
1992,10,2,1,108,0.0433
1992,10,2,2,159,-0.0947
1992,10,2,3,152,2.8578
1992,10,2,4,268,4.1939
1992,10,2,5,221,0.9939
1992,10,3,1,155,-0.4677
1992,10,3,2,130,0.2874
1992,10,3,3,129,-0.0099
1992,10,3,4,174,4.7520
1992,10,3,5,144,2.4717
1992,11,1,1,129,3.7098
1992,11,1,2,621,6.6356
1992,11,1,3,544,5.9738
1992,11,1,4,607,8.1284
1992,11,1,5,891,11.3739
1992,11,2,1,47,3.6459
1992,11,2,2,242,5.4964
1992,11,2,3,156,7.4390
1992,11,2,4,211,8.7512
1992,11,2,5,229,8.9995
1992,11,3,1,52,-0.3130
1992,11,3,2,230,4.1543
1992,11,3,3,130,6.2364
1992,11,3,4,199,3.4456
1992,11,3,5,121,5.3453
1992,12,1,1,192,1.8817
1992,12,1,2,466,5.3313
1992,12,1,3,608,3.6607
1992,12,1,4,578,2.9370
1992,12,1,5,934,3.6372
1992,12,2,1,105,-0.2422
1992,12,2,2,151,3.4364
1992,12,2,3,159,3.3645
1992,12,2,4,235,3.1160
1992,12,2,5,252,2.3864
1992,12,3,1,148,1.2530
1992,12,3,2,114,2.1984
1992,12,3,3,152,1.0560
1992,12,3,4,181,1.8063
1992,12,3,5,149,0.8357
1993,1,1,1,190,2.3344
1993,1,1,2,632,6.3021
1993,1,1,3,401,3.4950
1993,1,1,4,703,5.2716
1993,1,1,5,878,4.3616
1993,1,2,1,106,2.6792
1993,1,2,2,185,3.6201
1993,1,2,3,112,2.3585
1993,1,2,4,258,3.7077
1993,1,2,5,254,-0.0947
1993,1,3,1,148,0.9195
1993,1,3,2,160,1.1500
1993,1,3,3,79,-0.4007
1993,1,3,4,219,1.1914
1993,1,3,5,144,0.7970
1993,2,1,1,167,-3.6204
1993,2,1,2,559,-1.2576
1993,2,1,3,697,1.7001
1993,2,1,4,714,-2.8026
1993,2,1,5,677,-4.7701
1993,2,2,1,64,-1.1987
1993,2,2,2,138,-0.5847
1993,2,2,3,279,-3.6784
1993,2,2,4,248,-3.9510
1993,2,2,5,187,-5.5393
1993,2,3,1,66,1.9549
1993,2,3,2,142,0.8400
1993,2,3,3,232,-0.4748
1993,2,3,4,185,-0.8263
1993,2,3,5,126,-1.2927
1993,3,1,1,202,4.0361
1993,3,1,2,712,0.0785
1993,3,1,3,616,1.9268
1993,3,1,4,699,1.0935
1993,3,1,5,664,-0.8845
1993,3,2,1,69,3.6167
1993,3,2,2,209,0.5019
1993,3,2,3,222,3.2935
1993,3,2,4,204,5.6439
1993,3,2,5,167,2.0410
1993,3,3,1,66,3.7672
1993,3,3,2,173,1.7432
1993,3,3,3,219,0.7841
1993,3,3,4,180,3.5651
1993,3,3,5,111,3.4077
1993,4,1,1,300,-3.0698
1993,4,1,2,537,-1.6747
1993,4,1,3,844,-2.3044
1993,4,1,4,628,-1.2465
1993,4,1,5,599,-4.3615
1993,4,2,1,101,0.6773
1993,4,2,2,163,-2.4836
1993,4,2,3,253,-2.7304
1993,4,2,4,176,-1.0764
1993,4,2,5,190,-3.8842
1993,4,3,1,89,0.0283
1993,4,3,2,153,-1.8745
1993,4,3,3,235,-3.5335
1993,4,3,4,149,-2.1082
1993,4,3,5,129,-5.9698
1993,5,1,1,244,6.0048
1993,5,1,2,535,5.1361
1993,5,1,3,751,3.9772
1993,5,1,4,627,3.3869
1993,5,1,5,755,5.5315
1993,5,2,1,78,6.0132
1993,5,2,2,183,3.2025
1993,5,2,3,242,4.7233
1993,5,2,4,181,7.4072
1993,5,2,5,219,6.7742
1993,5,3,1,77,3.6648
1993,5,3,2,144,2.3880
1993,5,3,3,240,3.3218
1993,5,3,4,144,4.4389
1993,5,3,5,158,4.8616
1993,6,1,1,263,-3.0239
1993,6,1,2,456,1.0892
1993,6,1,3,870,-1.4620
1993,6,1,4,697,1.0409
1993,6,1,5,649,-0.4349
1993,6,2,1,78,-0.5556
1993,6,2,2,150,-0.6763
1993,6,2,3,329,-0.0379
1993,6,2,4,179,0.7040
1993,6,2,5,167,0.4461
1993,6,3,1,61,1.8020
1993,6,3,2,172,-2.9921
1993,6,3,3,278,-0.1348
1993,6,3,4,137,-0.2888
1993,6,3,5,126,-0.3265
1993,7,1,1,212,0.1238
1993,7,1,2,653,0.0086
1993,7,1,3,465,0.1229
1993,7,1,4,943,1.2429
1993,7,1,5,691,2.1976
1993,7,2,1,75,3.2038
1993,7,2,2,227,-0.6326
1993,7,2,3,206,0.5088
1993,7,2,4,209,0.5281
1993,7,2,5,180,2.5876
1993,7,3,1,75,0.2026
1993,7,3,2,182,-3.2636
1993,7,3,3,254,0.1507
1993,7,3,4,148,-0.3502
1993,7,3,5,112,0.6949
1993,8,1,1,276,2.0927
1993,8,1,2,598,5.0700
1993,8,1,3,598,3.5614
1993,8,1,4,754,4.8590
1993,8,1,5,778,2.4238
1993,8,2,1,87,1.9467
1993,8,2,2,253,7.3059
1993,8,2,3,172,6.9808
1993,8,2,4,192,4.5559
1993,8,2,5,186,5.2190
1993,8,3,1,127,0.4651
1993,8,3,2,237,5.9821
1993,8,3,3,159,5.9963
1993,8,3,4,130,3.8051
1993,8,3,5,123,3.9046
1993,9,1,1,342,1.8556
1993,9,1,2,525,0.9225
1993,9,1,3,721,1.9505
1993,9,1,4,804,2.6153
1993,9,1,5,628,0.7855
1993,9,2,1,123,-1.2002
1993,9,2,2,184,0.6375
1993,9,2,3,234,2.5925
1993,9,2,4,214,4.8657
1993,9,2,5,143,4.8762
1993,9,3,1,145,-3.9167
1993,9,3,2,200,0.0264
1993,9,3,3,197,-2.0699
1993,9,3,4,141,-0.7041
1993,9,3,5,106,0.4693
1993,10,1,1,341,7.3496
1993,10,1,2,512,3.4185
1993,10,1,3,623,6.2147
1993,10,1,4,725,3.8683
1993,10,1,5,824,2.5300
1993,10,2,1,128,2.3967
1993,10,2,2,176,0.6507
1993,10,2,3,223,7.2802
1993,10,2,4,184,3.2236
1993,10,2,5,217,0.8464
1993,10,3,1,142,5.8187
1993,10,3,2,198,1.5391
1993,10,3,3,196,2.8030
1993,10,3,4,139,3.4661
1993,10,3,5,121,1.7338
1993,11,1,1,266,1.8352
1993,11,1,2,634,0.2431
1993,11,1,3,709,-3.8285
1993,11,1,4,839,-0.6416
1993,11,1,5,598,-5.5734
1993,11,2,1,104,3.5269
1993,11,2,2,231,-2.5665
1993,11,2,3,211,-5.4111
1993,11,2,4,240,-0.2617
1993,11,2,5,164,-4.5032
1993,11,3,1,125,2.4727
1993,11,3,2,224,-0.5962
1993,11,3,3,210,-0.8411
1993,11,3,4,149,0.0740
1993,11,3,5,95,-1.5092
1993,12,1,1,250,1.3177
1993,12,1,2,865,0.8620
1993,12,1,3,785,-1.0346
1993,12,1,4,519,2.5995
1993,12,1,5,717,1.2691
1993,12,2,1,91,5.3971
1993,12,2,2,244,1.5787
1993,12,2,3,266,5.0264
1993,12,2,4,151,6.0346
1993,12,2,5,175,6.2573
1993,12,3,1,122,4.0895
1993,12,3,2,236,0.6177
1993,12,3,3,214,3.0769
1993,12,3,4,123,4.0496
1993,12,3,5,107,5.1278
1994,1,1,1,208,1.7455
1994,1,1,2,751,5.8574
1994,1,1,3,938,3.9731
1994,1,1,4,551,6.3393
1994,1,1,5,728,4.2980
1994,1,2,1,72,3.0134
1994,1,2,2,230,5.4785
1994,1,2,3,306,1.9392
1994,1,2,4,169,3.2704
1994,1,2,5,173,2.8863
1994,1,3,1,106,2.7852
1994,1,3,2,227,4.9712
1994,1,3,3,246,2.2559
1994,1,3,4,118,3.8405
1994,1,3,5,113,3.6040
1994,2,1,1,219,-2.0528
1994,2,1,2,365,-1.0256
1994,2,1,3,987,-1.5910
1994,2,1,4,742,-0.2419
1994,2,1,5,876,1.3610
1994,2,2,1,122,-1.1175
1994,2,2,2,102,1.2222
1994,2,2,3,283,-1.7821
1994,2,2,4,209,-0.3060
1994,2,2,5,242,0.2554
1994,2,3,1,169,-1.5304
1994,2,3,2,99,-0.2131
1994,2,3,3,227,-2.6642
1994,2,3,4,162,-1.7526
1994,2,3,5,152,1.9401
1994,3,1,1,265,-6.9033
1994,3,1,2,445,-6.4058
1994,3,1,3,1082,-5.1474
1994,3,1,4,673,-4.8259
1994,3,1,5,715,-5.5630
1994,3,2,1,134,-5.1712
1994,3,2,2,146,-7.1175
1994,3,2,3,306,-7.9719
1994,3,2,4,204,-5.5560
1994,3,2,5,212,-5.4625
1994,3,3,1,166,-4.2842
1994,3,3,2,134,-3.0557
1994,3,3,3,213,-6.3333
1994,3,3,4,159,-5.1986
1994,3,3,5,141,-4.2314
1994,4,1,1,284,-1.0899
1994,4,1,2,644,-2.5448
1994,4,1,3,797,-3.7280
1994,4,1,4,869,-1.8995
1994,4,1,5,653,-0.6954
1994,4,2,1,154,-2.5864
1994,4,2,2,163,2.4099
1994,4,2,3,219,-1.9188
1994,4,2,4,258,-0.5974
1994,4,2,5,193,-2.8245
1994,4,3,1,167,0.6335
1994,4,3,2,159,-0.1963
1994,4,3,3,185,0.6566
1994,4,3,4,158,0.5247
1994,4,3,5,145,-0.7219
1994,5,1,1,196,-0.0015
1994,5,1,2,566,-0.0117
1994,5,1,3,967,-2.1551
1994,5,1,4,861,-1.2766
1994,5,1,5,700,-0.2398
1994,5,2,1,64,-3.7485
1994,5,2,2,196,-1.1051
1994,5,2,3,251,-2.0619
1994,5,2,4,243,-2.4480
1994,5,2,5,213,-3.3834
1994,5,3,1,70,-0.2611
1994,5,3,2,227,2.2659
1994,5,3,3,201,1.0769
1994,5,3,4,174,1.2138
1994,5,3,5,145,-0.1304
1994,6,1,1,304,-2.2683
1994,6,1,2,541,-4.3333
1994,6,1,3,483,-5.2981
1994,6,1,4,1106,-3.0710
1994,6,1,5,895,-6.5324
1994,6,2,1,91,2.0516
1994,6,2,2,206,-1.6159
1994,6,2,3,136,-3.2041
1994,6,2,4,288,-2.4614
1994,6,2,5,249,-4.2131
1994,6,3,1,71,-3.8527
1994,6,3,2,265,-2.1131
1994,6,3,3,99,-2.0696
1994,6,3,4,242,-2.1449
1994,6,3,5,150,-3.7259
1994,7,1,1,327,1.2067
1994,7,1,2,658,-0.0755
1994,7,1,3,720,1.5310
1994,7,1,4,1029,1.0611
1994,7,1,5,658,2.0344
1994,7,2,1,102,-2.1451
1994,7,2,2,200,1.8800
1994,7,2,3,209,3.1555
1994,7,2,4,234,3.0983
1994,7,2,5,177,3.1288
1994,7,3,1,97,3.4520
1994,7,3,2,283,2.5621
1994,7,3,3,174,0.9303
1994,7,3,4,143,4.1112
1994,7,3,5,122,2.8557
1994,8,1,1,361,2.8255
1994,8,1,2,562,2.7764
1994,8,1,3,792,3.1148
1994,8,1,4,1117,6.3601
1994,8,1,5,561,1.7152
1994,8,2,1,148,3.2885
1994,8,2,2,153,8.0410
1994,8,2,3,234,6.0863
1994,8,2,4,232,9.2661
1994,8,2,5,156,6.2253
1994,8,3,1,217,5.5744
1994,8,3,2,101,5.0715
1994,8,3,3,215,3.9340
1994,8,3,4,171,6.9464
1994,8,3,5,120,2.5987
1994,9,1,1,490,2.3217
1994,9,1,2,495,0.4049
1994,9,1,3,864,0.6650
1994,9,1,4,870,1.4860
1994,9,1,5,673,1.1010
1994,9,2,1,156,-0.9661
1994,9,2,2,172,-2.8221
1994,9,2,3,250,-1.5819
1994,9,2,4,195,2.6569
1994,9,2,5,167,1.1145
1994,9,3,1,193,0.0281
1994,9,3,2,149,-3.6956
1994,9,3,3,202,-1.8338
1994,9,3,4,152,-1.3053
1994,9,3,5,128,-2.9641
1994,10,1,1,545,-1.3412
1994,10,1,2,467,-1.5463
1994,10,1,3,895,0.4392
1994,10,1,4,915,2.7373
1994,10,1,5,574,13.4293
1994,10,2,1,179,-2.4694
1994,10,2,2,173,-0.9520
1994,10,2,3,232,-0.9866
1994,10,2,4,208,1.6611
1994,10,2,5,149,-0.5471
1994,10,3,1,201,1.1139
1994,10,3,2,179,-0.3604
1994,10,3,3,174,-0.1509
1994,10,3,4,152,2.5519
1994,10,3,5,125,1.8776
1994,11,1,1,304,-6.2951
1994,11,1,2,630,-5.1756
1994,11,1,3,944,-5.3276
1994,11,1,4,832,-2.3835
1994,11,1,5,688,-3.8854
1994,11,2,1,128,-6.2120
1994,11,2,2,169,-3.5292
1994,11,2,3,243,-1.8774
1994,11,2,4,231,-3.5039
1994,11,2,5,180,-4.3558
1994,11,3,1,167,-5.4350
1994,11,3,2,158,-2.7444
1994,11,3,3,166,-3.9547
1994,11,3,4,181,-4.2906
1994,11,3,5,163,-4.6387
1994,12,1,1,421,-2.4315
1994,12,1,2,543,-1.4824
1994,12,1,3,819,-1.2906
1994,12,1,4,1016,-1.2010
1994,12,1,5,592,-0.2468
1994,12,2,1,114,1.6036
1994,12,2,2,208,-0.3076
1994,12,2,3,246,2.1422
1994,12,2,4,235,2.7764
1994,12,2,5,173,4.0257
1994,12,3,1,86,3.7206
1994,12,3,2,240,0.9609
1994,12,3,3,181,1.7267
1994,12,3,4,170,1.8269
1994,12,3,5,168,2.8350
1995,1,1,1,417,1.4080
1995,1,1,2,767,0.5502
1995,1,1,3,628,-2.9833
1995,1,1,4,1056,3.1713
1995,1,1,5,513,1.5159
1995,1,2,1,120,-3.7161
1995,1,2,2,269,-0.0640
1995,1,2,3,169,-1.8983
1995,1,2,4,254,-0.9675
1995,1,2,5,170,-1.9138
1995,1,3,1,82,1.6877
1995,1,3,2,290,4.4629
1995,1,3,3,120,0.6550
1995,1,3,4,194,2.2010
1995,1,3,5,168,-0.8239
1995,2,1,1,587,-0.2753
1995,2,1,2,623,3.5881
1995,2,1,3,811,1.2082
1995,2,1,4,828,2.9226
1995,2,1,5,556,3.8604
1995,2,2,1,217,3.9389
1995,2,2,2,162,1.2218
1995,2,2,3,193,2.7601
1995,2,2,4,214,2.4450
1995,2,2,5,168,2.7856
1995,2,3,1,221,4.2651
1995,2,3,2,182,2.3643
1995,2,3,3,111,5.1025
1995,2,3,4,181,5.3437
1995,2,3,5,159,4.8892
1995,3,1,1,531,-0.6346
1995,3,1,2,802,3.3407
1995,3,1,3,1022,1.7539
1995,3,1,4,451,0.4161
1995,3,1,5,617,2.4344
1995,3,2,1,192,1.9288
1995,3,2,2,199,6.2065
1995,3,2,3,239,2.5720
1995,3,2,4,120,1.1590
1995,3,2,5,190,3.2205
1995,3,3,1,196,1.3157
1995,3,3,2,189,5.1326
1995,3,3,3,180,3.9315
1995,3,3,4,135,5.3064
1995,3,3,5,159,3.4603
1995,4,1,1,520,-0.2867
1995,4,1,2,669,2.5598
1995,4,1,3,1013,5.4536
1995,4,1,4,570,2.5540
1995,4,1,5,609,6.1351
1995,4,2,1,199,2.5777
1995,4,2,2,180,2.2649
1995,4,2,3,252,0.8262
1995,4,2,4,150,2.3704
1995,4,2,5,195,3.3505
1995,4,3,1,198,2.5782
1995,4,3,2,150,1.1783
1995,4,3,3,206,0.5800
1995,4,3,4,154,2.1269
1995,4,3,5,165,1.4304
1995,5,1,1,285,7.2942
1995,5,1,2,505,-0.1741
1995,5,1,3,979,0.8169
1995,5,1,4,931,1.4167
1995,5,1,5,673,1.9670
1995,5,2,1,130,1.9694
1995,5,2,2,162,0.7308
1995,5,2,3,226,0.8744
1995,5,2,4,264,0.8262
1995,5,2,5,217,3.6334
1995,5,3,1,172,3.0473
1995,5,3,2,125,0.8174
1995,5,3,3,175,1.8842
1995,5,3,4,192,1.8241
1995,5,3,5,205,4.0414
1995,6,1,1,299,5.8802
1995,6,1,2,642,-0.2057
1995,6,1,3,731,6.3630
1995,6,1,4,980,6.5303
1995,6,1,5,727,4.5133
1995,6,2,1,138,4.0322
1995,6,2,2,186,2.1378
1995,6,2,3,174,6.6583
1995,6,2,4,249,7.9607
1995,6,2,5,243,5.6807
1995,6,3,1,200,1.1775
1995,6,3,2,120,1.7143
1995,6,3,3,163,3.4412
1995,6,3,4,186,4.0124
1995,6,3,5,201,3.7444
1995,7,1,1,544,2.0667
1995,7,1,2,476,4.9009
1995,7,1,3,702,4.5399
1995,7,1,4,933,6.1824
1995,7,1,5,620,5.6558
1995,7,2,1,220,1.1140
1995,7,2,2,155,6.2881
1995,7,2,3,181,8.0758
1995,7,2,4,280,7.3685
1995,7,2,5,219,7.0452
1995,7,3,1,256,2.8764
1995,7,3,2,111,3.6750
1995,7,3,3,155,3.9219
1995,7,3,4,187,4.3445
1995,7,3,5,190,4.4609
1995,8,1,1,357,0.6433
1995,8,1,2,629,0.5924
1995,8,1,3,899,4.9997
1995,8,1,4,659,3.2839
1995,8,1,5,718,3.9779
1995,8,2,1,90,1.5507
1995,8,2,2,254,0.3579
1995,8,2,3,302,1.6179
1995,8,2,4,198,-0.2330
1995,8,2,5,242,1.8679
1995,8,3,1,67,-0.0759
1995,8,3,2,248,0.4019
1995,8,3,3,217,2.2317
1995,8,3,4,177,-0.3333
1995,8,3,5,191,-0.9182
1995,9,1,1,459,2.9070
1995,9,1,2,297,1.3433
1995,9,1,3,1021,0.6899
1995,9,1,4,770,3.4374
1995,9,1,5,706,1.1132
1995,9,2,1,113,-1.4129
1995,9,2,2,165,2.2093
1995,9,2,3,351,1.8119
1995,9,2,4,232,2.6002
1995,9,2,5,257,1.3996
1995,9,3,1,107,1.4149
1995,9,3,2,175,1.6266
1995,9,3,3,223,2.5893
1995,9,3,4,211,3.4292
1995,9,3,5,191,1.5361
1995,10,1,1,300,-7.6318
1995,10,1,2,514,-6.1686
1995,10,1,3,877,-6.0274
1995,10,1,4,816,-6.7191
1995,10,1,5,754,-5.2737
1995,10,2,1,78,-5.4939
1995,10,2,2,207,-8.2507
1995,10,2,3,322,-6.7285
1995,10,2,4,252,-5.8137
1995,10,2,5,253,-6.5122
1995,10,3,1,61,-2.3031
1995,10,3,2,228,-0.4002
1995,10,3,3,232,0.1605
1995,10,3,4,208,-0.1937
1995,10,3,5,188,-1.7968
1995,11,1,1,432,-1.1207
1995,11,1,2,421,-0.8964
1995,11,1,3,837,2.4914
1995,11,1,4,807,-0.6080
1995,11,1,5,772,0.3897
1995,11,2,1,120,5.8974
1995,11,2,2,179,5.6122
1995,11,2,3,276,4.0974
1995,11,2,4,275,3.5159
1995,11,2,5,277,0.9495
1995,11,3,1,115,7.7094
1995,11,3,2,129,6.7490
1995,11,3,3,234,4.1093
1995,11,3,4,246,5.3156
1995,11,3,5,198,5.1669
1995,12,1,1,444,-1.3885
1995,12,1,2,439,-1.0985
1995,12,1,3,938,1.9391
1995,12,1,4,689,1.1629
1995,12,1,5,790,-0.4080
1995,12,2,1,136,2.4157
1995,12,2,2,143,1.0889
1995,12,2,3,338,3.1474
1995,12,2,4,230,3.9945
1995,12,2,5,273,-0.3746
1995,12,3,1,128,2.3631
1995,12,3,2,145,2.8779
1995,12,3,3,235,0.1040
1995,12,3,4,225,1.8913
1995,12,3,5,201,-1.2324
1996,1,1,1,392,2.3128
1996,1,1,2,628,1.6300
1996,1,1,3,818,0.6006
1996,1,1,4,678,8.3359
1996,1,1,5,821,3.9256
1996,1,2,1,135,4.8151
1996,1,2,2,224,0.5722
1996,1,2,3,221,-2.1582
1996,1,2,4,269,2.7286
1996,1,2,5,286,-0.2036
1996,1,3,1,154,5.7666
1996,1,3,2,159,2.0229
1996,1,3,3,192,2.7448
1996,1,3,4,232,1.8986
1996,1,3,5,203,1.8910
1996,2,1,1,607,4.1663
1996,2,1,2,412,5.1672
1996,2,1,3,736,2.9028
1996,2,1,4,592,4.8908
1996,2,1,5,1000,3.3448
1996,2,2,1,241,6.9199
1996,2,2,2,121,2.9057
1996,2,2,3,275,4.8385
1996,2,2,4,177,6.6481
1996,2,2,5,312,2.1984
1996,2,3,1,184,2.5733
1996,2,3,2,119,0.5660
1996,2,3,3,310,3.3054
1996,2,3,4,107,1.8517
1996,2,3,5,220,1.0531
1996,3,1,1,395,2.4444
1996,3,1,2,521,3.5562
1996,3,1,3,693,2.9633
1996,3,1,4,584,3.4612
1996,3,1,5,1165,1.7155
1996,3,2,1,132,1.5109
1996,3,2,2,206,3.3526
1996,3,2,3,255,4.8963
1996,3,2,4,193,0.3166
1996,3,2,5,366,0.9354
1996,3,3,1,143,0.2725
1996,3,3,2,130,3.8458
1996,3,3,3,296,1.2902
1996,3,3,4,157,1.1880
1996,3,3,5,211,1.7984
1996,4,1,1,374,4.4055
1996,4,1,2,440,7.7302
1996,4,1,3,823,7.5973
1996,4,1,4,790,8.7503
1996,4,1,5,997,10.9418
1996,4,2,1,118,-0.0367
1996,4,2,2,134,6.6294
1996,4,2,3,319,7.5970
1996,4,2,4,251,5.6079
1996,4,2,5,313,9.5774
1996,4,3,1,123,1.1244
1996,4,3,2,128,1.1836
1996,4,3,3,341,2.0747
1996,4,3,4,165,2.3913
1996,4,3,5,186,5.2287
1996,5,1,1,268,9.1948
1996,5,1,2,661,7.5291
1996,5,1,3,632,7.2317
1996,5,1,4,1124,9.1040
1996,5,1,5,700,7.0374
1996,5,2,1,108,6.2705
1996,5,2,2,212,4.9135
1996,5,2,3,240,4.5626
1996,5,2,4,390,5.1459
1996,5,2,5,234,6.3156
1996,5,3,1,123,1.6786
1996,5,3,2,169,2.6724
1996,5,3,3,275,1.7615
1996,5,3,4,248,3.4664
1996,5,3,5,160,2.8183
1996,6,1,1,302,-4.2833
1996,6,1,2,677,-7.4449
1996,6,1,3,617,-5.1224
1996,6,1,4,1092,-6.2626
1996,6,1,5,709,-3.9982
1996,6,2,1,89,-2.6156
1996,6,2,2,288,-5.6888
1996,6,2,3,243,-2.6764
1996,6,2,4,372,-2.6136
1996,6,2,5,245,-7.0073
1996,6,3,1,113,-1.2997
1996,6,3,2,265,-1.7258
1996,6,3,3,162,-1.0226
1996,6,3,4,274,0.8782
1996,6,3,5,156,-1.3816
1996,7,1,1,363,-8.8030
1996,7,1,2,603,-9.9570
1996,7,1,3,570,-7.6370
1996,7,1,4,863,-12.0703
1996,7,1,5,1037,-7.9054
1996,7,2,1,106,-6.3826
1996,7,2,2,227,-7.2432
1996,7,2,3,288,-10.2129
1996,7,2,4,265,-9.9182
1996,7,2,5,354,-9.1503
1996,7,3,1,123,-6.0952
1996,7,3,2,153,-4.4378
1996,7,3,3,264,-4.0899
1996,7,3,4,187,-4.2774
1996,7,3,5,234,-6.5455
1996,8,1,1,361,2.4340
1996,8,1,2,888,5.2863
1996,8,1,3,942,4.1938
1996,8,1,4,945,3.8253
1996,8,1,5,363,2.8875
1996,8,2,1,114,2.5838
1996,8,2,2,432,7.2886
1996,8,2,3,277,9.2480
1996,8,2,4,308,7.2970
1996,8,2,5,96,4.1382
1996,8,3,1,146,2.3613
1996,8,3,2,309,3.4078
1996,8,3,3,172,0.9874
1996,8,3,4,241,4.9683
1996,8,3,5,67,3.9229
1996,9,1,1,366,4.4817
1996,9,1,2,1232,3.4994
1996,9,1,3,931,0.4788
1996,9,1,4,607,1.5695
1996,9,1,5,404,1.0959
1996,9,2,1,108,1.9427
1996,9,2,2,433,6.5373
1996,9,2,3,326,3.2935
1996,9,2,4,235,2.9189
1996,9,2,5,98,4.2210
1996,9,3,1,145,3.3920
1996,9,3,2,324,6.6246
1996,9,3,3,248,5.6237
1996,9,3,4,161,5.3292
1996,9,3,5,73,4.8070
1996,10,1,1,433,-2.0918
1996,10,1,2,1215,-4.8348
1996,10,1,3,714,-0.8041
1996,10,1,4,777,-2.6950
1996,10,1,5,395,-2.4358
1996,10,2,1,118,0.1236
1996,10,2,2,447,-3.2580
1996,10,2,3,262,-2.1693
1996,10,2,4,258,0.1654
1996,10,2,5,116,-4.3956
1996,10,3,1,149,1.3884
1996,10,3,2,355,0.1673
1996,10,3,3,162,0.9715
1996,10,3,4,233,0.1364
1996,10,3,5,81,-1.5273
1996,11,1,1,785,0.6705
1996,11,1,2,453,1.6812
1996,11,1,3,1043,1.8970
1996,11,1,4,903,0.4444
1996,11,1,5,455,1.3651
1996,11,2,1,289,3.8252
1996,11,2,2,159,4.7131
1996,11,2,3,321,2.9552
1996,11,2,4,249,4.3522
1996,11,2,5,150,2.5311
1996,11,3,1,260,7.1013
1996,11,3,2,165,6.1648
1996,11,3,3,207,6.4858
1996,11,3,4,254,4.9657
1996,11,3,5,93,5.6161
1996,12,1,1,725,-0.4307
1996,12,1,2,560,0.2416
1996,12,1,3,952,-1.3364
1996,12,1,4,930,0.5509
1996,12,1,5,497,2.8108
1996,12,2,1,280,3.1037
1996,12,2,2,203,1.9279
1996,12,2,3,271,0.6221
1996,12,2,4,274,3.6960
1996,12,2,5,159,1.6483
1996,12,3,1,255,-1.8613
1996,12,3,2,190,-1.0904
1996,12,3,3,213,-2.9731
1996,12,3,4,231,-0.2633
1996,12,3,5,93,1.0717
1997,1,1,1,855,3.6184
1997,1,1,2,432,6.6679
1997,1,1,3,1300,6.1486
1997,1,1,4,577,5.4023
1997,1,1,5,495,5.0641
1997,1,2,1,319,3.3401
1997,1,2,2,137,6.1620
1997,1,2,3,397,3.1334
1997,1,2,4,178,1.3749
1997,1,2,5,155,4.0505
1997,1,3,1,310,3.9843
1997,1,3,2,123,5.8134
1997,1,3,3,281,3.2418
1997,1,3,4,160,4.8803
1997,1,3,5,128,3.7440
1997,2,1,1,550,2.3769
1997,2,1,2,890,-1.8378
1997,2,1,3,560,0.0346
1997,2,1,4,1250,-3.8445
1997,2,1,5,417,0.4455
1997,2,2,1,159,-0.9422
1997,2,2,2,336,-1.7097
1997,2,2,3,172,0.2313
1997,2,2,4,388,-5.5189
1997,2,2,5,118,-3.0766
1997,2,3,1,155,1.9020
1997,2,3,2,327,-0.3004
1997,2,3,3,145,2.9571
1997,2,3,4,281,-1.1231
1997,2,3,5,94,0.0071
1997,3,1,1,446,-5.9803
1997,3,1,2,633,-4.4288
1997,3,1,3,1009,-5.2409
1997,3,1,4,1223,-5.9809
1997,3,1,5,428,-3.4581
1997,3,2,1,131,-4.2052
1997,3,2,2,236,-4.9406
1997,3,2,3,314,-4.7964
1997,3,2,4,338,-5.4811
1997,3,2,5,115,-2.9647
1997,3,3,1,137,-6.4344
1997,3,3,2,248,-3.6805
1997,3,3,3,199,-4.6586
1997,3,3,4,314,-2.7929
1997,3,3,5,94,-4.0882
1997,4,1,1,444,-4.9702
1997,4,1,2,937,-3.0154
1997,4,1,3,1019,-5.6537
1997,4,1,4,945,-3.8160
1997,4,1,5,396,-2.4126
1997,4,2,1,140,-3.7710
1997,4,2,2,339,-0.9329
1997,4,2,3,293,-1.1520
1997,4,2,4,281,0.3446
1997,4,2,5,91,0.7231
1997,4,3,1,130,1.7814
1997,4,3,2,278,6.7011
1997,4,3,3,225,3.6743
1997,4,3,4,256,3.7045
1997,4,3,5,91,2.7386
1997,5,1,1,384,9.8310
1997,5,1,2,1100,11.9841
1997,5,1,3,1055,11.3024
1997,5,1,4,776,6.9752
1997,5,1,5,471,9.7943
1997,5,2,1,123,12.4149
1997,5,2,2,327,13.5736
1997,5,2,3,332,15.1143
1997,5,2,4,207,11.6828
1997,5,2,5,122,14.2171
1997,5,3,1,170,4.0498
1997,5,3,2,269,6.8481
1997,5,3,3,245,6.9838
1997,5,3,4,201,6.5559
1997,5,3,5,93,6.1177
1997,6,1,1,385,0.8453
1997,6,1,2,1150,3.8271
1997,6,1,3,1119,3.2753
1997,6,1,4,612,3.7867
1997,6,1,5,499,4.4220
1997,6,2,1,124,5.6737
1997,6,2,2,331,4.6532
1997,6,2,3,330,4.7256
1997,6,2,4,206,5.8191
1997,6,2,5,122,6.8088
1997,6,3,1,166,3.8729
1997,6,3,2,279,4.6288
1997,6,3,3,301,3.4174
1997,6,3,4,162,3.9399
1997,6,3,5,96,2.4210
1997,7,1,1,473,4.0935
1997,7,1,2,1288,4.7749
1997,7,1,3,868,5.4755
1997,7,1,4,724,4.6329
1997,7,1,5,383,5.2738
1997,7,2,1,164,4.6860
1997,7,2,2,370,6.3035
1997,7,2,3,274,6.6005
1997,7,2,4,200,3.1902
1997,7,2,5,100,3.2049
1997,7,3,1,211,6.9898
1997,7,3,2,293,9.2936
1997,7,3,3,235,8.5579
1997,7,3,4,200,2.7589
1997,7,3,5,77,4.8142
1997,8,1,1,294,2.5906
1997,8,1,2,921,4.5453
1997,8,1,3,1170,4.1587
1997,8,1,4,796,3.7786
1997,8,1,5,568,1.6773
1997,8,2,1,115,4.3392
1997,8,2,2,286,4.6516
1997,8,2,3,288,3.2312
1997,8,2,4,256,4.4086
1997,8,2,5,166,2.5819
1997,8,3,1,150,-4.0210
1997,8,3,2,288,-2.9704
1997,8,3,3,280,-3.1695
1997,8,3,4,191,-2.0107
1997,8,3,5,107,-6.3605
1997,9,1,1,283,6.4660
1997,9,1,2,1138,9.2609
1997,9,1,3,975,8.7985
1997,9,1,4,796,7.8832
1997,9,1,5,574,10.0663
1997,9,2,1,124,4.3218
1997,9,2,2,295,8.8224
1997,9,2,3,252,8.3769
1997,9,2,4,245,6.2526
1997,9,2,5,181,9.6706
1997,9,3,1,185,2.8624
1997,9,3,2,331,4.7428
1997,9,3,3,196,4.2502
1997,9,3,4,178,4.6454
1997,9,3,5,116,4.4884
1997,10,1,1,608,-4.0191
1997,10,1,2,743,-2.0353
1997,10,1,3,857,-4.2655
1997,10,1,4,959,-5.1567
1997,10,1,5,570,-2.1253
1997,10,2,1,218,-5.7718
1997,10,2,2,211,-4.7852
1997,10,2,3,245,-4.4618
1997,10,2,4,279,-3.2906
1997,10,2,5,169,-3.4073
1997,10,3,1,236,-3.3320
1997,10,3,2,278,-4.2044
1997,10,3,3,186,-7.7791
1997,10,3,4,206,-5.2688
1997,10,3,5,102,-6.0763
1997,11,1,1,377,-8.4299
1997,11,1,2,678,-1.0068
1997,11,1,3,1091,-2.8865
1997,11,1,4,877,-3.3429
1997,11,1,5,727,-1.4951
1997,11,2,1,108,-7.7436
1997,11,2,2,220,-2.1954
1997,11,2,3,309,-0.6594
1997,11,2,4,270,-0.6877
1997,11,2,5,228,-1.6743
1997,11,3,1,95,2.3958
1997,11,3,2,308,2.8158
1997,11,3,3,244,4.3107
1997,11,3,4,223,-0.1672
1997,11,3,5,133,4.0760
1997,12,1,1,244,-1.7486
1997,12,1,2,678,-2.6218
1997,12,1,3,1309,-4.4610
1997,12,1,4,884,-4.4175
1997,12,1,5,667,-0.8051
1997,12,2,1,88,-1.8741
1997,12,2,2,207,2.3596
1997,12,2,3,378,0.0129
1997,12,2,4,255,-1.0482
1997,12,2,5,195,1.3827
1997,12,3,1,98,0.8468
1997,12,3,2,281,3.4182
1997,12,3,3,294,0.5530
1997,12,3,4,210,-0.3198
1997,12,3,5,123,2.7973
1998,1,1,1,195,-1.6161
1998,1,1,2,721,0.6807
1998,1,1,3,987,-1.2020
1998,1,1,4,1229,-0.7474
1998,1,1,5,638,-1.0667
1998,1,2,1,70,-3.9680
1998,1,2,2,217,-1.5357
1998,1,2,3,258,-0.7316
1998,1,2,4,391,0.1924
1998,1,2,5,177,-1.5398
1998,1,3,1,82,-2.8994
1998,1,3,2,301,0.8541
1998,1,3,3,204,0.0796
1998,1,3,4,301,0.7297
1998,1,3,5,117,-0.4910
1998,2,1,1,262,5.6192
1998,2,1,2,646,3.8844
1998,2,1,3,829,7.2513
1998,2,1,4,1490,6.8723
1998,2,1,5,526,5.9978
1998,2,2,1,127,8.5873
1998,2,2,2,159,7.6162
1998,2,2,3,215,7.9187
1998,2,2,4,444,10.7762
1998,2,2,5,163,7.3831
1998,2,3,1,190,6.7210
1998,2,3,2,187,5.9768
1998,2,3,3,161,5.7210
1998,2,3,4,296,9.2918
1998,2,3,5,166,8.7191
1998,3,1,1,396,1.7229
1998,3,1,2,873,5.8875
1998,3,1,3,747,3.4930
1998,3,1,4,1192,5.6595
1998,3,1,5,525,4.4086
1998,3,2,1,121,1.5989
1998,3,2,2,213,4.1695
1998,3,2,3,253,3.3337
1998,3,2,4,348,4.7862
1998,3,2,5,165,6.4656
1998,3,3,1,145,4.2166
1998,3,3,2,245,5.1828
1998,3,3,3,242,4.9108
1998,3,3,4,239,3.8162
1998,3,3,5,153,4.1086
1998,4,1,1,501,0.6591
1998,4,1,2,828,1.5141
1998,4,1,3,751,0.1886
1998,4,1,4,1023,1.9729
1998,4,1,5,605,4.1894
1998,4,2,1,151,1.3750
1998,4,2,2,209,-0.2950
1998,4,2,3,222,0.5763
1998,4,2,4,347,1.8072
1998,4,2,5,164,0.9301
1998,4,3,1,164,0.2783
1998,4,3,2,235,1.0375
1998,4,3,3,221,3.5040
1998,4,3,4,240,0.2898
1998,4,3,5,173,-2.4245
1998,5,1,1,480,-9.7659
1998,5,1,2,926,-5.1424
1998,5,1,3,853,-5.3585
1998,5,1,4,661,-4.5609
1998,5,1,5,764,-3.9570
1998,5,2,1,173,-6.7052
1998,5,2,2,222,-5.1641
1998,5,2,3,280,-4.0740
1998,5,2,4,194,-5.3146
1998,5,2,5,234,-3.3656
1998,5,3,1,257,-3.9267
1998,5,3,2,178,-4.4641
1998,5,3,3,243,-3.0446
1998,5,3,4,159,0.0473
1998,5,3,5,199,-2.2359
1998,6,1,1,357,-4.4445
1998,6,1,2,830,-2.2256
1998,6,1,3,1162,-4.7862
1998,6,1,4,552,-3.7855
1998,6,1,5,807,-2.4764
1998,6,2,1,121,-1.8685
1998,6,2,2,225,-1.5698
1998,6,2,3,318,-1.8830
1998,6,2,4,175,-2.7916
1998,6,2,5,260,-0.7941
1998,6,3,1,192,1.6729
1998,6,3,2,222,0.5536
1998,6,3,3,239,2.8794
1998,6,3,4,169,-0.9053
1998,6,3,5,199,0.7449
1998,7,1,1,336,-10.6145
1998,7,1,2,677,-7.0963
1998,7,1,3,867,-7.4316
1998,7,1,4,1065,-7.2404
1998,7,1,5,630,-6.3109
1998,7,2,1,122,-9.8256
1998,7,2,2,197,-6.5896
1998,7,2,3,225,-8.8491
1998,7,2,4,365,-6.5466
1998,7,2,5,200,-6.9546
1998,7,3,1,185,-7.2953
1998,7,3,2,203,-1.5789
1998,7,3,3,181,-5.7001
1998,7,3,4,334,-3.9242
1998,7,3,5,141,-1.8381
1998,8,1,1,689,-21.1148
1998,8,1,2,614,-17.5775
1998,8,1,3,616,-19.4584
1998,8,1,4,1031,-23.4096
1998,8,1,5,634,-18.2439
1998,8,2,1,136,-14.5559
1998,8,2,2,221,-16.1240
1998,8,2,3,202,-19.9183
1998,8,2,4,309,-22.6682
1998,8,2,5,212,-17.9834
1998,8,3,1,130,-12.3815
1998,8,3,2,252,-13.5513
1998,8,3,3,209,-17.5415
1998,8,3,4,292,-16.2795
1998,8,3,5,168,-16.9352
1998,9,1,1,716,2.2833
1998,9,1,2,651,5.8375
1998,9,1,3,451,0.2089
1998,9,1,4,935,9.4931
1998,9,1,5,858,3.6158
1998,9,2,1,176,4.5191
1998,9,2,2,180,6.9928
1998,9,2,3,185,4.3583
1998,9,2,4,261,18.3840
1998,9,2,5,255,3.3431
1998,9,3,1,217,1.8168
1998,9,3,2,161,6.4368
1998,9,3,3,205,2.3032
1998,9,3,4,208,12.5504
1998,9,3,5,227,1.2701
1998,10,1,1,804,5.3715
1998,10,1,2,440,6.4794
1998,10,1,3,514,3.3050
1998,10,1,4,990,3.3386
1998,10,1,5,775,4.8660
1998,10,2,1,171,3.7239
1998,10,2,2,159,4.8231
1998,10,2,3,195,4.8003
1998,10,2,4,271,4.2944
1998,10,2,5,261,4.4311
1998,10,3,1,166,9.3483
1998,10,3,2,226,8.9211
1998,10,3,3,216,9.9948
1998,10,3,4,213,8.5953
1998,10,3,5,228,11.9817
1998,11,1,1,750,2.3826
1998,11,1,2,580,8.8387
1998,11,1,3,754,6.7604
1998,11,1,4,907,5.9416
1998,11,1,5,437,4.4258
1998,11,2,1,208,3.5810
1998,11,2,2,195,5.3781
1998,11,2,3,240,4.8914
1998,11,2,4,301,4.6561
1998,11,2,5,138,6.8217
1998,11,3,1,173,3.9465
1998,11,3,2,191,4.6106
1998,11,3,3,246,4.9081
1998,11,3,4,273,4.8364
1998,11,3,5,162,6.9909
1998,12,1,1,550,-2.9491
1998,12,1,2,707,-3.2314
1998,12,1,3,822,5.4938
1998,12,1,4,1006,2.2360
1998,12,1,5,274,-0.0658
1998,12,2,1,162,1.4765
1998,12,2,2,216,2.9581
1998,12,2,3,247,5.1735
1998,12,2,4,395,7.3570
1998,12,2,5,83,5.1620
1998,12,3,1,134,-2.0130
1998,12,3,2,223,3.9333
1998,12,3,3,225,2.2475
1998,12,3,4,400,7.6885
1998,12,3,5,77,2.9189
1999,1,1,1,619,4.5923
1999,1,1,2,853,6.5549
1999,1,1,3,566,3.4322
1999,1,1,4,971,5.0722
1999,1,1,5,288,4.1341
1999,1,2,1,179,1.2753
1999,1,2,2,294,-0.7930
1999,1,2,3,155,-2.3359
1999,1,2,4,353,0.7808
1999,1,2,5,108,-1.9856
1999,1,3,1,139,0.4744
1999,1,3,2,288,4.1131
1999,1,3,3,164,-2.5803
1999,1,3,4,415,1.1165
1999,1,3,5,87,1.1296
1999,2,1,1,369,-7.2984
1999,2,1,2,485,-5.9778
1999,2,1,3,1021,-5.1608
1999,2,1,4,1055,-5.4426
1999,2,1,5,257,-7.9672
1999,2,2,1,104,-6.9619
1999,2,2,2,213,-9.2599
1999,2,2,3,332,-7.6885
1999,2,2,4,358,-7.1597
1999,2,2,5,105,-9.2613
1999,2,3,1,91,-4.1998
1999,2,3,2,254,-3.0904
1999,2,3,3,322,-8.0932
1999,2,3,4,354,-2.2868
1999,2,3,5,102,-1.9739
1999,3,1,1,251,-1.4704
1999,3,1,2,843,-2.9926
1999,3,1,3,760,-3.5724
1999,3,1,4,871,-4.9654
1999,3,1,5,451,-3.7923
1999,3,2,1,103,1.0260
1999,3,2,2,280,1.1638
1999,3,2,3,226,-3.6387
1999,3,2,4,335,1.9874
1999,3,2,5,163,1.1639
1999,3,3,1,106,5.0498
1999,3,3,2,315,0.4555
1999,3,3,3,189,2.1540
1999,3,3,4,318,2.4256
1999,3,3,5,181,3.4576
1999,4,1,1,280,10.2625
1999,4,1,2,610,6.9786
1999,4,1,3,834,13.4034
1999,4,1,4,945,9.2662
1999,4,1,5,448,9.8365
1999,4,2,1,105,13.9282
1999,4,2,2,239,11.2148
1999,4,2,3,272,11.5095
1999,4,2,4,340,6.4808
1999,4,2,5,161,8.9079
1999,4,3,1,109,15.1603
1999,4,3,2,247,9.8922
1999,4,3,3,253,10.1519
1999,4,3,4,315,4.6530
1999,4,3,5,177,9.1664
1999,5,1,1,408,3.4980
1999,5,1,2,652,2.6895
1999,5,1,3,649,4.7089
1999,5,1,4,1084,3.5753
1999,5,1,5,339,4.4181
1999,5,2,1,156,2.5548
1999,5,2,2,185,3.0014
1999,5,2,3,261,5.7022
1999,5,2,4,386,3.9398
1999,5,2,5,116,3.5697
1999,5,3,1,149,-7.2072
1999,5,3,2,184,-1.1240
1999,5,3,3,290,-2.0943
1999,5,3,4,364,-1.4797
1999,5,3,5,91,-2.4050
1999,6,1,1,465,2.2575
1999,6,1,2,710,3.9226
1999,6,1,3,546,4.5842
1999,6,1,4,947,2.1914
1999,6,1,5,458,1.6732
1999,6,2,1,171,3.5959
1999,6,2,2,224,4.7334
1999,6,2,3,200,7.4110
1999,6,2,4,353,7.7377
1999,6,2,5,162,3.1893
1999,6,3,1,182,6.4652
1999,6,3,2,173,4.2089
1999,6,3,3,274,4.3260
1999,6,3,4,284,5.0957
1999,6,3,5,165,-0.8979
1999,7,1,1,492,2.3842
1999,7,1,2,515,-0.5183
1999,7,1,3,642,0.8933
1999,7,1,4,1115,0.6167
1999,7,1,5,268,0.5236
1999,7,2,1,214,-0.8294
1999,7,2,2,146,-3.8798
1999,7,2,3,225,0.4965
1999,7,2,4,438,-2.6921
1999,7,2,5,99,-4.0590
1999,7,3,1,242,-1.4189
1999,7,3,2,111,-2.4163
1999,7,3,3,281,-7.1691
1999,7,3,4,366,-4.6851
1999,7,3,5,75,-5.2083
1999,8,1,1,336,-2.5952
1999,8,1,2,544,-4.5885
1999,8,1,3,1069,-4.5616
1999,8,1,4,627,-4.5929
1999,8,1,5,444,-5.1854
1999,8,2,1,129,-1.4799
1999,8,2,2,210,-3.0672
1999,8,2,3,378,-4.8397
1999,8,2,4,248,-7.7627
1999,8,2,5,159,-3.7071
1999,8,3,1,134,-1.4342
1999,8,3,2,239,-1.4720
1999,8,3,3,346,-0.5635
1999,8,3,4,231,-6.0180
1999,8,3,5,140,-3.4094
1999,9,1,1,266,-1.2562
1999,9,1,2,284,0.3292
1999,9,1,3,956,-1.3611
1999,9,1,4,944,-3.4449
1999,9,1,5,542,-3.0288
1999,9,2,1,121,-4.5398
1999,9,2,2,136,9.3125
1999,9,2,3,336,1.2076
1999,9,2,4,337,-1.1693
1999,9,2,5,194,-0.4196
1999,9,3,1,126,-7.3369
1999,9,3,2,197,-1.2782
1999,9,3,3,286,-5.1420
1999,9,3,4,280,-5.0312
1999,9,3,5,207,-2.6445
1999,10,1,1,242,-4.8054
1999,10,1,2,263,-1.0976
1999,10,1,3,1066,-1.8707
1999,10,1,4,819,-5.4791
1999,10,1,5,534,-4.3930
1999,10,2,1,154,-4.2267
1999,10,2,2,113,-3.3975
1999,10,2,3,388,0.1658
1999,10,2,4,308,-3.8214
1999,10,2,5,195,-4.3015
1999,10,3,1,178,7.0157
1999,10,3,2,141,-6.6221
1999,10,3,3,386,1.0552
1999,10,3,4,200,2.7296
1999,10,3,5,214,2.7445
1999,11,1,1,339,2.6391
1999,11,1,2,315,4.4707
1999,11,1,3,938,8.0586
1999,11,1,4,527,3.5373
1999,11,1,5,757,8.9370
1999,11,2,1,187,4.8470
1999,11,2,2,145,0.1789
1999,11,2,3,342,7.3580
1999,11,2,4,167,4.6579
1999,11,2,5,328,7.4407
1999,11,3,1,185,-0.4316
1999,11,3,2,195,-4.2593
1999,11,3,3,311,0.3412
1999,11,3,4,192,5.1625
1999,11,3,5,282,3.8183
1999,12,1,1,157,4.8000
1999,12,1,2,363,6.3205
1999,12,1,3,692,2.7622
1999,12,1,4,1058,10.7761
1999,12,1,5,502,4.2345
1999,12,2,1,96,3.9651
1999,12,2,2,202,4.1884
1999,12,2,3,211,0.0308
1999,12,2,4,444,11.9016
1999,12,2,5,225,3.7828
1999,12,3,1,152,5.5195
1999,12,3,2,217,2.1591
1999,12,3,3,192,2.0755
1999,12,3,4,485,12.0884
1999,12,3,5,203,6.7378
2000,1,1,1,152,-0.1928
2000,1,1,2,372,17.5577
2000,1,1,3,636,5.2144
2000,1,1,4,965,7.7382
2000,1,1,5,553,5.1904
2000,1,2,1,106,-7.7210
2000,1,2,2,196,0.0620
2000,1,2,3,212,-5.6311
2000,1,2,4,463,-0.9324
2000,1,2,5,222,-0.8028
2000,1,3,1,141,2.8412
2000,1,3,2,248,-5.9776
2000,1,3,3,199,-3.8664
2000,1,3,4,526,-5.5215
2000,1,3,5,194,-7.6039
2000,2,1,1,347,20.6927
2000,2,1,2,392,2.8396
2000,2,1,3,639,6.8958
2000,2,1,4,596,6.7049
2000,2,1,5,631,13.2531
2000,2,2,1,214,16.3458
2000,2,2,2,185,0.6727
2000,2,2,3,305,0.8869
2000,2,2,4,217,7.9929
2000,2,2,5,315,11.9271
2000,2,3,1,278,0.1159
2000,2,3,2,185,-3.7016
2000,2,3,3,306,-2.6066
2000,2,3,4,243,-5.0499
2000,2,3,5,299,0.2044
2000,3,1,1,438,0.6609
2000,3,1,2,354,0.1801
2000,3,1,3,590,-0.9604
2000,3,1,4,536,4.5813
2000,3,1,5,565,0.8050
2000,3,2,1,285,-0.9214
2000,3,2,2,160,4.0339
2000,3,2,3,307,0.5825
2000,3,2,4,232,5.9857
2000,3,2,5,260,0.0126
2000,3,3,1,425,9.9881
2000,3,3,2,175,7.1537
2000,3,3,3,291,5.6690
2000,3,3,4,210,14.2889
2000,3,3,5,334,3.8719
2000,4,1,1,261,-7.4262
2000,4,1,2,394,-7.1694
2000,4,1,3,783,-8.3310
2000,4,1,4,549,-8.2241
2000,4,1,5,530,-9.1373
2000,4,2,1,151,-0.0908
2000,4,2,2,154,-2.3738
2000,4,2,3,462,-5.4574
2000,4,2,4,282,-7.1992
2000,4,2,5,244,-3.4715
2000,4,3,1,265,6.8163
2000,4,3,2,104,1.3654
2000,4,3,3,420,-0.3994
2000,4,3,4,246,-4.7590
2000,4,3,5,325,-1.9725
2000,5,1,1,154,-6.0050
2000,5,1,2,442,-6.2153
2000,5,1,3,691,-4.1675
2000,5,1,4,750,-6.8169
2000,5,1,5,632,-8.7711
2000,5,2,1,100,0.1146
2000,5,2,2,245,-3.5071
2000,5,2,3,362,-1.0305
2000,5,2,4,324,-3.3772
2000,5,2,5,263,-7.1258
2000,5,3,1,136,0.7143
2000,5,3,2,236,-0.5020
2000,5,3,3,314,-0.3785
2000,5,3,4,229,-4.1387
2000,5,3,5,308,-5.0428
2000,6,1,1,201,-0.0272
2000,6,1,2,580,5.1917
2000,6,1,3,668,5.0911
2000,6,1,4,793,4.4832
2000,6,1,5,535,11.1326
2000,6,2,1,119,5.3247
2000,6,2,2,368,6.6491
2000,6,2,3,235,5.1681
2000,6,2,4,311,9.9194
2000,6,2,5,194,10.9612
2000,6,3,1,126,-4.3861
2000,6,3,2,344,0.1239
2000,6,3,3,186,-1.6673
2000,6,3,4,282,3.0278
2000,6,3,5,235,4.2658
2000,7,1,1,522,-5.6594
2000,7,1,2,257,2.8034
2000,7,1,3,603,0.0776
2000,7,1,4,544,-0.0530
2000,7,1,5,751,-2.0340
2000,7,2,1,301,-5.6034
2000,7,2,2,195,1.3218
2000,7,2,3,203,-0.4270
2000,7,2,4,204,2.8895
2000,7,2,5,290,-2.3679
2000,7,3,1,307,-2.0702
2000,7,3,2,232,1.7838
2000,7,3,3,173,0.5155
2000,7,3,4,205,1.4606
2000,7,3,5,339,-1.6165
2000,8,1,1,164,1.4744
2000,8,1,2,696,5.1213
2000,8,1,3,654,2.8880
2000,8,1,4,770,5.5133
2000,8,1,5,396,4.9883
2000,8,2,1,96,4.0864
2000,8,2,2,422,6.0861
2000,8,2,3,223,5.0187
2000,8,2,4,334,6.3656
2000,8,2,5,161,10.3395
2000,8,3,1,134,3.0216
2000,8,3,2,388,6.1308
2000,8,3,3,212,5.1406
2000,8,3,4,294,11.7106
2000,8,3,5,192,6.4240
2000,9,1,1,179,-5.5605
2000,9,1,2,757,-2.3297
2000,9,1,3,669,-2.5782
2000,9,1,4,721,-2.9287
2000,9,1,5,326,-1.4807
2000,9,2,1,130,-6.0046
2000,9,2,2,452,-4.3990
2000,9,2,3,241,-4.2958
2000,9,2,4,292,-3.9714
2000,9,2,5,159,0.5426
2000,9,3,1,121,-2.8225
2000,9,3,2,441,-1.0675
2000,9,3,3,244,-2.5405
2000,9,3,4,234,-1.9160
2000,9,3,5,194,-3.0937
2000,10,1,1,524,2.5138
2000,10,1,2,451,-5.2982
2000,10,1,3,460,-7.9979
2000,10,1,4,812,-8.9319
2000,10,1,5,408,-6.2682
2000,10,2,1,310,-8.5770
2000,10,2,2,217,-1.0023
2000,10,2,3,241,-4.1987
2000,10,2,4,327,-5.5279
2000,10,2,5,177,-1.9240
2000,10,3,1,257,-0.4787
2000,10,3,2,265,0.1580
2000,10,3,3,186,4.3234
2000,10,3,4,297,-3.3219
2000,10,3,5,197,4.0246
2000,11,1,1,148,-5.6983
2000,11,1,2,804,-15.2101
2000,11,1,3,516,-7.9044
2000,11,1,4,656,-12.0642
2000,11,1,5,560,-7.2044
2000,11,2,1,77,-2.5364
2000,11,2,2,409,-14.3800
2000,11,2,3,273,-6.8337
2000,11,2,4,259,-6.5624
2000,11,2,5,227,-4.4376
2000,11,3,1,45,2.9151
2000,11,3,2,348,-9.6446
2000,11,3,3,311,-0.3910
2000,11,3,4,203,-6.2781
2000,11,3,5,240,-3.0918
2000,12,1,1,529,-8.6771
2000,12,1,2,466,-0.8731
2000,12,1,3,526,-2.2741
2000,12,1,4,775,3.0017
2000,12,1,5,467,-0.7773
2000,12,2,1,214,7.9292
2000,12,2,2,227,7.6785
2000,12,2,3,273,4.5485
2000,12,2,4,307,12.5174
2000,12,2,5,202,7.6414
2000,12,3,1,137,3.4473
2000,12,3,2,260,6.2036
2000,12,3,3,235,3.3626
2000,12,3,4,245,8.2730
2000,12,3,5,173,5.0454
2001,1,1,1,132,24.4604
2001,1,1,2,883,22.8911
2001,1,1,3,610,21.9511
2001,1,1,4,675,24.7815
2001,1,1,5,470,17.7483
2001,1,2,1,52,8.3282
2001,1,2,2,411,10.3757
2001,1,2,3,212,9.1810
2001,1,2,4,300,11.9487
2001,1,2,5,215,10.5434
2001,1,3,1,28,3.5768
2001,1,3,2,359,1.2700
2001,1,3,3,227,0.1004
2001,1,3,4,242,1.9353
2001,1,3,5,171,1.0950
2001,2,1,1,603,-4.2232
2001,2,1,2,363,-4.5293
2001,2,1,3,787,-5.6123
2001,2,1,4,494,-5.6665
2001,2,1,5,471,-3.8214
2001,2,2,1,233,-4.3509
2001,2,2,2,185,-5.7336
2001,2,2,3,374,-6.8320
2001,2,2,4,192,-4.9316
2001,2,2,5,180,-1.6915
2001,2,3,1,186,-1.9812
2001,2,3,2,172,-9.7890
2001,2,3,3,342,-1.6088
2001,2,3,4,161,-3.2995
2001,2,3,5,183,-3.9920
2001,3,1,1,313,-6.5019
2001,3,1,2,728,-8.4854
2001,3,1,3,943,-4.1402
2001,3,1,4,370,-2.1781
2001,3,1,5,465,-2.1226
2001,3,2,1,112,-4.4353
2001,3,2,2,279,-6.5159
2001,3,2,3,377,-6.8327
2001,3,2,4,134,-3.7766
2001,3,2,5,199,-2.5601
2001,3,3,1,112,-6.2784
2001,3,3,2,220,-5.2463
2001,3,3,3,259,-6.4397
2001,3,3,4,183,-5.6765
2001,3,3,5,195,-6.2372
2001,4,1,1,308,7.2304
2001,4,1,2,786,3.7492
2001,4,1,3,874,9.7199
2001,4,1,4,386,2.8003
2001,4,1,5,467,8.8451
2001,4,2,1,116,9.1762
2001,4,2,2,279,7.9726
2001,4,2,3,297,9.7891
2001,4,2,4,182,8.6728
2001,4,2,5,206,8.4913
2001,4,3,1,107,9.2333
2001,4,3,2,215,8.6958
2001,4,3,3,216,5.5968
2001,4,3,4,212,7.0384
2001,4,3,5,194,6.8958
2001,5,1,1,312,9.1550
2001,5,1,2,906,10.4737
2001,5,1,3,613,13.4960
2001,5,1,4,648,10.2617
2001,5,1,5,303,8.5206
2001,5,2,1,132,2.7181
2001,5,2,2,324,3.8233
2001,5,2,3,231,6.4024
2001,5,2,4,229,6.5792
2001,5,2,5,114,4.4355
2001,5,3,1,157,0.4786
2001,5,3,2,270,-0.6327
2001,5,3,3,225,2.4461
2001,5,3,4,197,3.6851
2001,5,3,5,115,4.5505
2001,6,1,1,520,2.1034
2001,6,1,2,714,-2.0203
2001,6,1,3,535,3.2935
2001,6,1,4,637,3.6912
2001,6,1,5,298,-3.1354
2001,6,2,1,252,3.0418
2001,6,2,2,256,1.1663
2001,6,2,3,181,6.9316
2001,6,2,4,266,3.6809
2001,6,2,5,117,0.2382
2001,6,3,1,215,-3.2727
2001,6,3,2,202,-1.0122
2001,6,3,3,132,-0.6735
2001,6,3,4,282,-4.3589
2001,6,3,5,112,-0.5612
2001,7,1,1,420,0.2551
2001,7,1,2,774,-2.6742
2001,7,1,3,401,-4.6156
2001,7,1,4,668,-1.3828
2001,7,1,5,328,-0.0218
2001,7,2,1,208,-3.8038
2001,7,2,2,314,-4.5787
2001,7,2,3,117,-4.3313
2001,7,2,4,333,-4.4905
2001,7,2,5,128,-2.1695
2001,7,3,1,214,0.2504
2001,7,3,2,207,0.2727
2001,7,3,3,96,-1.3756
2001,7,3,4,313,-0.0262
2001,7,3,5,119,1.7995
2001,8,1,1,464,0.1096
2001,8,1,2,780,-7.7407
2001,8,1,3,599,-1.0675
2001,8,1,4,461,-4.1904
2001,8,1,5,320,0.3195
2001,8,2,1,216,-4.1779
2001,8,2,2,286,-5.1269
2001,8,2,3,206,-1.0397
2001,8,2,4,214,3.5750
2001,8,2,5,134,-1.9248
2001,8,3,1,193,-5.8838
2001,8,3,2,230,-3.6577
2001,8,3,3,165,-0.8814
2001,8,3,4,219,-0.3313
2001,8,3,5,115,-1.6307
2001,9,1,1,378,-17.6761
2001,9,1,2,859,-16.3194
2001,9,1,3,629,-14.5599
2001,9,1,4,445,-10.6464
2001,9,1,5,302,-4.4658
2001,9,2,1,181,-17.6390
2001,9,2,2,306,-19.4590
2001,9,2,3,218,-19.2058
2001,9,2,4,181,-14.5858
2001,9,2,5,127,-12.1291
2001,9,3,1,168,-12.5587
2001,9,3,2,249,-14.2454
2001,9,3,3,165,-10.2509
2001,9,3,4,194,-5.2953
2001,9,3,5,129,-3.5551
2001,10,1,1,402,7.2531
2001,10,1,2,839,6.8931
2001,10,1,3,639,6.3206
2001,10,1,4,439,5.2688
2001,10,1,5,282,7.2471
2001,10,2,1,174,6.8998
2001,10,2,2,322,12.3504
2001,10,2,3,235,7.7803
2001,10,2,4,154,6.3058
2001,10,2,5,136,4.0774
2001,10,3,1,145,5.0306
2001,10,3,2,243,7.5471
2001,10,3,3,172,3.2782
2001,10,3,4,119,-0.2792
2001,10,3,5,198,1.5448
2001,11,1,1,475,8.6095
2001,11,1,2,996,12.1060
2001,11,1,3,443,5.8887
2001,11,1,4,458,2.3097
2001,11,1,5,163,-0.0631
2001,11,2,1,176,9.1216
2001,11,2,2,385,9.5950
2001,11,2,3,221,8.6945
2001,11,2,4,155,8.6068
2001,11,2,5,96,6.1721
2001,11,3,1,162,12.6672
2001,11,3,2,255,5.7426
2001,11,3,3,212,8.4533
2001,11,3,4,143,4.2639
2001,11,3,5,124,2.7114
2001,12,1,1,488,7.2700
2001,12,1,2,695,8.0336
2001,12,1,3,662,8.4435
2001,12,1,4,365,2.6091
2001,12,1,5,257,12.0392
2001,12,2,1,215,5.4139
2001,12,2,2,271,7.5373
2001,12,2,3,299,7.5698
2001,12,2,4,157,5.0312
2001,12,2,5,103,6.9304
2001,12,3,1,198,-0.1055
2001,12,3,2,197,4.8046
2001,12,3,3,230,5.3115
2001,12,3,4,207,1.5785
2001,12,3,5,74,4.1109
2002,1,1,1,512,-1.5948
2002,1,1,2,888,3.1413
2002,1,1,3,340,2.4114
2002,1,1,4,509,0.6466
2002,1,1,5,194,4.4663
2002,1,2,1,227,-3.1081
2002,1,2,2,356,1.8506
2002,1,2,3,143,0.4963
2002,1,2,4,234,-5.5233
2002,1,2,5,88,-0.4226
2002,1,3,1,192,-0.2191
2002,1,3,2,246,-0.5818
2002,1,3,3,139,2.2296
2002,1,3,4,252,1.4753
2002,1,3,5,68,4.7493
2002,2,1,1,556,-5.0887
2002,2,1,2,384,-2.2139
2002,2,1,3,744,-2.9640
2002,2,1,4,497,2.5632
2002,2,1,5,283,-2.3733
2002,2,2,1,240,-2.4351
2002,2,2,2,183,2.5546
2002,2,2,3,257,-2.0975
2002,2,2,4,198,-1.9334
2002,2,2,5,111,-0.1917
2002,2,3,1,204,0.9565
2002,2,3,2,200,2.6020
2002,2,3,3,249,-1.1825
2002,2,3,4,171,4.2232
2002,2,3,5,77,2.6095
2002,3,1,1,577,12.1580
2002,3,1,2,531,9.8840
2002,3,1,3,682,10.7326
2002,3,1,4,335,10.0019
2002,3,1,5,389,4.5765
2002,3,2,1,226,11.4142
2002,3,2,2,182,10.0105
2002,3,2,3,262,8.8765
2002,3,2,4,113,9.9253
2002,3,2,5,170,8.5170
2002,3,3,1,210,4.5625
2002,3,3,2,191,3.1096
2002,3,3,3,213,6.3194
2002,3,3,4,93,6.5257
2002,3,3,5,155,3.0714
2002,4,1,1,547,0.1412
2002,4,1,2,354,7.0208
2002,4,1,3,861,0.6338
2002,4,1,4,349,4.3916
2002,4,1,5,382,2.2299
2002,4,2,1,231,0.7765
2002,4,2,2,153,2.9038
2002,4,2,3,285,-2.4791
2002,4,2,4,113,2.3635
2002,4,2,5,173,0.2245
2002,4,3,1,219,-6.4043
2002,4,3,2,165,-3.1028
2002,4,3,3,229,-2.3132
2002,4,3,4,90,0.5575
2002,4,3,5,154,2.0509
2002,5,1,1,332,-2.9206
2002,5,1,2,914,-5.4639
2002,5,1,3,577,2.1721
2002,5,1,4,407,0.9946
2002,5,1,5,303,-6.2927
2002,5,2,1,154,-7.2993
2002,5,2,2,292,-6.0598
2002,5,2,3,189,-2.9271
2002,5,2,4,129,-3.4882
2002,5,2,5,135,-2.9842
2002,5,3,1,171,0.8285
2002,5,3,2,257,-0.0631
2002,5,3,3,159,1.3175
2002,5,3,4,111,-0.4138
2002,5,3,5,140,1.3744
2002,6,1,1,262,0.3749
2002,6,1,2,773,-9.1611
2002,6,1,3,826,-3.0599
2002,6,1,4,366,-0.2558
2002,6,1,5,319,0.9760
2002,6,2,1,110,1.0503
2002,6,2,2,234,-5.7160
2002,6,2,3,273,-4.5515
2002,6,2,4,101,-2.0454
2002,6,2,5,152,-5.1747
2002,6,3,1,142,-4.6554
2002,6,3,2,229,-8.4586
2002,6,3,3,215,-6.3314
2002,6,3,4,100,-5.6542
2002,6,3,5,146,-3.7479
2002,7,1,1,252,-12.7162
2002,7,1,2,920,-14.6111
2002,7,1,3,584,-12.0669
2002,7,1,4,454,-15.0260
2002,7,1,5,261,-14.7233
2002,7,2,1,107,-23.9461
2002,7,2,2,284,-13.5443
2002,7,2,3,191,-16.7843
2002,7,2,4,146,-15.6757
2002,7,2,5,133,-16.1711
2002,7,3,1,144,-12.5252
2002,7,3,2,254,-8.6707
2002,7,3,3,148,-9.1732
2002,7,3,4,131,-8.2463
2002,7,3,5,137,-8.8965
2002,8,1,1,499,-0.5810
2002,8,1,2,511,-3.5379
2002,8,1,3,892,-1.9526
2002,8,1,4,412,0.8614
2002,8,1,5,177,3.3905
2002,8,2,1,176,0.8155
2002,8,2,2,145,-1.6893
2002,8,2,3,267,-1.0909
2002,8,2,4,158,1.2582
2002,8,2,5,74,1.2064
2002,8,3,1,220,-1.7491
2002,8,3,2,148,-1.5460
2002,8,3,3,191,1.6017
2002,8,3,4,182,1.8715
2002,8,3,5,74,2.8827
2002,9,1,1,449,-8.1058
2002,9,1,2,792,-10.5388
2002,9,1,3,447,-8.8776
2002,9,1,4,581,-7.2616
2002,9,1,5,181,-7.7416
2002,9,2,1,161,-9.5936
2002,9,2,2,218,-9.7987
2002,9,2,3,158,-6.8112
2002,9,2,4,218,-7.8245
2002,9,2,5,66,-5.4706
2002,9,3,1,199,-7.6354
2002,9,3,2,175,-7.1819
2002,9,3,3,151,-10.3486
2002,9,3,4,213,-10.0294
2002,9,3,5,76,-6.3331
2002,10,1,1,458,0.9236
2002,10,1,2,793,0.8029
2002,10,1,3,455,2.6196
2002,10,1,4,577,0.4023
2002,10,1,5,182,0.7988
2002,10,2,1,158,1.1409
2002,10,2,2,200,2.4833
2002,10,2,3,156,4.4774
2002,10,2,4,219,-0.8899
2002,10,2,5,64,-0.0176
2002,10,3,1,207,3.9292
2002,10,3,2,162,6.6042
2002,10,3,3,137,7.7786
2002,10,3,4,220,3.9675
2002,10,3,5,76,-0.7227
2002,11,1,1,573,10.1550
2002,11,1,2,515,10.6348
2002,11,1,3,527,15.7116
2002,11,1,4,583,10.6595
2002,11,1,5,190,6.6463
2002,11,2,1,195,6.5112
2002,11,2,2,138,9.1121
2002,11,2,3,185,11.5317
2002,11,2,4,229,8.4747
2002,11,2,5,67,7.1842
2002,11,3,1,221,10.8742
2002,11,3,2,145,8.5734
2002,11,3,3,164,7.3837
2002,11,3,4,203,4.3935
2002,11,3,5,92,-1.4533
2002,12,1,1,339,-0.6054
2002,12,1,2,820,-6.7509
2002,12,1,3,452,-3.4012
2002,12,1,4,544,-3.4634
2002,12,1,5,199,-4.2040
2002,12,2,1,133,-4.3760
2002,12,2,2,246,-5.7622
2002,12,2,3,161,-4.6442
2002,12,2,4,208,-5.1589
2002,12,2,5,75,-3.3557
2002,12,3,1,176,3.2332
2002,12,3,2,197,-8.0844
2002,12,3,3,153,-5.1337
2002,12,3,4,215,-4.3433
2002,12,3,5,88,-1.3952
2003,1,1,1,336,-1.9185
2003,1,1,2,902,-1.7409
2003,1,1,3,331,-3.4012
2003,1,1,4,630,-3.0697
2003,1,1,5,158,-0.8342
2003,1,2,1,129,-5.9547
2003,1,2,2,282,-5.8505
2003,1,2,3,109,-1.7658
2003,1,2,4,238,-3.9597
2003,1,2,5,57,-0.4323
2003,1,3,1,178,-3.0771
2003,1,3,2,204,-4.8599
2003,1,3,3,130,-3.4761
2003,1,3,4,223,-3.0802
2003,1,3,5,74,-3.8050
2003,2,1,1,138,-4.0597
2003,2,1,2,577,-4.2515
2003,2,1,3,766,-3.7736
2003,2,1,4,623,-6.1369
2003,2,1,5,206,-2.7312
2003,2,2,1,52,-1.7835
2003,2,2,2,221,-3.2438
2003,2,2,3,227,-3.9586
2003,2,2,4,241,-3.6763
2003,2,2,5,87,-5.8984
2003,2,3,1,82,-2.3302
2003,2,3,2,234,-0.9012
2003,2,3,3,172,-1.3431
2003,2,3,4,240,-2.7853
2003,2,3,5,86,-3.5149
2003,3,1,1,140,-3.4899
2003,3,1,2,396,-0.6102
2003,3,1,3,1033,-0.3003
2003,3,1,4,526,0.8743
2003,3,1,5,187,2.0197
2003,3,2,1,95,-0.7388
2003,3,2,2,144,0.1960
2003,3,2,3,315,0.2096
2003,3,2,4,202,1.7466
2003,3,2,5,76,-1.9004
2003,3,3,1,147,-1.5991
2003,3,3,2,139,-1.2786
2003,3,3,3,220,0.8452
2003,3,3,4,213,2.0155
2003,3,3,5,86,-0.3226
2003,4,1,1,198,5.1161
2003,4,1,2,672,6.8465
2003,4,1,3,792,8.9565
2003,4,1,4,427,9.5635
2003,4,1,5,160,12.7318
2003,4,2,1,92,10.7777
2003,4,2,2,225,9.2110
2003,4,2,3,291,9.9819
2003,4,2,4,159,9.7512
2003,4,2,5,59,10.6348
2003,4,3,1,157,9.3403
2003,4,3,2,204,5.2457
2003,4,3,3,191,8.6387
2003,4,3,4,181,7.5078
2003,4,3,5,66,5.9495
2003,5,1,1,139,8.4260
2003,5,1,2,402,27.1338
2003,5,1,3,707,12.6130
2003,5,1,4,666,13.6944
2003,5,1,5,321,11.0074
2003,5,2,1,46,4.4484
2003,5,2,2,148,14.2732
2003,5,2,3,246,12.5853
2003,5,2,4,254,9.7062
2003,5,2,5,122,11.2466
2003,5,3,1,62,5.8477
2003,5,3,2,192,9.6028
2003,5,3,3,178,6.3590
2003,5,3,4,223,6.7074
2003,5,3,5,139,4.8336
2003,6,1,1,111,4.5914
2003,6,1,2,474,2.4193
2003,6,1,3,752,4.8492
2003,6,1,4,584,5.9966
2003,6,1,5,270,7.2351
2003,6,2,1,38,1.4163
2003,6,2,2,160,0.8384
2003,6,2,3,287,3.3172
2003,6,2,4,243,3.6034
2003,6,2,5,101,4.6616
2003,6,3,1,45,3.4245
2003,6,3,2,127,-1.1836
2003,6,3,3,246,2.5519
2003,6,3,4,281,1.4239
2003,6,3,5,109,1.9713
2003,7,1,1,133,8.1654
2003,7,1,2,589,2.5613
2003,7,1,3,585,7.0874
2003,7,1,4,548,8.1256
2003,7,1,5,320,11.0659
2003,7,2,1,43,6.9530
2003,7,2,2,211,3.3251
2003,7,2,3,214,5.6662
2003,7,2,4,231,6.4155
2003,7,2,5,99,8.2492
2003,7,3,1,56,3.1899
2003,7,3,2,160,2.1398
2003,7,3,3,195,1.6565
2003,7,3,4,315,0.7607
2003,7,3,5,94,4.7482
2003,8,1,1,143,3.9601
2003,8,1,2,385,4.2576
2003,8,1,3,865,7.4716
2003,8,1,4,419,7.2463
2003,8,1,5,331,4.2715
2003,8,2,1,48,5.8130
2003,8,2,2,150,2.3464
2003,8,2,3,309,8.6406
2003,8,2,4,174,8.5496
2003,8,2,5,113,5.8503
2003,8,3,1,46,5.4427
2003,8,3,2,205,2.0178
2003,8,3,3,238,6.6112
2003,8,3,4,220,3.9137
2003,8,3,5,120,1.5097
2003,9,1,1,169,2.6446
2003,9,1,2,366,-2.3963
2003,9,1,3,795,4.5070
2003,9,1,4,434,1.7040
2003,9,1,5,344,1.8455
2003,9,2,1,69,-3.7618
2003,9,2,2,145,-0.7521
2003,9,2,3,285,-6.5237
2003,9,2,4,153,-2.9078
2003,9,2,5,151,0.2762
2003,9,3,1,67,-3.4037
2003,9,3,2,186,-1.0865
2003,9,3,3,233,-3.2066
2003,9,3,4,139,0.1141
2003,9,3,5,203,-2.1536
2003,10,1,1,165,11.0939
2003,10,1,2,293,8.7579
2003,10,1,3,693,9.7585
2003,10,1,4,584,9.0985
2003,10,1,5,350,10.0292
2003,10,2,1,72,7.8996
2003,10,2,2,132,8.8519
2003,10,2,3,266,9.5754
2003,10,2,4,200,8.0316
2003,10,2,5,145,8.1346
2003,10,3,1,68,6.5172
2003,10,3,2,164,7.5078
2003,10,3,3,201,8.2434
2003,10,3,4,193,7.2672
2003,10,3,5,196,7.1751
2003,11,1,1,146,7.4790
2003,11,1,2,497,4.1978
2003,11,1,3,437,5.6039
2003,11,1,4,686,3.8832
2003,11,1,5,301,18.6894
2003,11,2,1,85,3.2691
2003,11,2,2,197,2.3704
2003,11,2,3,173,5.2173
2003,11,2,4,272,1.6593
2003,11,2,5,99,10.1817
2003,11,3,1,129,1.7863
2003,11,3,2,140,2.5075
2003,11,3,3,199,1.6383
2003,11,3,4,263,0.8521
2003,11,3,5,96,5.4435
2003,12,1,1,136,6.6162
2003,12,1,2,479,10.9962
2003,12,1,3,700,1.6952
2003,12,1,4,466,6.0780
2003,12,1,5,290,3.0226
2003,12,2,1,76,5.9205
2003,12,2,2,173,10.2880
2003,12,2,3,283,0.0848
2003,12,2,4,186,6.0149
2003,12,2,5,99,5.0126
2003,12,3,1,117,6.2022
2003,12,3,2,150,7.2341
2003,12,3,3,259,4.4392
2003,12,3,4,198,5.9850
2003,12,3,5,104,1.2701
2004,1,1,1,137,4.9219
2004,1,1,2,483,7.4523
2004,1,1,3,556,7.0938
2004,1,1,4,617,8.2141
2004,1,1,5,288,3.8083
2004,1,2,1,85,0.1033
2004,1,2,2,154,2.1320
2004,1,2,3,232,2.3936
2004,1,2,4,246,3.0554
2004,1,2,5,107,2.4663
2004,1,3,1,123,-0.9087
2004,1,3,2,127,2.2628
2004,1,3,3,185,0.9470
2004,1,3,4,275,-0.2994
2004,1,3,5,100,-1.2015
2004,2,1,1,143,0.9410
2004,2,1,2,442,11.4335
2004,2,1,3,776,-0.1858
2004,2,1,4,384,0.9794
2004,2,1,5,303,5.4795
2004,2,2,1,73,1.4148
2004,2,2,2,189,1.4008
2004,2,2,3,324,-0.1821
2004,2,2,4,147,0.9291
2004,2,2,5,107,3.5296
2004,2,3,1,108,5.8336
2004,2,3,2,157,0.7352
2004,2,3,3,301,-0.8032
2004,2,3,4,151,4.1262
2004,2,3,5,94,2.2721
2004,3,1,1,325,-0.3027
2004,3,1,2,158,-0.9890
2004,3,1,3,729,0.6989
2004,3,1,4,635,-0.1600
2004,3,1,5,216,1.9687
2004,3,2,1,142,-0.7675
2004,3,2,2,79,-3.0955
2004,3,2,3,315,1.4275
2004,3,2,4,225,1.2960
2004,3,2,5,74,7.4692
2004,3,3,1,162,-0.5274
2004,3,3,2,102,-2.1808
2004,3,3,3,233,0.0378
2004,3,3,4,224,1.3745
2004,3,3,5,84,0.1459
2004,4,1,1,288,-1.2202
2004,4,1,2,231,-5.2606
2004,4,1,3,714,-5.1564
2004,4,1,4,546,-5.3966
2004,4,1,5,319,-4.5311
2004,4,2,1,104,-3.6303
2004,4,2,2,135,0.8144
2004,4,2,3,270,-4.9686
2004,4,2,4,165,-8.0013
2004,4,2,5,119,-4.8700
2004,4,3,1,145,-0.0562
2004,4,3,2,146,0.6294
2004,4,3,3,212,-1.5631
2004,4,3,4,157,-2.3227
2004,4,3,5,151,-2.6413
2004,5,1,1,145,1.3303
2004,5,1,2,443,-1.4052
2004,5,1,3,771,0.5689
2004,5,1,4,326,2.0906
2004,5,1,5,430,-0.5065
2004,5,2,1,88,0.2898
2004,5,2,2,163,1.1169
2004,5,2,3,267,1.1991
2004,5,2,4,99,0.8088
2004,5,2,5,158,2.2500
2004,5,3,1,127,0.5906
2004,5,3,2,178,0.7752
2004,5,3,3,203,2.2053
2004,5,3,4,118,1.2533
2004,5,3,5,177,1.4991
2004,6,1,1,170,9.4167
2004,6,1,2,387,5.7611
2004,6,1,3,816,4.2740
2004,6,1,4,344,3.7531
2004,6,1,5,403,2.6954
2004,6,2,1,89,1.8139
2004,6,2,2,132,5.7711
2004,6,2,3,279,6.3769
2004,6,2,4,115,4.9324
2004,6,2,5,150,9.9581
2004,6,3,1,101,2.1308
2004,6,3,2,183,2.9317
2004,6,3,3,240,3.8762
2004,6,3,4,124,5.3098
2004,6,3,5,165,1.0590
2004,7,1,1,148,-6.3368
2004,7,1,2,422,-4.0509
2004,7,1,3,689,-8.3931
2004,7,1,4,513,-2.6928
2004,7,1,5,373,-5.1945
2004,7,2,1,53,-5.6065
2004,7,2,2,154,-4.8143
2004,7,2,3,229,-8.2329
2004,7,2,4,190,-3.8563
2004,7,2,5,125,-9.0178
2004,7,3,1,66,-2.5572
2004,7,3,2,206,-1.5018
2004,7,3,3,215,-5.5871
2004,7,3,4,191,-4.8107
2004,7,3,5,128,-5.6848
2004,8,1,1,104,4.0632
2004,8,1,2,722,-3.0010
2004,8,1,3,572,-2.2088
2004,8,1,4,456,-2.3273
2004,8,1,5,322,0.3647
2004,8,2,1,52,2.5475
2004,8,2,2,215,-1.3152
2004,8,2,3,178,-3.4723
2004,8,2,4,174,-2.9565
2004,8,2,5,108,-1.2275
2004,8,3,1,96,3.1551
2004,8,3,2,226,-0.3275
2004,8,3,3,181,-0.6080
2004,8,3,4,176,-0.4239
2004,8,3,5,123,-0.9608
2004,9,1,1,84,4.0032
2004,9,1,2,456,2.6222
2004,9,1,3,675,4.9175
2004,9,1,4,623,3.1110
2004,9,1,5,355,2.7437
2004,9,2,1,31,9.1443
2004,9,2,2,132,3.7250
2004,9,2,3,205,7.8645
2004,9,2,4,225,5.1778
2004,9,2,5,123,6.0308
2004,9,3,1,33,1.7020
2004,9,3,2,227,0.9316
2004,9,3,3,166,2.6627
2004,9,3,4,240,3.5772
2004,9,3,5,127,2.7120
2004,10,1,1,85,-0.4175
2004,10,1,2,447,0.7522
2004,10,1,3,672,1.2780
2004,10,1,4,621,1.0396
2004,10,1,5,353,0.3223
2004,10,2,1,47,-2.5985
2004,10,2,2,123,0.9502
2004,10,2,3,208,1.3857
2004,10,2,4,232,2.7313
2004,10,2,5,127,0.2245
2004,10,3,1,94,2.6238
2004,10,3,2,163,2.0149
2004,10,3,3,171,1.6072
2004,10,3,4,236,2.4335
2004,10,3,5,127,-0.3430
2004,11,1,1,312,7.8770
2004,11,1,2,263,9.7029
2004,11,1,3,635,12.8763
2004,11,1,4,671,11.3646
2004,11,1,5,301,10.0543
2004,11,2,1,93,8.7052
2004,11,2,2,90,10.1141
2004,11,2,3,224,10.3191
2004,11,2,4,200,9.9948
2004,11,2,5,122,9.9772
2004,11,3,1,95,4.6265
2004,11,3,2,147,6.2946
2004,11,3,3,217,7.1727
2004,11,3,4,209,4.7272
2004,11,3,5,129,6.3329
2004,12,1,1,344,2.7537
2004,12,1,2,251,3.9339
2004,12,1,3,633,4.1495
2004,12,1,4,642,5.4335
2004,12,1,5,312,7.2955
2004,12,2,1,119,2.2948
2004,12,2,2,75,5.1290
2004,12,2,3,233,1.6285
2004,12,2,4,188,3.5108
2004,12,2,5,118,4.1579
2004,12,3,1,164,1.1924
2004,12,3,2,89,3.9632
2004,12,3,3,253,2.2179
2004,12,3,4,163,2.5663
2004,12,3,5,124,3.9518
2005,1,1,1,154,-2.2892
2005,1,1,2,364,-2.2748
2005,1,1,3,713,-3.9734
2005,1,1,4,608,-5.4454
2005,1,1,5,330,-2.6687
2005,1,2,1,76,-3.3060
2005,1,2,2,105,-2.9106
2005,1,2,3,248,-4.2501
2005,1,2,4,173,-5.2799
2005,1,2,5,135,-2.2405
2005,1,3,1,122,-3.2722
2005,1,3,2,114,-0.8123
2005,1,3,3,268,-1.5220
2005,1,3,4,162,-3.3130
2005,1,3,5,133,-0.9928
2005,2,1,1,361,2.0634
2005,2,1,2,435,-0.0288
2005,2,1,3,540,0.4116
2005,2,1,4,635,3.8693
2005,2,1,5,198,5.9171
2005,2,2,1,101,-2.1767
2005,2,2,2,139,2.7576
2005,2,2,3,193,1.5122
2005,2,2,4,208,2.1877
2005,2,2,5,84,7.9490
2005,2,3,1,117,2.0020
2005,2,3,2,211,1.9860
2005,2,3,3,197,1.2856
2005,2,3,4,184,3.7030
2005,2,3,5,93,6.9395
2005,3,1,1,343,-4.6055
2005,3,1,2,426,-3.0991
2005,3,1,3,472,-0.8717
2005,3,1,4,595,-2.2932
2005,3,1,5,348,-6.2018
2005,3,2,1,95,-3.3328
2005,3,2,2,117,-1.0068
2005,3,2,3,161,-3.5668
2005,3,2,4,235,-0.7493
2005,3,2,5,110,-2.0415
2005,3,3,1,113,-1.3693
2005,3,3,2,159,-1.5077
2005,3,3,3,167,-0.8528
2005,3,3,4,242,-1.2701
2005,3,3,5,119,-2.9084
2005,4,1,1,390,-6.9115
2005,4,1,2,447,-8.2877
2005,4,1,3,433,-3.5008
2005,4,1,4,644,-9.8996
2005,4,1,5,255,-10.7465
2005,4,2,1,95,-4.8794
2005,4,2,2,133,-10.3858
2005,4,2,3,159,-9.0893
2005,4,2,4,219,-5.0346
2005,4,2,5,117,-5.8642
2005,4,3,1,115,-2.5340
2005,4,3,2,166,-5.0004
2005,4,3,3,166,-0.8954
2005,4,3,4,217,-4.5349
2005,4,3,5,135,-5.2200
2005,5,1,1,130,2.9918
2005,5,1,2,684,8.2474
2005,5,1,3,472,4.2296
2005,5,1,4,482,7.5910
2005,5,1,5,399,4.3647
2005,5,2,1,42,8.1787
2005,5,2,2,190,5.5278
2005,5,2,3,155,7.7290
2005,5,2,4,135,10.0767
2005,5,2,5,195,8.4296
2005,5,3,1,61,3.8617
2005,5,3,2,235,5.3605
2005,5,3,3,159,2.7386
2005,5,3,4,123,4.2755
2005,5,3,5,219,4.2381
2005,6,1,1,320,4.3000
2005,6,1,2,586,4.3651
2005,6,1,3,604,0.0858
2005,6,1,4,297,4.9615
2005,6,1,5,364,4.1374
2005,6,2,1,85,2.6009
2005,6,2,2,185,2.5844
2005,6,2,3,153,3.0533
2005,6,2,4,102,1.9269
2005,6,2,5,183,4.7545
2005,6,3,1,137,0.5968
2005,6,3,2,176,-0.7609
2005,6,3,3,163,-1.7602
2005,6,3,4,115,0.7590
2005,6,3,5,206,2.7979
2005,7,1,1,302,9.9157
2005,7,1,2,577,6.1490
2005,7,1,3,586,5.6367
2005,7,1,4,288,6.9041
2005,7,1,5,415,11.9270
2005,7,2,1,82,5.1579
2005,7,2,2,182,6.2671
2005,7,2,3,156,6.1235
2005,7,2,4,92,5.3408
2005,7,2,5,198,8.2677
2005,7,3,1,138,3.8083
2005,7,3,2,182,5.0905
2005,7,3,3,146,4.0957
2005,7,3,4,108,3.7407
2005,7,3,5,224,6.3372
2005,8,1,1,327,-1.2034
2005,8,1,2,543,-4.2403
2005,8,1,3,488,-2.8779
2005,8,1,4,583,-3.7250
2005,8,1,5,197,2.7374
2005,8,2,1,110,-2.5817
2005,8,2,2,145,-1.7210
2005,8,2,3,155,-1.4813
2005,8,2,4,225,-3.2476
2005,8,2,5,103,1.7945
2005,8,3,1,163,-0.4817
2005,8,3,2,171,0.4884
2005,8,3,3,123,0.4680
2005,8,3,4,216,-3.1306
2005,8,3,5,118,0.1580
2005,9,1,1,341,-2.5032
2005,9,1,2,487,-0.6234
2005,9,1,3,527,2.8745
2005,9,1,4,627,1.0156
2005,9,1,5,157,-1.2642
2005,9,2,1,129,-0.0550
2005,9,2,2,120,-1.1548
2005,9,2,3,175,2.3911
2005,9,2,4,249,0.4682
2005,9,2,5,66,2.0956
2005,9,3,1,168,-1.2660
2005,9,3,2,148,0.0248
2005,9,3,3,138,2.3224
2005,9,3,4,243,0.8515
2005,9,3,5,94,0.9396
2005,10,1,1,322,-5.0643
2005,10,1,2,536,-2.6681
2005,10,1,3,700,-7.5399
2005,10,1,4,407,-3.0445
2005,10,1,5,161,-3.7856
2005,10,2,1,117,-4.8457
2005,10,2,2,151,-3.5993
2005,10,2,3,225,-3.7978
2005,10,2,4,172,-0.5029
2005,10,2,5,87,-2.4953
2005,10,3,1,162,-3.2850
2005,10,3,2,156,-2.3896
2005,10,3,3,161,-2.9528
2005,10,3,4,204,-0.8038
2005,10,3,5,103,-4.5070
2005,11,1,1,120,3.1732
2005,11,1,2,653,2.3463
2005,11,1,3,745,4.2967
2005,11,1,4,326,0.4777
2005,11,1,5,272,3.8283
2005,11,2,1,44,5.6326
2005,11,2,2,204,2.7287
2005,11,2,3,241,8.5906
2005,11,2,4,108,3.2904
2005,11,2,5,148,3.8125
2005,11,3,1,56,4.7574
2005,11,3,2,261,3.3969
2005,11,3,3,181,4.5656
2005,11,3,4,130,5.1084
2005,11,3,5,161,3.7173
2005,12,1,1,124,2.5227
2005,12,1,2,517,-1.3924
2005,12,1,3,733,1.8406
2005,12,1,4,526,1.2685
2005,12,1,5,197,1.6488
2005,12,2,1,42,-2.6727
2005,12,2,2,166,0.3530
2005,12,2,3,233,-0.7538
2005,12,2,4,212,-0.1332
2005,12,2,5,98,-0.1622
2005,12,3,1,55,2.1814
2005,12,3,2,234,0.7494
2005,12,3,3,188,0.0974
2005,12,3,4,199,-0.3538
2005,12,3,5,119,0.9127
2006,1,1,1,121,7.9125
2006,1,1,2,590,12.4666
2006,1,1,3,658,9.0079
2006,1,1,4,493,9.1651
2006,1,1,5,249,11.8367
2006,1,2,1,46,6.6499
2006,1,2,2,146,5.2802
2006,1,2,3,239,8.2465
2006,1,2,4,190,7.4799
2006,1,2,5,122,14.7101
2006,1,3,1,55,2.4412
2006,1,3,2,192,0.6652
2006,1,3,3,231,5.0590
2006,1,3,4,165,3.0905
2006,1,3,5,145,8.6445
2006,2,1,1,92,2.1415
2006,2,1,2,401,-0.4971
2006,2,1,3,863,1.0100
2006,2,1,4,505,1.1586
2006,2,1,5,235,-3.5456
2006,2,2,1,30,3.5690
2006,2,2,2,143,-0.8241
2006,2,2,3,250,-1.1012
2006,2,2,4,201,2.2579
2006,2,2,5,119,-2.9089
2006,2,3,1,48,-0.4292
2006,2,3,2,186,0.1642
2006,2,3,3,242,0.5226
2006,2,3,4,165,2.4776
2006,2,3,5,150,-2.6734
2006,3,1,1,70,7.4387
2006,3,1,2,496,3.4137
2006,3,1,3,770,4.8568
2006,3,1,4,515,5.4851
2006,3,1,5,237,6.6575
2006,3,2,1,27,5.4131
2006,3,2,2,160,3.4033
2006,3,2,3,211,5.4001
2006,3,2,4,211,6.5397
2006,3,2,5,136,6.4872
2006,3,3,1,36,1.3570
2006,3,3,2,234,1.6316
2006,3,3,3,193,1.5042
2006,3,3,4,178,4.1914
2006,3,3,5,151,3.7779
2006,4,1,1,103,6.1195
2006,4,1,2,516,2.7433
2006,4,1,3,714,-0.3903
2006,4,1,4,531,1.0103
2006,4,1,5,247,1.7548
2006,4,2,1,30,-2.1006
2006,4,2,2,175,0.1716
2006,4,2,3,184,0.1579
2006,4,2,4,203,2.1150
2006,4,2,5,134,2.3179
2006,4,3,1,54,-0.0219
2006,4,3,2,217,0.5181
2006,4,3,3,186,1.4102
2006,4,3,4,182,1.3386
2006,4,3,5,152,4.8931
2006,5,1,1,335,-4.4947
2006,5,1,2,485,-3.7162
2006,5,1,3,684,-5.7234
2006,5,1,4,312,-3.7841
2006,5,1,5,288,-3.8342
2006,5,2,1,90,-4.9257
2006,5,2,2,139,-4.8077
2006,5,2,3,221,-6.0198
2006,5,2,4,137,-5.2905
2006,5,2,5,146,-9.2441
2006,5,3,1,88,-0.1000
2006,5,3,2,194,-1.5530
2006,5,3,3,200,-2.9189
2006,5,3,4,130,-3.3612
2006,5,3,5,175,-4.6619
2006,6,1,1,192,-1.4227
2006,6,1,2,740,-0.8940
2006,6,1,3,642,-1.1931
2006,6,1,4,300,-1.0942
2006,6,1,5,240,-5.0837
2006,6,2,1,51,-0.0249
2006,6,2,2,184,-2.2832
2006,6,2,3,250,-1.8180
2006,6,2,4,149,-0.5010
2006,6,2,5,101,-1.8387
2006,6,3,1,85,0.8411
2006,6,3,2,155,-1.3816
2006,6,3,3,265,0.0806
2006,6,3,4,149,0.1508
2006,6,3,5,123,-0.1333
2006,7,1,1,284,-4.3306
2006,7,1,2,618,-0.6683
2006,7,1,3,654,-5.7660
2006,7,1,4,341,-4.0139
2006,7,1,5,197,-5.5640
2006,7,2,1,79,-3.7357
2006,7,2,2,183,-0.9634
2006,7,2,3,214,-4.5310
2006,7,2,4,161,-5.4013
2006,7,2,5,94,-6.0707
2006,7,3,1,97,1.5086
2006,7,3,2,193,0.9853
2006,7,3,3,214,-1.6724
2006,7,3,4,148,-5.2990
2006,7,3,5,120,-2.6177
2006,8,1,1,487,4.4031
2006,8,1,2,452,1.3891
2006,8,1,3,640,1.5024
2006,8,1,4,336,1.5735
2006,8,1,5,179,0.0826
2006,8,2,1,101,1.9045
2006,8,2,2,156,2.7756
2006,8,2,3,253,3.9975
2006,8,2,4,115,3.5282
2006,8,2,5,103,2.1357
2006,8,3,1,117,3.0995
2006,8,3,2,179,3.8574
2006,8,3,3,237,3.5236
2006,8,3,4,108,1.4565
2006,8,3,5,122,-0.2271
2006,9,1,1,592,6.5048
2006,9,1,2,529,0.6270
2006,9,1,3,457,1.1985
2006,9,1,4,338,-0.6632
2006,9,1,5,170,-2.0925
2006,9,2,1,142,1.6119
2006,9,2,2,175,2.5901
2006,9,2,3,200,1.8265
2006,9,2,4,131,-0.2673
2006,9,2,5,89,-3.5172
2006,9,3,1,132,2.2594
2006,9,3,2,209,2.0938
2006,9,3,3,193,2.7073
2006,9,3,4,116,0.0515
2006,9,3,5,108,-0.5786
2006,10,1,1,397,8.5640
2006,10,1,2,859,5.9289
2006,10,1,3,301,7.0732
2006,10,1,4,348,5.4653
2006,10,1,5,174,7.0193
2006,10,2,1,126,5.4429
2006,10,2,2,257,5.8339
2006,10,2,3,129,6.8079
2006,10,2,4,132,6.2715
2006,10,2,5,90,9.2964
2006,10,3,1,112,6.4660
2006,10,3,2,276,2.6399
2006,10,3,3,154,1.2413
2006,10,3,4,119,5.8170
2006,10,3,5,104,3.4845
2006,11,1,1,465,2.5669
2006,11,1,2,785,3.0475
2006,11,1,3,348,1.3312
2006,11,1,4,279,3.9272
2006,11,1,5,212,3.1383
2006,11,2,1,142,3.3778
2006,11,2,2,243,3.8672
2006,11,2,3,139,2.8308
2006,11,2,4,104,2.2959
2006,11,2,5,93,5.6103
2006,11,3,1,118,3.9720
2006,11,3,2,269,2.8375
2006,11,3,3,179,1.2906
2006,11,3,4,118,3.0828
2006,11,3,5,87,5.5220
2006,12,1,1,631,-0.9809
2006,12,1,2,555,1.9540
2006,12,1,3,341,4.9754
2006,12,1,4,345,4.2539
2006,12,1,5,213,-1.7867
2006,12,2,1,164,-0.1953
2006,12,2,2,184,0.0221
2006,12,2,3,111,2.3413
2006,12,2,4,154,0.4461
2006,12,2,5,110,-0.4425
2006,12,3,1,138,-0.6924
2006,12,3,2,182,0.3970
2006,12,3,3,141,1.1898
2006,12,3,4,208,1.7415
2006,12,3,5,103,-0.9222
2007,1,1,1,639,-7.6937
2007,1,1,2,423,0.9226
2007,1,1,3,513,0.5584
2007,1,1,4,282,3.6129
2007,1,1,5,245,0.5660
2007,1,2,1,161,0.2287
2007,1,2,2,125,1.9581
2007,1,2,3,200,2.5514
2007,1,2,4,108,0.7131
2007,1,2,5,120,4.1222
2007,1,3,1,132,3.0799
2007,1,3,2,140,2.1003
2007,1,3,3,221,2.9623
2007,1,3,4,165,2.3363
2007,1,3,5,104,5.8661
2007,2,1,1,664,1.2022
2007,2,1,2,388,0.9397
2007,2,1,3,552,0.3587
2007,2,1,4,253,1.9300
2007,2,1,5,229,-0.7376
2007,2,2,1,175,-0.0116
2007,2,2,2,99,-0.9128
2007,2,2,3,233,0.1670
2007,2,2,4,91,0.7492
2007,2,2,5,110,-3.3458
2007,2,3,1,145,-1.6554
2007,2,3,2,117,0.5987
2007,2,3,3,286,0.4227
2007,2,3,4,118,0.7749
2007,2,3,5,93,-0.1716
2007,3,1,1,538,2.9133
2007,3,1,2,435,3.6634
2007,3,1,3,484,-0.7251
2007,3,1,4,504,1.9637
2007,3,1,5,105,2.0161
2007,3,2,1,194,0.2673
2007,3,2,2,141,2.0107
2007,3,2,3,179,3.0245
2007,3,2,4,170,1.3712
2007,3,2,5,45,4.2440
2007,3,3,1,204,1.1759
2007,3,3,2,137,1.8227
2007,3,3,3,181,0.3105
2007,3,3,4,175,1.2405
2007,3,3,5,57,0.4511
2007,4,1,1,545,2.4942
2007,4,1,2,463,1.2358
2007,4,1,3,476,3.2832
2007,4,1,4,485,5.5211
2007,4,1,5,111,5.6022
2007,4,2,1,166,3.2691
2007,4,2,2,179,1.3542
2007,4,2,3,157,3.6818
2007,4,2,4,183,5.7171
2007,4,2,5,32,7.2565
2007,4,3,1,156,4.4125
2007,4,3,2,185,4.1585
2007,4,3,3,150,4.1485
2007,4,3,4,214,3.6433
2007,4,3,5,46,6.0777
2007,5,1,1,159,3.9642
2007,5,1,2,467,3.1364
2007,5,1,3,930,4.6045
2007,5,1,4,311,7.0504
2007,5,1,5,209,3.7899
2007,5,2,1,92,3.5509
2007,5,2,2,155,5.1009
2007,5,2,3,268,4.4982
2007,5,2,4,104,2.3025
2007,5,2,5,95,5.2029
2007,5,3,1,134,4.8401
2007,5,3,2,142,4.7022
2007,5,3,3,213,3.8795
2007,5,3,4,142,4.4430
2007,5,3,5,116,4.8314
2007,6,1,1,173,-4.3794
2007,6,1,2,436,1.2209
2007,6,1,3,745,-0.5723
2007,6,1,4,592,1.7256
2007,6,1,5,127,2.4715
2007,6,2,1,89,-2.4892
2007,6,2,2,189,0.6901
2007,6,2,3,178,-0.8824
2007,6,2,4,213,-0.2532
2007,6,2,5,53,-4.8169
2007,6,3,1,86,-1.9349
2007,6,3,2,209,1.4376
2007,6,3,3,169,-1.6060
2007,6,3,4,218,-1.1579
2007,6,3,5,70,-2.5558
2007,7,1,1,179,-5.5947
2007,7,1,2,516,-6.1891
2007,7,1,3,853,-5.5579
2007,7,1,4,316,-4.8123
2007,7,1,5,185,-1.7782
2007,7,2,1,100,-6.3670
2007,7,2,2,202,-6.3152
2007,7,2,3,211,-4.4962
2007,7,2,4,139,-3.2485
2007,7,2,5,79,-5.4482
2007,7,3,1,129,-2.8697
2007,7,3,2,191,-2.0074
2007,7,3,3,179,-2.2935
2007,7,3,4,155,-3.7137
2007,7,3,5,92,-0.3160
2007,8,1,1,140,-6.0009
2007,8,1,2,375,-1.0747
2007,8,1,3,814,-0.5081
2007,8,1,4,515,-1.1477
2007,8,1,5,181,-2.3167
2007,8,2,1,65,-1.0435
2007,8,2,2,155,-0.5487
2007,8,2,3,293,2.4165
2007,8,2,4,140,-0.3351
2007,8,2,5,93,2.3902
2007,8,3,1,53,-0.6311
2007,8,3,2,204,0.5636
2007,8,3,3,256,1.0977
2007,8,3,4,151,3.0052
2007,8,3,5,87,-0.6199
2007,9,1,1,83,3.4417
2007,9,1,2,648,0.4321
2007,9,1,3,579,1.2486
2007,9,1,4,520,2.5547
2007,9,1,5,194,0.6877
2007,9,2,1,43,3.0809
2007,9,2,2,202,1.0763
2007,9,2,3,272,0.6542
2007,9,2,4,144,2.0748
2007,9,2,5,83,1.2786
2007,9,3,1,44,1.9603
2007,9,3,2,186,5.3519
2007,9,3,3,281,3.3170
2007,9,3,4,177,6.7197
2007,9,3,5,66,5.3938
2007,10,1,1,112,6.8776
2007,10,1,2,703,1.9334
2007,10,1,3,608,1.3046
2007,10,1,4,371,1.4084
2007,10,1,5,213,-1.3609
2007,10,2,1,53,4.9545
2007,10,2,2,240,2.5840
2007,10,2,3,224,2.7904
2007,10,2,4,132,4.9550
2007,10,2,5,93,1.1222
2007,10,3,1,53,6.2104
2007,10,3,2,221,3.1932
2007,10,3,3,244,2.1315
2007,10,3,4,147,4.0996
2007,10,3,5,91,2.7197
2007,11,1,1,131,-10.2578
2007,11,1,2,691,-10.3860
2007,11,1,3,705,-7.3206
2007,11,1,4,282,-11.5086
2007,11,1,5,182,-9.4321
2007,11,2,1,58,-5.8368
2007,11,2,2,220,-7.2314
2007,11,2,3,297,-6.4617
2007,11,2,4,96,-7.7559
2007,11,2,5,82,-6.3402
2007,11,3,1,61,-2.6975
2007,11,3,2,204,-1.9513
2007,11,3,3,302,-3.8958
2007,11,3,4,125,-3.7740
2007,11,3,5,61,-5.6751
2007,12,1,1,187,3.7453
2007,12,1,2,458,-0.8804
2007,12,1,3,713,0.8604
2007,12,1,4,347,0.0985
2007,12,1,5,271,-0.5219
2007,12,2,1,95,0.1960
2007,12,2,2,169,-0.0236
2007,12,2,3,262,-1.4510
2007,12,2,4,123,-3.5347
2007,12,2,5,100,-2.3218
2007,12,3,1,101,1.2794
2007,12,3,2,209,-0.9556
2007,12,3,3,245,1.7711
2007,12,3,4,102,-2.8544
2007,12,3,5,103,-0.6199
2008,1,1,1,177,5.8431
2008,1,1,2,505,-7.9542
2008,1,1,3,479,-4.0715
2008,1,1,4,516,-7.4684
2008,1,1,5,284,-8.5152
2008,1,2,1,91,-2.6377
2008,1,2,2,145,-10.4172
2008,1,2,3,238,-4.4080
2008,1,2,4,186,-8.1114
2008,1,2,5,101,-7.3740
2008,1,3,1,101,-1.4595
2008,1,3,2,135,-6.2578
2008,1,3,3,250,-4.4971
2008,1,3,4,172,-6.8439
2008,1,3,5,100,-7.1506
2008,2,1,1,130,7.7646
2008,2,1,2,532,-1.4678
2008,2,1,3,649,-5.0670
2008,2,1,4,379,-3.7500
2008,2,1,5,297,-0.3249
2008,2,2,1,56,6.3084
2008,2,2,2,212,1.2686
2008,2,2,3,240,-6.7194
2008,2,2,4,127,-3.7989
2008,2,2,5,109,-0.8864
2008,2,3,1,54,-2.0899
2008,2,3,2,246,1.2279
2008,2,3,3,222,-2.7390
2008,2,3,4,121,-1.4793
2008,2,3,5,101,-2.3297
2008,3,1,1,198,-4.5912
2008,3,1,2,570,-1.5310
2008,3,1,3,489,0.6987
2008,3,1,4,492,-0.7304
2008,3,1,5,233,-2.2941
2008,3,2,1,73,-2.0738
2008,3,2,2,191,-1.5744
2008,3,2,3,203,-3.3625
2008,3,2,4,190,1.6923
2008,3,2,5,94,-2.2068
2008,3,3,1,91,-2.6260
2008,3,3,2,175,1.5962
2008,3,3,3,204,-0.3488
2008,3,3,4,177,-1.1179
2008,3,3,5,96,-0.4555
2008,4,1,1,182,4.5145
2008,4,1,2,520,2.6143
2008,4,1,3,512,0.2080
2008,4,1,4,547,2.9083
2008,4,1,5,233,5.2597
2008,4,2,1,68,5.5669
2008,4,2,2,156,6.5779
2008,4,2,3,202,1.4119
2008,4,2,4,212,3.5770
2008,4,2,5,96,-0.0733
2008,4,3,1,91,6.6262
2008,4,3,2,129,4.1288
2008,4,3,3,216,2.6989
2008,4,3,4,209,5.7347
2008,4,3,5,93,3.9017
2008,5,1,1,188,4.6943
2008,5,1,2,282,3.6977
2008,5,1,3,934,3.6491
2008,5,1,4,273,6.9836
2008,5,1,5,286,4.3960
2008,5,2,1,79,3.2031
2008,5,2,2,96,4.9596
2008,5,2,3,310,11.2945
2008,5,2,4,144,4.2878
2008,5,2,5,123,2.8563
2008,5,3,1,92,3.6613
2008,5,3,2,69,-0.0015
2008,5,3,3,251,4.8206
2008,5,3,4,211,3.5996
2008,5,3,5,110,4.8628
2008,6,1,1,160,-11.8980
2008,6,1,2,401,-11.6238
2008,6,1,3,679,-10.4682
2008,6,1,4,429,-6.6032
2008,6,1,5,278,-13.0220
2008,6,2,1,72,-12.9944
2008,6,2,2,133,-0.4418
2008,6,2,3,225,-13.1915
2008,6,2,4,187,-7.6187
2008,6,2,5,126,-12.7486
2008,6,3,1,63,-9.7996
2008,6,3,2,127,-5.2425
2008,6,3,3,217,-9.6383
2008,6,3,4,223,-4.7682
2008,6,3,5,112,-9.1903
2008,7,1,1,175,-0.0712
2008,7,1,2,526,3.4319
2008,7,1,3,548,3.3020
2008,7,1,4,389,5.1271
2008,7,1,5,308,4.4645
2008,7,2,1,71,-0.7315
2008,7,2,2,147,2.7164
2008,7,2,3,208,4.7350
2008,7,2,4,210,1.1018
2008,7,2,5,121,6.9501
2008,7,3,1,55,-5.0329
2008,7,3,2,142,-0.1452
2008,7,3,3,184,1.4354
2008,7,3,4,258,-4.2466
2008,7,3,5,107,1.6317
2008,8,1,1,147,2.8588
2008,8,1,2,328,5.7589
2008,8,1,3,788,1.1988
2008,8,1,4,470,2.9469
2008,8,1,5,190,6.5107
2008,8,2,1,42,4.7805
2008,8,2,2,146,4.2848
2008,8,2,3,278,5.3905
2008,8,2,4,216,4.2733
2008,8,2,5,87,-0.5918
2008,8,3,1,46,3.1330
2008,8,3,2,111,2.9655
2008,8,3,3,264,2.8577
2008,8,3,4,225,0.5694
2008,8,3,5,101,0.3378
2008,9,1,1,206,-6.0106
2008,9,1,2,233,-11.2821
2008,9,1,3,801,-9.1254
2008,9,1,4,493,-11.5625
2008,9,1,5,183,-13.5803
2008,9,2,1,87,-6.4356
2008,9,2,2,104,-14.9520
2008,9,2,3,268,-8.2692
2008,9,2,4,237,-10.7101
2008,9,2,5,71,-13.4630
2008,9,3,1,87,-6.3970
2008,9,3,2,107,-12.6091
2008,9,3,3,265,-9.1097
2008,9,3,4,191,-13.5264
2008,9,3,5,89,-15.5896
2008,10,1,1,187,-24.8728
2008,10,1,2,231,-26.5777
2008,10,1,3,787,-22.0951
2008,10,1,4,499,-24.2384
2008,10,1,5,230,-24.0104
2008,10,2,1,63,-28.7748
2008,10,2,2,121,-24.2504
2008,10,2,3,250,-23.0625
2008,10,2,4,209,-21.4251
2008,10,2,5,93,-30.4732
2008,10,3,1,68,-21.3523
2008,10,3,2,125,-19.7199
2008,10,3,3,239,-18.7981
2008,10,3,4,203,-17.9809
2008,10,3,5,99,-22.9246
2008,11,1,1,137,-7.3530
2008,11,1,2,517,-20.5175
2008,11,1,3,661,-15.4104
2008,11,1,4,350,-19.3036
2008,11,1,5,188,-21.6118
2008,11,2,1,52,-16.0152
2008,11,2,2,206,-12.7811
2008,11,2,3,254,-14.1506
2008,11,2,4,175,-10.6097
2008,11,2,5,97,-15.5073
2008,11,3,1,48,-2.6018
2008,11,3,2,187,-6.2911
2008,11,3,3,215,-11.4090
2008,11,3,4,192,-7.7253
2008,11,3,5,104,-8.8405
2008,12,1,1,239,2.6710
2008,12,1,2,536,7.3737
2008,12,1,3,436,3.7400
2008,12,1,4,407,9.5080
2008,12,1,5,208,0.2469
2008,12,2,1,106,6.4208
2008,12,2,2,221,7.6069
2008,12,2,3,135,4.8169
2008,12,2,4,195,9.1580
2008,12,2,5,125,8.3081
2008,12,3,1,114,6.0935
2008,12,3,2,234,2.8106
2008,12,3,3,128,3.9904
2008,12,3,4,166,5.5877
2008,12,3,5,110,2.3611
2009,1,1,1,237,-14.8983
2009,1,1,2,533,-11.3146
2009,1,1,3,367,-7.4844
2009,1,1,4,485,-5.9178
2009,1,1,5,186,-4.1713
2009,1,2,1,107,-13.0714
2009,1,2,2,216,-7.7898
2009,1,2,3,123,-10.0705
2009,1,2,4,223,-8.7378
2009,1,2,5,110,-7.8419
2009,1,3,1,115,-10.5098
2009,1,3,2,236,-8.3362
2009,1,3,3,103,-11.5000
2009,1,3,4,200,-4.5617
2009,1,3,5,97,-1.8397
2009,2,1,1,274,-21.9569
2009,2,1,2,390,-16.8352
2009,2,1,3,312,-10.8755
2009,2,1,4,440,-11.6337
2009,2,1,5,363,-9.3490
2009,2,2,1,116,-18.2667
2009,2,2,2,192,-10.1716
2009,2,2,3,160,-6.7615
2009,2,2,4,180,-14.1552
2009,2,2,5,150,-17.2925
2009,2,3,1,86,-13.3001
2009,2,3,2,198,-10.5654
2009,2,3,3,169,-7.1073
2009,2,3,4,141,-11.2308
2009,2,3,5,154,-11.2063
2009,3,1,1,295,10.7523
2009,3,1,2,409,12.3835
2009,3,1,3,488,8.6639
2009,3,1,4,358,12.9095
2009,3,1,5,169,11.0086
2009,3,2,1,145,16.0745
2009,3,2,2,202,12.8547
2009,3,2,3,225,8.6526
2009,3,2,4,172,7.8144
2009,3,2,5,80,7.6933
2009,3,3,1,105,15.9181
2009,3,3,2,204,8.7706
2009,3,3,3,180,7.8154
2009,3,3,4,203,6.2111
2009,3,3,5,64,5.2936
2009,4,1,1,368,35.3677
2009,4,1,2,300,37.0951
2009,4,1,3,545,27.8435
2009,4,1,4,354,20.1946
2009,4,1,5,152,16.6169
2009,4,2,1,193,29.3353
2009,4,2,2,133,38.3747
2009,4,2,3,260,24.5862
2009,4,2,4,149,17.9031
2009,4,2,5,75,22.9988
2009,4,3,1,157,20.4563
2009,4,3,2,109,23.0294
2009,4,3,3,239,13.5252
2009,4,3,4,181,12.8192
2009,4,3,5,63,7.4540
2009,5,1,1,383,13.0944
2009,5,1,2,462,14.1906
2009,5,1,3,402,11.1474
2009,5,1,4,354,17.1180
2009,5,1,5,156,11.1464
2009,5,2,1,190,2.5875
2009,5,2,2,219,8.0604
2009,5,2,3,160,4.1237
2009,5,2,4,128,4.4961
2009,5,2,5,63,10.7670
2009,5,3,1,173,2.5073
2009,5,3,2,240,7.1919
2009,5,3,3,129,-0.7601
2009,5,3,4,138,4.4676
2009,5,3,5,59,7.5098
2009,6,1,1,190,4.1151
2009,6,1,2,464,4.1589
2009,6,1,3,282,10.9181
2009,6,1,4,664,5.8166
2009,6,1,5,136,-6.0977
2009,6,2,1,104,-0.3303
2009,6,2,2,212,-2.1537
2009,6,2,3,101,-0.1087
2009,6,2,4,273,1.5170
2009,6,2,5,74,-1.8495
2009,6,3,1,98,-0.9788
2009,6,3,2,228,-1.2441
2009,6,3,3,95,1.0357
2009,6,3,4,263,-0.6340
2009,6,3,5,53,-1.4895
2009,7,1,1,166,12.3430
2009,7,1,2,348,10.7787
2009,7,1,3,312,14.8667
2009,7,1,4,512,8.9358
2009,7,1,5,333,4.5965
2009,7,2,1,78,10.1995
2009,7,2,2,175,10.1788
2009,7,2,3,123,14.6466
2009,7,2,4,201,10.9608
2009,7,2,5,170,8.0433
2009,7,3,1,78,7.7981
2009,7,3,2,215,10.0157
2009,7,3,3,101,14.1731
2009,7,3,4,207,6.9866
2009,7,3,5,133,7.9622
2009,8,1,1,133,5.8972
2009,8,1,2,281,4.8243
2009,8,1,3,383,6.2613
2009,8,1,4,490,3.3522
2009,8,1,5,399,4.5285
2009,8,2,1,55,6.4588
2009,8,2,2,116,2.6879
2009,8,2,3,170,5.6758
2009,8,2,4,199,2.6210
2009,8,2,5,185,2.6357
2009,8,3,1,41,5.0300
2009,8,3,2,148,2.5278
2009,8,3,3,153,3.7679
2009,8,3,4,207,2.1213
2009,8,3,5,182,3.1091
2009,9,1,1,197,9.8518
2009,9,1,2,254,16.1616
2009,9,1,3,407,6.6386
2009,9,1,4,374,8.9095
2009,9,1,5,467,4.3347
2009,9,2,1,84,8.6789
2009,9,2,2,111,11.3244
2009,9,2,3,178,5.6361
2009,9,2,4,150,9.9536
2009,9,2,5,189,6.2276
2009,9,3,1,82,4.5642
2009,9,3,2,118,7.8479
2009,9,3,3,133,2.2853
2009,9,3,4,207,4.0627
2009,9,3,5,183,4.1541
2009,10,1,1,203,-8.8186
2009,10,1,2,234,-11.5033
2009,10,1,3,421,-7.9768
2009,10,1,4,376,-8.7449
2009,10,1,5,468,-5.5788
2009,10,2,1,77,-6.3136
2009,10,2,2,103,-5.7130
2009,10,2,3,183,-6.2890
2009,10,2,4,157,-6.2348
2009,10,2,5,189,-6.5224
2009,10,3,1,80,-3.0901
2009,10,3,2,122,-1.6865
2009,10,3,3,136,-6.4542
2009,10,3,4,202,-3.1691
2009,10,3,5,184,-1.9238
2009,11,1,1,202,0.8474
2009,11,1,2,293,3.4565
2009,11,1,3,497,3.2491
2009,11,1,4,307,3.3513
2009,11,1,5,389,2.0175
2009,11,2,1,118,1.8803
2009,11,2,2,119,4.7544
2009,11,2,3,205,3.2719
2009,11,2,4,89,7.4872
2009,11,2,5,182,2.8587
2009,11,3,1,168,8.0798
2009,11,3,2,131,5.3910
2009,11,3,3,164,7.2565
2009,11,3,4,89,8.1879
2009,11,3,5,176,5.0755
2009,12,1,1,229,8.0747
2009,12,1,2,250,6.3257
2009,12,1,3,300,8.8160
2009,12,1,4,497,8.3178
2009,12,1,5,400,8.4333
2009,12,2,1,117,7.8933
2009,12,2,2,112,8.7529
2009,12,2,3,130,13.0228
2009,12,2,4,197,4.7593
2009,12,2,5,154,10.8977
2009,12,3,1,119,5.7828
2009,12,3,2,168,2.5154
2009,12,3,3,107,5.3251
2009,12,3,4,195,1.2393
2009,12,3,5,146,3.2807
2010,1,1,1,240,-6.3901
2010,1,1,2,238,-2.0839
2010,1,1,3,335,-3.0157
2010,1,1,4,437,-0.1728
2010,1,1,5,408,-1.9586
2010,1,2,1,117,-4.6741
2010,1,2,2,112,-5.0323
2010,1,2,3,143,-4.3814
2010,1,2,4,186,-5.6664
2010,1,2,5,164,-2.4415
2010,1,3,1,136,-6.0955
2010,1,3,2,152,-3.3896
2010,1,3,3,119,-3.9688
2010,1,3,4,162,-4.0481
2010,1,3,5,165,-3.1809
2010,2,1,1,209,4.5277
2010,2,1,2,246,6.6137
2010,2,1,3,443,7.3434
2010,2,1,4,517,3.6626
2010,2,1,5,250,3.1944
2010,2,2,1,86,6.1518
2010,2,2,2,120,4.5325
2010,2,2,3,169,7.4623
2010,2,2,4,216,3.8431
2010,2,2,5,112,5.2178
2010,2,3,1,112,4.5349
2010,2,3,2,150,5.7824
2010,2,3,3,152,5.8561
2010,2,3,4,211,3.3762
2010,2,3,5,116,5.0136
2010,3,1,1,125,6.6604
2010,3,1,2,330,7.6837
2010,3,1,3,666,7.8174
2010,3,1,4,378,8.7460
2010,3,1,5,159,9.8747
2010,3,2,1,67,11.5212
2010,3,2,2,161,6.4534
2010,3,2,3,245,9.4980
2010,3,2,4,149,10.0910
2010,3,2,5,86,6.5918
2010,3,3,1,55,7.3144
2010,3,3,2,205,6.4558
2010,3,3,3,228,6.8980
2010,3,3,4,147,6.5946
2010,3,3,5,101,5.5297
2010,4,1,1,109,11.8071
2010,4,1,2,380,8.0798
2010,4,1,3,528,5.1142
2010,4,1,4,458,6.8982
2010,4,1,5,182,7.2188
2010,4,2,1,67,9.2246
2010,4,2,2,158,6.3286
2010,4,2,3,186,6.7244
2010,4,2,4,180,6.9348
2010,4,2,5,102,6.9347
2010,4,3,1,56,1.5611
2010,4,3,2,232,4.0465
2010,4,3,3,169,2.4481
2010,4,3,4,186,4.0860
2010,4,3,5,104,1.7497
2010,5,1,1,73,-8.3677
2010,5,1,2,314,-7.6276
2010,5,1,3,526,-9.5990
2010,5,1,4,484,-6.2258
2010,5,1,5,265,-8.7264
2010,5,2,1,47,-11.6748
2010,5,2,2,159,-9.3999
2010,5,2,3,155,-5.8590
2010,5,2,4,192,-7.1205
2010,5,2,5,136,-5.8697
2010,5,3,1,37,-10.2954
2010,5,3,2,200,-7.0615
2010,5,3,3,192,-8.4544
2010,5,3,4,169,-6.4094
2010,5,3,5,140,-6.9441
2010,6,1,1,109,-10.0983
2010,6,1,2,274,-5.4840
2010,6,1,3,553,-8.5963
2010,6,1,4,294,-8.2640
2010,6,1,5,431,-9.4303
2010,6,2,1,54,-11.7062
2010,6,2,2,133,-7.9646
2010,6,2,3,186,-6.2580
2010,6,2,4,111,-9.6475
2010,6,2,5,203,-8.1351
2010,6,3,1,51,-10.7888
2010,6,3,2,170,-3.1651
2010,6,3,3,204,-4.9917
2010,6,3,4,132,-5.9588
2010,6,3,5,191,-6.6992
2010,7,1,1,96,10.7900
2010,7,1,2,403,4.9996
2010,7,1,3,275,5.6188
2010,7,1,4,498,5.0306
2010,7,1,5,351,9.7194
2010,7,2,1,45,10.5490
2010,7,2,2,169,6.6235
2010,7,2,3,105,3.6706
2010,7,2,4,219,7.1373
2010,7,2,5,170,8.7482
2010,7,3,1,46,12.0125
2010,7,3,2,204,7.6906
2010,7,3,3,117,4.3294
2010,7,3,4,227,5.7876
2010,7,3,5,155,7.0108
2010,8,1,1,133,-10.3559
2010,8,1,2,236,-7.4462
2010,8,1,3,559,-7.7693
2010,8,1,4,242,-8.5268
2010,8,1,5,439,-9.5891
2010,8,2,1,59,-5.6699
2010,8,2,2,141,-6.0988
2010,8,2,3,185,-1.5404
2010,8,2,4,147,-6.4953
2010,8,2,5,184,-11.2124
2010,8,3,1,91,-2.8950
2010,8,3,2,153,-3.8302
2010,8,3,3,186,-2.7563
2010,8,3,4,144,-5.3016
2010,8,3,5,171,-7.0816
2010,9,1,1,111,10.5725
2010,9,1,2,230,12.0243
2010,9,1,3,600,11.9404
2010,9,1,4,216,13.8927
2010,9,1,5,464,14.8405
2010,9,2,1,76,7.8983
2010,9,2,2,80,9.8517
2010,9,2,3,243,13.5050
2010,9,2,4,94,15.8353
2010,9,2,5,208,16.9557
2010,9,3,1,135,3.9563
2010,9,3,2,95,8.4616
2010,9,3,3,216,11.5358
2010,9,3,4,117,13.6902
2010,9,3,5,182,12.0684
2010,10,1,1,87,6.2564
2010,10,1,2,346,3.5866
2010,10,1,3,523,4.4739
2010,10,1,4,246,6.2387
2010,10,1,5,413,5.1426
2010,10,2,1,66,4.7013
2010,10,2,2,132,4.5603
2010,10,2,3,208,3.7201
2010,10,2,4,99,6.5102
2010,10,2,5,187,2.0114
2010,10,3,1,130,6.4231
2010,10,3,2,109,2.5867
2010,10,3,3,219,3.9745
2010,10,3,4,126,6.6486
2010,10,3,5,166,2.5769
2010,11,1,1,90,6.1218
2010,11,1,2,262,3.6650
2010,11,1,3,530,5.8881
2010,11,1,4,491,3.7539
2010,11,1,5,230,2.6364
2010,11,2,1,44,7.3625
2010,11,2,2,124,4.9704
2010,11,2,3,204,2.0326
2010,11,2,4,240,5.5898
2010,11,2,5,94,2.6059
2010,11,3,1,34,2.9598
2010,11,3,2,159,1.0510
2010,11,3,3,232,-0.1249
2010,11,3,4,212,3.1139
2010,11,3,5,102,-0.6957
2010,12,1,1,149,12.0827
2010,12,1,2,290,9.6315
2010,12,1,3,391,9.0603
2010,12,1,4,573,7.0742
2010,12,1,5,195,9.3320
2010,12,2,1,78,10.3945
2010,12,2,2,131,11.0207
2010,12,2,3,147,8.0297
2010,12,2,4,268,5.5358
2010,12,2,5,78,7.7191
2010,12,3,1,78,8.7855
2010,12,3,2,154,5.9480
2010,12,3,3,187,8.3754
2010,12,3,4,231,4.8466
2010,12,3,5,89,6.0188
2011,1,1,1,163,-3.4949
2011,1,1,2,446,-3.3697
2011,1,1,3,231,-3.6958
2011,1,1,4,434,-1.6608
2011,1,1,5,305,-0.5285
2011,1,2,1,73,1.6863
2011,1,2,2,175,-1.5747
2011,1,2,3,108,2.0145
2011,1,2,4,207,0.3205
2011,1,2,5,145,0.4885
2011,1,3,1,87,3.2774
2011,1,3,2,199,0.1188
2011,1,3,3,124,1.4058
2011,1,3,4,188,1.4359
2011,1,3,5,138,2.6301
2011,2,1,1,163,6.7369
2011,2,1,2,524,3.9651
2011,2,1,3,132,4.6659
2011,2,1,4,405,2.5672
2011,2,1,5,367,6.1532
2011,2,2,1,98,9.3824
2011,2,2,2,174,3.5146
2011,2,2,3,57,3.5082
2011,2,2,4,181,4.6741
2011,2,2,5,180,6.3301
2011,2,3,1,148,2.4116
2011,2,3,2,178,4.4885
2011,2,3,3,72,4.0318
2011,2,3,4,194,2.1348
2011,2,3,5,145,3.9029
2011,3,1,1,141,2.1200
2011,3,1,2,305,2.3799
2011,3,1,3,328,-0.5718
2011,3,1,4,491,1.8028
2011,3,1,5,348,21.0096
2011,3,2,1,83,4.9265
2011,3,2,2,109,3.1849
2011,3,2,3,135,3.4958
2011,3,2,4,185,3.5870
2011,3,2,5,155,1.9540
2011,3,3,1,100,3.1994
2011,3,3,2,146,2.0677
2011,3,3,3,144,1.5635
2011,3,3,4,185,-0.4342
2011,3,3,5,161,2.7882
2011,4,1,1,143,0.1504
2011,4,1,2,368,-0.2663
2011,4,1,3,252,-8.0024
2011,4,1,4,486,2.7657
2011,4,1,5,342,1.0765
2011,4,2,1,82,1.3302
2011,4,2,2,128,1.6839
2011,4,2,3,124,-0.1141
2011,4,2,4,178,2.1467
2011,4,2,5,162,2.6946
2011,4,3,1,98,1.2546
2011,4,3,2,158,3.1289
2011,4,3,3,123,2.3083
2011,4,3,4,204,2.8851
2011,4,3,5,156,4.7355
2011,5,1,1,123,-1.8057
2011,5,1,2,158,-3.3024
2011,5,1,3,509,-3.8101
2011,5,1,4,507,-2.1779
2011,5,1,5,283,1.7863
2011,5,2,1,66,-1.6176
2011,5,2,2,82,-0.6803
2011,5,2,3,196,-4.3160
2011,5,2,4,194,-0.4742
2011,5,2,5,132,0.6342
2011,5,3,1,100,0.8161
2011,5,3,2,107,0.8207
2011,5,3,3,196,-4.0149
2011,5,3,4,212,-0.5015
2011,5,3,5,123,0.1822
2011,6,1,1,133,-4.0080
2011,6,1,2,461,-3.4371
2011,6,1,3,332,-3.7744
2011,6,1,4,370,-2.3378
2011,6,1,5,261,-1.9076
2011,6,2,1,88,-2.7514
2011,6,2,2,188,-0.2830
2011,6,2,3,106,-0.3341
2011,6,2,4,176,-1.5621
2011,6,2,5,133,-2.1918
2011,6,3,1,141,-2.9300
2011,6,3,2,141,-0.7949
2011,6,3,3,142,-0.9492
2011,6,3,4,167,-0.8606
2011,6,3,5,141,-1.1526
2011,7,1,1,263,-3.6317
2011,7,1,2,394,-1.7210
2011,7,1,3,252,-0.6584
2011,7,1,4,303,-2.0992
2011,7,1,5,309,-2.4801
2011,7,2,1,141,-2.2592
2011,7,2,2,140,-6.5924
2011,7,2,3,102,-6.2236
2011,7,2,4,156,-4.6970
2011,7,2,5,162,-4.0659
2011,7,3,1,178,-2.6483
2011,7,3,2,120,-4.0638
2011,7,3,3,137,-5.3645
2011,7,3,4,150,-3.7021
2011,7,3,5,149,-0.8137
2011,8,1,1,366,-12.3830
2011,8,1,2,370,-12.8444
2011,8,1,3,169,-12.0686
2011,8,1,4,292,-8.5271
2011,8,1,5,338,-14.5750
2011,8,2,1,171,-9.8508
2011,8,2,2,134,-5.2822
2011,8,2,3,84,-10.3563
2011,8,2,4,135,-9.9489
2011,8,2,5,172,-6.3574
2011,8,3,1,160,-5.8348
2011,8,3,2,165,-3.9153
2011,8,3,3,104,-4.8621
2011,8,3,4,132,-6.1026
2011,8,3,5,170,-4.1072
2011,9,1,1,229,-14.7464
2011,9,1,2,319,-13.2737
2011,9,1,3,403,-14.7592
2011,9,1,4,309,-11.0869
2011,9,1,5,278,-11.7532
2011,9,2,1,94,-16.9466
2011,9,2,2,151,-12.6188
2011,9,2,3,139,-16.6003
2011,9,2,4,154,-10.4748
2011,9,2,5,145,-10.8777
2011,9,3,1,93,-11.7444
2011,9,3,2,108,-11.3072
2011,9,3,3,190,-10.8248
2011,9,3,4,202,-7.4578
2011,9,3,5,142,-9.8330
2011,10,1,1,235,13.8885
2011,10,1,2,437,14.2407
2011,10,1,3,275,20.1813
2011,10,1,4,389,14.7640
2011,10,1,5,191,11.1376
2011,10,2,1,105,16.5933
2011,10,2,2,153,17.1193
2011,10,2,3,138,19.4241
2011,10,2,4,197,18.0979
2011,10,2,5,90,15.2035
2011,10,3,1,110,14.3804
2011,10,3,2,123,12.3150
2011,10,3,3,138,13.2671
2011,10,3,4,270,14.3024
2011,10,3,5,102,11.6205
2011,11,1,1,137,-2.1454
2011,11,1,2,450,-3.3975
2011,11,1,3,369,-3.3726
2011,11,1,4,382,-1.0919
2011,11,1,5,188,-3.1478
2011,11,2,1,58,0.6858
2011,11,2,2,175,-3.5281
2011,11,2,3,164,0.8465
2011,11,2,4,185,-0.0501
2011,11,2,5,99,1.5359
2011,11,3,1,87,0.2779
2011,11,3,2,145,0.4121
2011,11,3,3,219,0.6330
2011,11,3,4,182,-0.0122
2011,11,3,5,103,3.3540
2011,12,1,1,164,-0.5344
2011,12,1,2,497,-0.1310
2011,12,1,3,360,-0.3978
2011,12,1,4,325,0.5648
2011,12,1,5,169,-1.1378
2011,12,2,1,70,0.9343
2011,12,2,2,209,0.0923
2011,12,2,3,153,-0.7142
2011,12,2,4,156,-1.1665
2011,12,2,5,94,-0.5676
2011,12,3,1,105,1.3301
2011,12,3,2,214,0.3235
2011,12,3,3,152,-1.0695
2011,12,3,4,164,-1.9655
2011,12,3,5,104,-1.0061
2012,1,1,1,185,10.3420
2012,1,1,2,454,10.6091
2012,1,1,3,374,13.9146
2012,1,1,4,370,7.0421
2012,1,1,5,115,12.0688
2012,1,2,1,71,6.1262
2012,1,2,2,190,9.0672
2012,1,2,3,183,6.5368
2012,1,2,4,188,6.6210
2012,1,2,5,65,6.5362
2012,1,3,1,101,6.8278
2012,1,3,2,193,5.7224
2012,1,3,3,171,5.7642
2012,1,3,4,207,5.2794
2012,1,3,5,62,6.4037
2012,2,1,1,193,-0.0318
2012,2,1,2,265,1.3048
2012,2,1,3,458,1.8389
2012,2,1,4,389,1.2094
2012,2,1,5,188,7.0449
2012,2,2,1,99,2.5184
2012,2,2,2,132,1.3738
2012,2,2,3,170,1.8662
2012,2,2,4,192,3.8907
2012,2,2,5,93,4.6561
2012,2,3,1,108,3.2047
2012,2,3,2,130,3.8364
2012,2,3,3,218,3.2040
2012,2,3,4,195,3.0726
2012,2,3,5,87,2.6086
2012,3,1,1,192,-1.4217
2012,3,1,2,232,6.5372
2012,3,1,3,386,2.6529
2012,3,1,4,522,4.5613
2012,3,1,5,163,-1.0519
2012,3,2,1,93,1.4278
2012,3,2,2,132,2.2402
2012,3,2,3,142,1.9475
2012,3,2,4,231,1.9397
2012,3,2,5,83,1.5792
2012,3,3,1,85,-1.8617
2012,3,3,2,159,2.1256
2012,3,3,3,187,1.4320
2012,3,3,4,229,2.8683
2012,3,3,5,81,3.6065
2012,4,1,1,192,-2.6078
2012,4,1,2,277,-1.3718
2012,4,1,3,386,-0.2165
2012,4,1,4,451,-3.1298
2012,4,1,5,186,0.5269
2012,4,2,1,93,-2.0853
2012,4,2,2,160,-1.7440
2012,4,2,3,126,0.4048
2012,4,2,4,208,-3.9122
2012,4,2,5,92,-2.2330
2012,4,3,1,81,-1.9741
2012,4,3,2,229,-0.3366
2012,4,3,3,137,-0.8697
2012,4,3,4,213,-0.6622
2012,4,3,5,86,-0.2165
2012,5,1,1,238,-13.5402
2012,5,1,2,224,-9.5244
2012,5,1,3,415,-6.5342
2012,5,1,4,438,-8.9233
2012,5,1,5,173,-6.2345
2012,5,2,1,142,-9.7989
2012,5,2,2,107,-8.1819
2012,5,2,3,144,-8.1039
2012,5,2,4,192,-6.1115
2012,5,2,5,88,-7.5512
2012,5,3,1,162,-9.5236
2012,5,3,2,155,-6.1782
2012,5,3,3,127,-4.1512
2012,5,3,4,226,-6.1056
2012,5,3,5,85,-6.7721
2012,6,1,1,207,7.0032
2012,6,1,2,406,5.9759
2012,6,1,3,468,7.3414
2012,6,1,4,189,6.1062
2012,6,1,5,204,7.1463
2012,6,2,1,113,5.4893
2012,6,2,2,174,3.9907
2012,6,2,3,205,3.6734
2012,6,2,4,83,5.4188
2012,6,2,5,107,3.7821
2012,6,3,1,147,3.3144
2012,6,3,2,188,3.0155
2012,6,3,3,203,3.5419
2012,6,3,4,88,2.0910
2012,6,3,5,134,1.5156
2012,7,1,1,203,-4.9112
2012,7,1,2,205,-3.9991
2012,7,1,3,527,-2.4152
2012,7,1,4,293,-3.2429
2012,7,1,5,220,-2.7907
2012,7,2,1,110,-0.4061
2012,7,2,2,132,-2.7311
2012,7,2,3,178,-2.5565
2012,7,2,4,157,1.1695
2012,7,2,5,101,1.5588
2012,7,3,1,146,-1.0069
2012,7,3,2,148,-2.8490
2012,7,3,3,179,-0.3215
2012,7,3,4,161,1.0312
2012,7,3,5,122,1.2882
2012,8,1,1,226,3.4163
2012,8,1,2,383,2.4486
2012,8,1,3,277,3.8378
2012,8,1,4,326,4.4895
2012,8,1,5,228,1.9621
2012,8,2,1,125,0.7599
2012,8,2,2,171,5.5677
2012,8,2,3,134,6.9793
2012,8,2,4,138,4.8498
2012,8,2,5,121,0.5682
2012,8,3,1,146,2.3898
2012,8,3,2,180,4.5465
2012,8,3,3,133,4.4367
2012,8,3,4,152,4.4120
2012,8,3,5,138,1.2610
2012,9,1,1,217,4.0495
2012,9,1,2,421,4.1382
2012,9,1,3,233,4.7684
2012,9,1,4,336,5.1611
2012,9,1,5,229,4.9382
2012,9,2,1,128,4.5868
2012,9,2,2,160,6.1056
2012,9,2,3,100,1.7483
2012,9,2,4,176,2.5738
2012,9,2,5,120,2.9573
2012,9,3,1,132,2.7189
2012,9,3,2,198,4.0252
2012,9,3,3,113,2.9141
2012,9,3,4,170,3.3765
2012,9,3,5,136,2.3238
2012,10,1,1,219,1.9473
2012,10,1,2,372,-6.1087
2012,10,1,3,188,-0.6668
2012,10,1,4,435,-2.9457
2012,10,1,5,210,1.1027
2012,10,2,1,123,2.3902
2012,10,2,2,148,-4.5055
2012,10,2,3,93,1.4271
2012,10,2,4,215,-0.8536
2012,10,2,5,109,-2.1290
2012,10,3,1,133,1.8243
2012,10,3,2,170,-3.1472
2012,10,3,3,102,0.8506
2012,10,3,4,210,-1.7558
2012,10,3,5,130,0.1078
2012,11,1,1,227,-3.5950
2012,11,1,2,246,-1.0569
2012,11,1,3,380,1.5918
2012,11,1,4,307,1.2741
2012,11,1,5,274,2.5089
2012,11,2,1,121,1.6851
2012,11,2,2,122,-2.0683
2012,11,2,3,131,2.5212
2012,11,2,4,144,4.5695
2012,11,2,5,160,1.5430
2012,11,3,1,162,0.5693
2012,11,3,2,121,0.1971
2012,11,3,3,146,2.5395
2012,11,3,4,140,0.3718
2012,11,3,5,177,2.0056
2012,12,1,1,260,3.3263
2012,12,1,2,184,4.3608
2012,12,1,3,390,3.9553
2012,12,1,4,291,4.4887
2012,12,1,5,304,1.1654
2012,12,2,1,143,6.7312
2012,12,2,2,92,2.6702
2012,12,2,3,144,4.0464
2012,12,2,4,141,3.2482
2012,12,2,5,155,3.1012
2012,12,3,1,143,2.6583
2012,12,3,2,121,0.4668
2012,12,3,3,176,3.0129
2012,12,3,4,121,0.6491
2012,12,3,5,185,1.3469
2013,1,1,1,256,0.9627
2013,1,1,2,330,3.7556
2013,1,1,3,221,6.4258
2013,1,1,4,310,3.9293
2013,1,1,5,306,7.4519
2013,1,2,1,142,4.3173
2013,1,2,2,121,6.1269
2013,1,2,3,108,6.8484
2013,1,2,4,151,4.4867
2013,1,2,5,147,8.0126
2013,1,3,1,146,2.4129
2013,1,3,2,145,3.5747
2013,1,3,3,140,8.7258
2013,1,3,4,128,7.0875
2013,1,3,5,184,5.9152
2013,2,1,1,153,-1.8613
2013,2,1,2,328,1.5974
2013,2,1,3,456,-0.0136
2013,2,1,4,297,-0.6030
2013,2,1,5,187,-0.5096
2013,2,2,1,93,-1.9103
2013,2,2,2,153,0.9209
2013,2,2,3,176,1.9518
2013,2,2,4,151,3.9166
2013,2,2,5,100,3.2243
2013,2,3,1,118,-2.6634
2013,2,3,2,170,1.4049
2013,2,3,3,167,-0.5577
2013,2,3,4,171,3.6757
2013,2,3,5,114,2.7383
2013,3,1,1,139,2.2565
2013,3,1,2,547,3.3721
2013,3,1,3,197,4.3102
2013,3,1,4,405,5.0781
2013,3,1,5,135,6.1688
2013,3,2,1,79,3.6283
2013,3,2,2,216,4.8176
2013,3,2,3,102,6.6697
2013,3,2,4,185,5.3189
2013,3,2,5,85,4.2985
2013,3,3,1,93,3.5244
2013,3,3,2,229,4.7667
2013,3,3,3,93,6.2399
2013,3,3,4,230,3.7420
2013,3,3,5,97,4.8674
2013,4,1,1,228,0.0196
2013,4,1,2,431,1.8282
2013,4,1,3,216,1.0404
2013,4,1,4,410,0.1101
2013,4,1,5,134,-2.9383
2013,4,2,1,96,-1.7570
2013,4,2,2,179,-0.0822
2013,4,2,3,111,-1.2421
2013,4,2,4,189,-2.0893
2013,4,2,5,88,-6.0084
2013,4,3,1,106,0.3795
2013,4,3,2,204,0.0969
2013,4,3,3,115,2.4890
2013,4,3,4,225,0.3541
2013,4,3,5,95,-0.0836
2013,5,1,1,164,4.6345
2013,5,1,2,422,5.6492
2013,5,1,3,306,6.9209
2013,5,1,4,378,4.3768
2013,5,1,5,141,4.6852
2013,5,2,1,88,3.1780
2013,5,2,2,185,5.4279
2013,5,2,3,130,6.7345
2013,5,2,4,181,6.1376
2013,5,2,5,89,3.5410
2013,5,3,1,145,0.7243
2013,5,3,2,191,5.0009
2013,5,3,3,125,3.5689
2013,5,3,4,186,2.1382
2013,5,3,5,101,1.0431
2013,6,1,1,197,-0.0766
2013,6,1,2,282,0.0601
2013,6,1,3,499,1.4469
2013,6,1,4,324,0.2514
2013,6,1,5,114,3.5505
2013,6,2,1,103,-3.7228
2013,6,2,2,124,-3.9265
2013,6,2,3,210,0.5530
2013,6,2,4,160,0.3539
2013,6,2,5,71,1.3612
2013,6,3,1,155,-4.0889
2013,6,3,2,142,-4.7160
2013,6,3,3,208,-1.6832
2013,6,3,4,166,-0.8533
2013,6,3,5,88,-0.0716
2013,7,1,1,167,6.8132
2013,7,1,2,194,7.5043
2013,7,1,3,572,7.0956
2013,7,1,4,317,7.2428
2013,7,1,5,134,5.8623
2013,7,2,1,79,7.2261
2013,7,2,2,121,4.7905
2013,7,2,3,248,6.8186
2013,7,2,4,144,5.0698
2013,7,2,5,84,6.0515
2013,7,3,1,72,3.5899
2013,7,3,2,193,4.3033
2013,7,3,3,217,4.8620
2013,7,3,4,169,5.1066
2013,7,3,5,97,9.3369
2013,8,1,1,111,-0.7269
2013,8,1,2,348,-3.4997
2013,8,1,3,419,-2.6992
2013,8,1,4,348,-1.3303
2013,8,1,5,158,-1.9718
2013,8,2,1,54,-4.1747
2013,8,2,2,173,-3.4090
2013,8,2,3,174,-3.3582
2013,8,2,4,191,-0.7915
2013,8,2,5,91,-2.6146
2013,8,3,1,41,-1.1394
2013,8,3,2,183,-2.0476
2013,8,3,3,197,-3.0031
2013,8,3,4,215,-1.8958
2013,8,3,5,113,-1.7985
2013,9,1,1,178,3.6264
2013,9,1,2,302,5.3284
2013,9,1,3,504,4.5463
2013,9,1,4,226,7.2077
2013,9,1,5,168,6.3270
2013,9,2,1,81,2.9150
2013,9,2,2,167,8.0860
2013,9,2,3,227,6.5316
2013,9,2,4,118,8.0510
2013,9,2,5,85,7.6379
2013,9,3,1,62,4.5191
2013,9,3,2,191,3.7706
2013,9,3,3,247,4.4022
2013,9,3,4,145,4.9649
2013,9,3,5,116,4.7492
2013,10,1,1,255,1.5577
2013,10,1,2,177,2.3322
2013,10,1,3,513,3.8891
2013,10,1,4,292,2.1864
2013,10,1,5,161,3.3388
2013,10,2,1,81,2.7988
2013,10,2,2,120,4.3634
2013,10,2,3,257,2.1400
2013,10,2,4,124,3.7090
2013,10,2,5,89,4.5624
2013,10,3,1,76,1.8360
2013,10,3,2,150,4.8109
2013,10,3,3,273,4.6598
2013,10,3,4,149,5.6015
2013,10,3,5,111,5.0573
2013,11,1,1,145,3.9735
2013,11,1,2,539,2.8172
2013,11,1,3,434,5.0262
2013,11,1,4,151,4.1270
2013,11,1,5,128,7.1375
2013,11,2,1,90,2.0424
2013,11,2,2,226,4.0562
2013,11,2,3,195,4.5906
2013,11,2,4,84,4.7507
2013,11,2,5,84,4.0498
2013,11,3,1,94,-1.3615
2013,11,3,2,241,2.9060
2013,11,3,3,197,2.2912
2013,11,3,4,104,2.1882
2013,11,3,5,115,3.2220
2013,12,1,1,216,4.1355
2013,12,1,2,458,1.4304
2013,12,1,3,390,2.8792
2013,12,1,4,204,2.5457
2013,12,1,5,128,3.2774
2013,12,2,1,93,4.3743
2013,12,2,2,226,1.7709
2013,12,2,3,184,3.5577
2013,12,2,4,88,2.6390
2013,12,2,5,85,2.2335
2013,12,3,1,87,4.2777
2013,12,3,2,258,2.3447
2013,12,3,3,194,4.1913
2013,12,3,4,107,3.0442
2013,12,3,5,113,3.0639
2014,1,1,1,235,3.9799
2014,1,1,2,363,-2.5510
2014,1,1,3,438,-0.8272
2014,1,1,4,233,-3.6572
2014,1,1,5,126,-5.5184
2014,1,2,1,108,-4.6597
2014,1,2,2,166,-1.7537
2014,1,2,3,219,-3.6276
2014,1,2,4,99,-4.9220
2014,1,2,5,89,-1.0828
2014,1,3,1,101,-2.8070
2014,1,3,2,214,-3.4315
2014,1,3,3,212,-4.2790
2014,1,3,4,121,-4.8936
2014,1,3,5,108,-2.7021
2014,2,1,1,163,6.1025
2014,2,1,2,411,3.1910
2014,2,1,3,403,3.2936
2014,2,1,4,249,5.7871
2014,2,1,5,166,5.2474
2014,2,2,1,83,5.7257
2014,2,2,2,177,4.6856
2014,2,2,3,213,4.6349
2014,2,2,4,99,5.3302
2014,2,2,5,118,6.7809
2014,2,3,1,64,5.6483
2014,2,3,2,227,4.9790
2014,2,3,3,243,4.2376
2014,2,3,4,78,4.2116
2014,2,3,5,146,5.9631
2014,3,1,1,265,0.2711
2014,3,1,2,465,-0.2087
2014,3,1,3,303,-0.0018
2014,3,1,4,222,0.4478
2014,3,1,5,129,3.4833
2014,3,2,1,160,0.1803
2014,3,2,2,201,-2.0305
2014,3,2,3,148,-0.1868
2014,3,2,4,107,0.4076
2014,3,2,5,86,2.4310
2014,3,3,1,160,2.2500
2014,3,3,2,198,0.1373
2014,3,3,3,149,-1.7670
2014,3,3,4,137,0.8497
2014,3,3,5,116,-0.2952
2014,4,1,1,287,-6.1920
2014,4,1,2,430,-5.8543
2014,4,1,3,342,-5.3790
2014,4,1,4,255,-5.3624
2014,4,1,5,109,-1.9472
2014,4,2,1,152,-2.8967
2014,4,2,2,179,-3.4240
2014,4,2,3,155,-3.0700
2014,4,2,4,115,-4.7157
2014,4,2,5,87,-1.4704
2014,4,3,1,162,3.2246
2014,4,3,2,171,-0.3045
2014,4,3,3,189,0.5069
2014,4,3,4,117,-0.0397
2014,4,3,5,121,-0.2109
2014,5,1,1,356,-0.8951
2014,5,1,2,382,-0.7851
2014,5,1,3,316,0.3814
2014,5,1,4,298,-0.1238
2014,5,1,5,72,-2.0363
2014,5,2,1,140,-1.2396
2014,5,2,2,194,0.0031
2014,5,2,3,172,1.0280
2014,5,2,4,152,1.2841
2014,5,2,5,37,-3.1164
2014,5,3,1,115,0.4614
2014,5,3,2,217,0.9654
2014,5,3,3,224,2.8022
2014,5,3,4,149,3.9075
2014,5,3,5,63,1.5754
2014,6,1,1,304,7.0272
2014,6,1,2,318,3.9520
2014,6,1,3,458,4.7885
2014,6,1,4,270,4.6120
2014,6,1,5,70,3.6117
2014,6,2,1,117,7.5963
2014,6,2,2,177,3.7433
2014,6,2,3,218,5.6162
2014,6,2,4,144,4.8192
2014,6,2,5,53,4.3729
2014,6,3,1,102,3.6208
2014,6,3,2,192,2.4332
2014,6,3,3,214,2.2131
2014,6,3,4,174,2.7076
2014,6,3,5,84,2.9322
2014,7,1,1,324,-9.2783
2014,7,1,2,353,-5.8089
2014,7,1,3,414,-7.1009
2014,7,1,4,239,-6.2286
2014,7,1,5,66,-1.6429
2014,7,2,1,141,-6.7934
2014,7,2,2,147,-4.9448
2014,7,2,3,232,-6.6971
2014,7,2,4,165,-4.9055
2014,7,2,5,26,-6.6974
2014,7,3,1,106,-1.7499
2014,7,3,2,174,-2.9111
2014,7,3,3,274,-2.3669
2014,7,3,4,191,-2.3129
2014,7,3,5,35,-4.9000
2014,8,1,1,294,5.7383
2014,8,1,2,318,6.4493
2014,8,1,3,442,5.5738
2014,8,1,4,273,4.4520
2014,8,1,5,79,3.7464
2014,8,2,1,122,9.2956
2014,8,2,2,196,7.5605
2014,8,2,3,191,4.3336
2014,8,2,4,152,2.8021
2014,8,2,5,54,3.4481
2014,8,3,1,113,3.9349
2014,8,3,2,253,3.6213
2014,8,3,3,191,5.1278
2014,8,3,4,170,4.2604
2014,8,3,5,60,6.0194
2014,9,1,1,152,-11.6182
2014,9,1,2,419,-7.2457
2014,9,1,3,399,-5.5411
2014,9,1,4,357,-8.5634
2014,9,1,5,86,-4.0943
2014,9,2,1,110,-7.2302
2014,9,2,2,205,-3.1394
2014,9,2,3,175,-6.3928
2014,9,2,4,165,-11.0765
2014,9,2,5,60,-3.6699
2014,9,3,1,160,-2.5088
2014,9,3,2,198,-1.3280
2014,9,3,3,171,-3.0943
2014,9,3,4,189,-5.1193
2014,9,3,5,67,-2.3874
2014,10,1,1,164,-1.3959
2014,10,1,2,402,4.1640
2014,10,1,3,537,5.6322
2014,10,1,4,210,5.0535
2014,10,1,5,84,4.5201
2014,10,2,1,115,1.5011
2014,10,2,2,203,5.0675
2014,10,2,3,252,4.9297
2014,10,2,4,107,4.7778
2014,10,2,5,56,4.5024
2014,10,3,1,153,0.6647
2014,10,3,2,191,2.5975
2014,10,3,3,237,3.5486
2014,10,3,4,139,2.3581
2014,10,3,5,66,-1.3206
2014,11,1,1,201,-5.0170
2014,11,1,2,380,0.6430
2014,11,1,3,354,-1.4982
2014,11,1,4,256,-0.0631
2014,11,1,5,198,-1.2099
2014,11,2,1,105,-2.1324
2014,11,2,2,138,0.7097
2014,11,2,3,203,-0.2294
2014,11,2,4,172,-0.9756
2014,11,2,5,131,0.3929
2014,11,3,1,110,2.2489
2014,11,3,2,132,3.2987
2014,11,3,3,255,2.1402
2014,11,3,4,179,4.8300
2014,11,3,5,118,3.6663
2014,12,1,1,242,3.8388
2014,12,1,2,251,0.0247
2014,12,1,3,368,5.7083
2014,12,1,4,332,1.3843
2014,12,1,5,182,3.9002
2014,12,2,1,94,0.7723
2014,12,2,2,152,0.6658
2014,12,2,3,222,0.7254
2014,12,2,4,183,1.3175
2014,12,2,5,119,2.9649
2014,12,3,1,74,-1.0327
2014,12,3,2,174,-2.0654
2014,12,3,3,254,-0.3045
2014,12,3,4,188,-1.2400
2014,12,3,5,112,-0.6809
2015,1,1,1,210,-6.8353
2015,1,1,2,190,-6.2898
2015,1,1,3,393,-4.3940
2015,1,1,4,360,-4.9659
2015,1,1,5,212,-5.8066
2015,1,2,1,87,-1.0737
2015,1,2,2,106,-4.8454
2015,1,2,3,234,-3.5506
2015,1,2,4,203,-3.4847
2015,1,2,5,146,-5.3996
2015,1,3,1,63,-0.9036
2015,1,3,2,99,-1.2277
2015,1,3,3,293,-2.4270
2015,1,3,4,221,-2.4614
2015,1,3,5,130,-1.4715
2015,2,1,1,92,6.2216
2015,2,1,2,584,3.6554
2015,2,1,3,227,7.6448
2015,2,1,4,396,6.0444
2015,2,1,5,74,1.4809
2015,2,2,1,54,13.4112
2015,2,2,2,267,6.5419
2015,2,2,3,141,4.4470
2015,2,2,4,225,6.3170
2015,2,2,5,75,7.6036
2015,2,3,1,81,8.9036
2015,2,3,2,222,5.8607
2015,2,3,3,202,4.5638
2015,2,3,4,229,6.9203
2015,2,3,5,74,7.9444
2015,3,1,1,127,0.1976
2015,3,1,2,201,-5.3484
2015,3,1,3,302,0.2813
2015,3,1,4,640,0.8893
2015,3,1,5,107,2.1259
2015,3,2,1,82,0.2903
2015,3,2,2,102,-2.2541
2015,3,2,3,146,1.3791
2015,3,2,4,335,1.4547
2015,3,2,5,96,0.4212
2015,3,3,1,100,-3.0279
2015,3,3,2,140,-4.5365
2015,3,3,3,177,-2.1078
2015,3,3,4,272,-0.1772
2015,3,3,5,112,-0.2026
2015,4,1,1,121,1.8465
2015,4,1,2,230,3.3819
2015,4,1,3,543,-1.6023
2015,4,1,4,384,-0.5138
2015,4,1,5,109,-0.4070
2015,4,2,1,82,-1.4991
2015,4,2,2,130,3.1584
2015,4,2,3,241,-3.0691
2015,4,2,4,198,-2.9681
2015,4,2,5,91,-0.0477
2015,4,3,1,103,2.5257
2015,4,3,2,170,1.9282
2015,4,3,3,216,1.4285
2015,4,3,4,214,-0.9121
2015,4,3,5,101,-1.5698
2015,5,1,1,319,-5.8376
2015,5,1,2,242,0.0133
2015,5,1,3,162,2.6077
2015,5,1,4,534,1.3588
2015,5,1,5,141,-2.0235
2015,5,2,1,145,-4.2314
2015,5,2,2,110,4.4164
2015,5,2,3,125,0.9212
2015,5,2,4,258,2.3757
2015,5,2,5,107,0.5465
2015,5,3,1,149,-2.1935
2015,5,3,2,125,2.3405
2015,5,3,3,174,0.6113
2015,5,3,4,225,1.7079
2015,5,3,5,125,1.3259
2015,6,1,1,309,0.1068
2015,6,1,2,125,7.5041
2015,6,1,3,501,0.7021
2015,6,1,4,230,-2.1022
2015,6,1,5,228,-1.0316
2015,6,2,1,129,-0.0614
2015,6,2,2,73,-1.4699
2015,6,2,3,268,-1.1675
2015,6,2,4,114,-1.2070
2015,6,2,5,164,-0.3062
2015,6,3,1,122,-4.8380
2015,6,3,2,100,-2.4950
2015,6,3,3,289,-3.7204
2015,6,3,4,124,-1.3394
2015,6,3,5,169,-1.5431
2015,7,1,1,229,-9.3701
2015,7,1,2,240,-8.7272
2015,7,1,3,452,-5.3607
2015,7,1,4,281,-5.7778
2015,7,1,5,181,-4.8891
2015,7,2,1,101,-9.1846
2015,7,2,2,121,-5.3086
2015,7,2,3,207,-4.0319
2015,7,2,4,171,-1.2778
2015,7,2,5,118,-1.1243
2015,7,3,1,116,-1.4420
2015,7,3,2,152,0.6178
2015,7,3,3,239,-1.4938
2015,7,3,4,144,1.3030
2015,7,3,5,155,2.2410
2015,8,1,1,138,8.2210
2015,8,1,2,641,-4.5578
2015,8,1,3,220,-2.3487
2015,8,1,4,249,-5.3603
2015,8,1,5,149,-3.4132
2015,8,2,1,65,-4.5287
2015,8,2,2,289,-7.5420
2015,8,2,3,106,-4.7344
2015,8,2,4,141,-5.6211
2015,8,2,5,108,-4.7740
2015,8,3,1,96,-4.4433
2015,8,3,2,276,-5.7282
2015,8,3,3,167,-5.2200
2015,8,3,4,155,-4.9846
2015,8,3,5,127,-4.6618
2015,9,1,1,264,-11.3143
2015,9,1,2,215,-8.5423
2015,9,1,3,566,-8.3471
2015,9,1,4,133,-4.3692
2015,9,1,5,229,-5.5787
2015,9,2,1,121,-14.8236
2015,9,2,2,95,-8.6241
2015,9,2,3,288,-7.0223
2015,9,2,4,87,-3.9379
2015,9,2,5,124,-1.6938
2015,9,3,1,139,-7.3330
2015,9,3,2,101,-4.7997
2015,9,3,3,319,-3.8977
2015,9,3,4,107,-3.0427
2015,9,3,5,144,-3.2462
2015,10,1,1,267,-0.9448
2015,10,1,2,214,5.5981
2015,10,1,3,555,6.5594
2015,10,1,4,198,8.7245
2015,10,1,5,152,4.9398
2015,10,2,1,120,4.1078
2015,10,2,2,117,9.3347
2015,10,2,3,267,5.7305
2015,10,2,4,104,5.3135
2015,10,2,5,111,9.4546
2015,10,3,1,136,3.4373
2015,10,3,2,115,8.9458
2015,10,3,3,309,7.8817
2015,10,3,4,126,7.9763
2015,10,3,5,134,6.2307
2015,11,1,1,230,3.8609
2015,11,1,2,255,-0.5570
2015,11,1,3,541,0.9648
2015,11,1,4,191,0.3006
2015,11,1,5,174,2.3414
2015,11,2,1,80,-0.6076
2015,11,2,2,157,-0.2226
2015,11,2,3,247,4.8364
2015,11,2,4,104,4.4799
2015,11,2,5,120,0.7135
2015,11,3,1,92,-0.2396
2015,11,3,2,219,-0.9046
2015,11,3,3,232,0.3114
2015,11,3,4,130,0.0476
2015,11,3,5,146,0.0479
2015,12,1,1,168,-7.3108
2015,12,1,2,254,-2.5806
2015,12,1,3,557,-3.7911
2015,12,1,4,188,-7.7402
2015,12,1,5,214,-7.5169
2015,12,2,1,78,-8.4240
2015,12,2,2,120,-2.7287
2015,12,2,3,279,-4.8356
2015,12,2,4,133,-3.9528
2015,12,2,5,123,-5.5110
2015,12,3,1,111,-3.4505
2015,12,3,2,127,0.4957
2015,12,3,3,279,-1.8613
2015,12,3,4,165,-1.7029
2015,12,3,5,131,-3.5663
2016,1,1,1,171,-9.3654
2016,1,1,2,248,-6.4928
2016,1,1,3,528,-10.2393
2016,1,1,4,235,-9.6917
2016,1,1,5,189,-7.7102
2016,1,2,1,77,-9.5305
2016,1,2,2,126,-5.6017
2016,1,2,3,246,-11.6417
2016,1,2,4,147,-4.7525
2016,1,2,5,132,-8.3315
2016,1,3,1,108,-3.2849
2016,1,3,2,130,-4.3349
2016,1,3,3,264,-7.8292
2016,1,3,4,172,-4.3200
2016,1,3,5,144,-5.0961
2016,2,1,1,177,1.7912
2016,2,1,2,208,5.2694
2016,2,1,3,220,1.0527
2016,2,1,4,628,1.5179
2016,2,1,5,144,0.8093
2016,2,2,1,100,2.2263
2016,2,2,2,80,8.4674
2016,2,2,3,114,4.1459
2016,2,2,4,332,0.6305
2016,2,2,5,85,2.7672
2016,2,3,1,121,3.5191
2016,2,3,2,130,5.4330
2016,2,3,3,110,2.1678
2016,2,3,4,334,1.4430
2016,2,3,5,113,-0.6913
2016,3,1,1,156,14.7719
2016,3,1,2,348,14.2102
2016,3,1,3,453,5.5373
2016,3,1,4,292,9.5946
2016,3,1,5,111,4.7481
2016,3,2,1,106,13.9386
2016,3,2,2,141,11.3602
2016,3,2,3,258,8.3215
2016,3,2,4,139,10.9586
2016,3,2,5,76,7.3507
2016,3,3,1,115,7.7952
2016,3,3,2,168,6.9609
2016,3,3,3,302,7.2059
2016,3,3,4,113,7.5916
2016,3,3,5,103,6.3859
2016,4,1,1,154,13.9453
2016,4,1,2,348,6.8583
2016,4,1,3,458,1.8589
2016,4,1,4,306,3.2501
2016,4,1,5,103,4.5263
2016,4,2,1,99,14.0064
2016,4,2,2,144,3.5759
2016,4,2,3,263,-0.1547
2016,4,2,4,140,2.0267
2016,4,2,5,73,0.0926
2016,4,3,1,118,7.4464
2016,4,3,2,167,7.8652
2016,4,3,3,290,-1.7725
2016,4,3,4,125,-0.0463
2016,4,3,5,90,-0.3002
2016,5,1,1,145,-5.0987
2016,5,1,2,452,-3.3484
2016,5,1,3,405,0.2904
2016,5,1,4,302,-2.9822
2016,5,1,5,103,-1.1944
2016,5,2,1,89,-0.5244
2016,5,2,2,171,2.1102
2016,5,2,3,232,0.6689
2016,5,2,4,131,-0.9264
2016,5,2,5,64,0.2261
2016,5,3,1,175,0.1527
2016,5,3,2,147,3.8459
2016,5,3,3,257,1.2016
2016,5,3,4,129,0.5560
2016,5,3,5,73,-0.2787
2016,6,1,1,207,4.0615
2016,6,1,2,353,0.7635
2016,6,1,3,463,3.2948
2016,6,1,4,292,2.7584
2016,6,1,5,87,-0.3923
2016,6,2,1,108,5.7409
2016,6,2,2,141,-1.2378
2016,6,2,3,178,1.8240
2016,6,2,4,191,0.9808
2016,6,2,5,65,3.7590
2016,6,3,1,194,2.4097
2016,6,3,2,136,-1.4383
2016,6,3,3,194,1.0145
2016,6,3,4,205,1.9165
2016,6,3,5,52,1.4520
2016,7,1,1,144,10.0113
2016,7,1,2,500,11.3577
2016,7,1,3,358,4.8927
2016,7,1,4,262,4.0185
2016,7,1,5,97,6.5192
2016,7,2,1,86,2.6067
2016,7,2,2,162,9.4453
2016,7,2,3,193,6.5255
2016,7,2,4,174,5.7693
2016,7,2,5,56,5.2991
2016,7,3,1,161,6.2628
2016,7,3,2,140,6.2009
2016,7,3,3,205,5.2411
2016,7,3,4,186,3.0040
2016,7,3,5,73,2.4144
2016,8,1,1,389,1.0185
2016,8,1,2,314,1.6801
2016,8,1,3,213,0.3440
2016,8,1,4,396,4.5127
2016,8,1,5,58,7.1832
2016,8,2,1,138,1.5922
2016,8,2,2,155,0.2062
2016,8,2,3,93,3.0928
2016,8,2,4,231,0.1802
2016,8,2,5,43,0.4779
2016,8,3,1,190,1.0670
2016,8,3,2,167,0.2886
2016,8,3,3,99,-1.1799
2016,8,3,4,268,-0.8026
2016,8,3,5,43,-2.1328
2016,9,1,1,383,1.8492
2016,9,1,2,273,2.5751
2016,9,1,3,452,2.5608
2016,9,1,4,205,3.0579
2016,9,1,5,76,3.5384
2016,9,2,1,129,-2.3065
2016,9,2,2,124,3.3147
2016,9,2,3,218,0.9376
2016,9,2,4,124,-1.3486
2016,9,2,5,52,0.3774
2016,9,3,1,199,-1.1186
2016,9,3,2,127,0.1066
2016,9,3,3,232,1.2310
2016,9,3,4,132,-0.5540
2016,9,3,5,68,-0.5453
2016,10,1,1,119,-3.1597
2016,10,1,2,528,-8.9379
2016,10,1,3,420,-5.4797
2016,10,1,4,269,-4.9792
2016,10,1,5,59,-1.9942
2016,10,2,1,71,-3.8911
2016,10,2,2,174,-7.1040
2016,10,2,3,201,-5.4809
2016,10,2,4,137,-3.6521
2016,10,2,5,45,-5.5204
2016,10,3,1,161,-2.3237
2016,10,3,2,156,-3.5548
2016,10,3,3,238,-2.0659
2016,10,3,4,162,-2.4998
2016,10,3,5,45,-1.7907
2016,11,1,1,403,15.2127
2016,11,1,2,318,13.0215
2016,11,1,3,233,9.2509
2016,11,1,4,353,5.2019
2016,11,1,5,93,11.0924
2016,11,2,1,130,16.2676
2016,11,2,2,140,10.2195
2016,11,2,3,138,10.6233
2016,11,2,4,170,7.7308
2016,11,2,5,52,11.3371
2016,11,3,1,159,4.0482
2016,11,3,2,170,7.0576
2016,11,3,3,178,0.5059
2016,11,3,4,185,2.3489
2016,11,3,5,69,8.9885
2016,12,1,1,378,3.1773
2016,12,1,2,262,2.5161
2016,12,1,3,358,4.4798
2016,12,1,4,273,2.1561
2016,12,1,5,123,3.9795
2016,12,2,1,132,1.4533
2016,12,2,2,118,1.3573
2016,12,2,3,187,1.6016
2016,12,2,4,125,3.0098
2016,12,2,5,71,1.5639
2016,12,3,1,127,0.8572
2016,12,3,2,177,-0.3464
2016,12,3,3,220,1.7704
2016,12,3,4,145,1.7606
2016,12,3,5,87,-1.0622
2017,1,1,1,387,-3.4397
2017,1,1,2,291,1.9039
2017,1,1,3,369,-0.1847
2017,1,1,4,229,-2.4807
2017,1,1,5,125,-0.4556
2017,1,2,1,119,3.5956
2017,1,2,2,126,-0.3416
2017,1,2,3,214,3.8402
2017,1,2,4,86,-2.1614
2017,1,2,5,77,-0.4417
2017,1,3,1,126,3.6926
2017,1,3,2,193,0.4211
2017,1,3,3,239,3.7907
2017,1,3,4,115,3.6971
2017,1,3,5,77,4.2157
2017,2,1,1,367,2.2795
2017,2,1,2,276,-3.2780
2017,2,1,3,383,-2.2340
2017,2,1,4,189,1.0509
2017,2,1,5,191,-1.0372
2017,2,2,1,106,2.1106
2017,2,2,2,109,0.6163
2017,2,2,3,202,-1.6766
2017,2,2,4,107,1.0717
2017,2,2,5,92,-0.3452
2017,2,3,1,96,4.4085
2017,2,3,2,153,2.1371
2017,2,3,3,208,2.5874
2017,2,3,4,187,2.9300
2017,2,3,5,110,2.9826
2017,3,1,1,82,-0.4128
2017,3,1,2,565,1.0511
2017,3,1,3,246,1.3173
2017,3,1,4,431,1.4436
2017,3,1,5,71,1.9678
2017,3,2,1,47,2.1546
2017,3,2,2,192,0.1425
2017,3,2,3,118,0.6171
2017,3,2,4,207,1.2609
2017,3,2,5,51,-2.7416
2017,3,3,1,56,1.0549
2017,3,3,2,224,-0.3491
2017,3,3,3,190,0.2974
2017,3,3,4,243,1.8315
2017,3,3,5,45,-0.4973
2017,4,1,1,91,-2.2153
2017,4,1,2,599,3.3482
2017,4,1,3,224,-1.5584
2017,4,1,4,388,-1.3119
2017,4,1,5,73,0.9073
2017,4,2,1,56,0.8507
2017,4,2,2,212,2.2066
2017,4,2,3,145,2.4649
2017,4,2,4,169,1.1802
2017,4,2,5,53,1.5382
2017,4,3,1,52,0.2324
2017,4,3,2,254,1.4795
2017,4,3,3,175,0.4803
2017,4,3,4,235,2.4964
2017,4,3,5,47,0.7582
2017,5,1,1,371,-1.8872
2017,5,1,2,318,-3.1731
2017,5,1,3,302,-3.9520
2017,5,1,4,287,-2.8313
2017,5,1,5,100,2.5461
2017,5,2,1,132,0.1981
2017,5,2,2,124,-1.4111
2017,5,2,3,164,-0.0932
2017,5,2,4,162,-2.0644
2017,5,2,5,63,-3.8977
2017,5,3,1,118,-0.5243
2017,5,3,2,146,1.0317
2017,5,3,3,255,2.8562
2017,5,3,4,166,1.2312
2017,5,3,5,72,1.9399
2017,6,1,1,330,1.3025
2017,6,1,2,266,5.7000
2017,6,1,3,248,4.7548
2017,6,1,4,386,4.6265
2017,6,1,5,164,1.6393
2017,6,2,1,100,2.7016
2017,6,2,2,103,3.8328
2017,6,2,3,101,-0.2766
2017,6,2,4,208,3.3745
2017,6,2,5,112,1.1442
2017,6,3,1,102,0.4025
2017,6,3,2,113,2.8444
2017,6,3,3,195,-1.2661
2017,6,3,4,232,1.7379
2017,6,3,5,120,-0.1006
2017,7,1,1,336,-1.5838
2017,7,1,2,99,-2.9499
2017,7,1,3,325,0.1141
2017,7,1,4,400,-1.5420
2017,7,1,5,181,0.1944
2017,7,2,1,104,4.1192
2017,7,2,2,66,-0.4334
2017,7,2,3,113,0.0293
2017,7,2,4,220,0.5595
2017,7,2,5,116,2.0880
2017,7,3,1,105,2.0939
2017,7,3,2,90,1.2602
2017,7,3,3,147,3.1546
2017,7,3,4,296,1.8299
2017,7,3,5,124,0.2867
2017,8,1,1,355,-0.3032
2017,8,1,2,168,-2.0011
2017,8,1,3,193,0.0818
2017,8,1,4,399,-3.6903
2017,8,1,5,230,-3.3049
2017,8,2,1,102,-3.9514
2017,8,2,2,61,-1.6974
2017,8,2,3,103,-3.0143
2017,8,2,4,220,-0.8774
2017,8,2,5,137,-0.6686
2017,8,3,1,108,-0.2109
2017,8,3,2,75,-2.3634
2017,8,3,3,121,1.6360
2017,8,3,4,311,0.1949
2017,8,3,5,141,-0.5910
2017,9,1,1,168,6.0425
2017,9,1,2,396,8.4116
2017,9,1,3,199,9.3116
2017,9,1,4,392,6.9297
2017,9,1,5,169,11.4213
2017,9,2,1,64,6.0622
2017,9,2,2,137,7.0022
2017,9,2,3,107,6.9428
2017,9,2,4,209,6.7379
2017,9,2,5,126,6.3684
2017,9,3,1,97,0.9658
2017,9,3,2,126,1.0484
2017,9,3,3,129,2.3878
2017,9,3,4,271,2.1514
2017,9,3,5,134,5.0279
2017,10,1,1,177,-0.9105
2017,10,1,2,406,-1.8785
2017,10,1,3,135,0.7841
2017,10,1,4,417,-0.3477
2017,10,1,5,206,0.0061
2017,10,2,1,61,1.5646
2017,10,2,2,128,0.7184
2017,10,2,3,76,-1.1600
2017,10,2,4,227,2.2865
2017,10,2,5,128,0.5116
2017,10,3,1,96,1.2419
2017,10,3,2,123,0.0424
2017,10,3,3,113,1.3117
2017,10,3,4,269,3.5688
2017,10,3,5,149,4.0065
2017,11,1,1,164,1.2761
2017,11,1,2,418,0.5262
2017,11,1,3,235,6.6574
2017,11,1,4,224,6.5005
2017,11,1,5,308,2.1644
2017,11,2,1,49,-0.0244
2017,11,2,2,135,2.9694
2017,11,2,3,135,4.3274
2017,11,2,4,127,4.9313
2017,11,2,5,180,3.6353
2017,11,3,1,38,4.8588
2017,11,3,2,155,3.0804
2017,11,3,3,165,3.4509
2017,11,3,4,162,3.4249
2017,11,3,5,226,2.9023
2017,12,1,1,204,7.4302
2017,12,1,2,351,1.7126
2017,12,1,3,193,0.7375
2017,12,1,4,263,-0.4383
2017,12,1,5,339,0.1859
2017,12,2,1,59,3.3738
2017,12,2,2,132,0.8181
2017,12,2,3,116,2.3844
2017,12,2,4,141,-1.4369
2017,12,2,5,188,1.8547
2017,12,3,1,43,2.6104
2017,12,3,2,166,-0.1285
2017,12,3,3,136,6.0183
2017,12,3,4,158,-0.0742
2017,12,3,5,241,0.5472
2018,1,1,1,212,2.2885
2018,1,1,2,347,-1.4564
2018,1,1,3,194,0.7165
2018,1,1,4,264,-1.8805
2018,1,1,5,347,-0.3339
2018,1,2,1,63,-1.3291
2018,1,2,2,120,-0.3898
2018,1,2,3,115,3.1487
2018,1,2,4,143,2.8736
2018,1,2,5,176,1.3123
2018,1,3,1,65,4.4675
2018,1,3,2,148,4.6013
2018,1,3,3,139,4.0456
2018,1,3,4,152,5.7277
2018,1,3,5,244,4.6966
2018,2,1,1,331,-5.1660
2018,2,1,2,486,-5.5133
2018,2,1,3,96,-4.1291
2018,2,1,4,297,-4.9621
2018,2,1,5,140,-6.9216
2018,2,2,1,103,-2.9508
2018,2,2,2,186,-3.3917
2018,2,2,3,65,-4.7276
2018,2,2,4,185,-6.1302
2018,2,2,5,99,-3.5566
2018,2,3,1,107,-2.8287
2018,2,3,2,186,-3.2632
2018,2,3,3,81,-4.7602
2018,2,3,4,239,-4.4417
2018,2,3,5,135,-3.0534
2018,3,1,1,142,6.2525
2018,3,1,2,543,3.1228
2018,3,1,3,259,2.7100
2018,3,1,4,213,-0.1052
2018,3,1,5,189,-1.6834
2018,3,2,1,76,2.6418
2018,3,2,2,217,2.9207
2018,3,2,3,111,0.2836
2018,3,2,4,128,-2.1026
2018,3,2,5,107,-0.9966
2018,3,3,1,89,-2.9401
2018,3,3,2,221,-0.5932
2018,3,3,3,130,-2.3140
2018,3,3,4,157,-2.3326
2018,3,3,5,152,-1.5727
2018,4,1,1,141,0.1139
2018,4,1,2,544,1.2586
2018,4,1,3,107,0.9078
2018,4,1,4,319,3.3413
2018,4,1,5,259,5.7871
2018,4,2,1,75,0.2780
2018,4,2,2,213,-1.1425
2018,4,2,3,80,0.8012
2018,4,2,4,125,0.3072
2018,4,2,5,132,3.0142
2018,4,3,1,89,-0.8722
2018,4,3,2,218,0.0797
2018,4,3,3,81,-1.1522
2018,4,3,4,167,0.5576
2018,4,3,5,190,-0.8776
2018,5,1,1,118,8.6491
2018,5,1,2,481,8.9288
2018,5,1,3,213,10.5022
2018,5,1,4,142,6.2998
2018,5,1,5,424,5.2354
2018,5,2,1,73,6.4022
2018,5,2,2,176,8.8720
2018,5,2,3,139,1.1411
2018,5,2,4,90,4.4924
2018,5,2,5,139,5.1259
2018,5,3,1,86,1.1529
2018,5,3,2,184,1.6086
2018,5,3,3,211,2.2963
2018,5,3,4,105,1.1645
2018,5,3,5,159,2.9845
2018,6,1,1,133,2.9588
2018,6,1,2,423,0.0383
2018,6,1,3,239,3.1806
2018,6,1,4,328,2.6343
2018,6,1,5,229,3.3603
2018,6,2,1,64,-0.2603
2018,6,2,2,183,0.7181
2018,6,2,3,172,1.9762
2018,6,2,4,135,0.3798
2018,6,2,5,101,3.6554
2018,6,3,1,67,1.6993
2018,6,3,2,164,0.2024
2018,6,3,3,259,-0.5798
2018,6,3,4,106,-1.0227
2018,6,3,5,149,2.7468
2018,7,1,1,108,0.9064
2018,7,1,2,404,0.9232
2018,7,1,3,217,3.0524
2018,7,1,4,306,-0.2320
2018,7,1,5,280,-3.2419
2018,7,2,1,56,2.2296
2018,7,2,2,156,4.0766
2018,7,2,3,163,1.6537
2018,7,2,4,187,1.9878
2018,7,2,5,100,1.8403
2018,7,3,1,44,0.2846
2018,7,3,2,127,3.8816
2018,7,3,3,234,3.2887
2018,7,3,4,239,3.5015
2018,7,3,5,107,2.5531
2018,8,1,1,332,4.8689
2018,8,1,2,187,3.2544
2018,8,1,3,379,1.6048
2018,8,1,4,267,3.3503
2018,8,1,5,150,10.3298
2018,8,2,1,127,6.0520
2018,8,2,2,122,1.5263
2018,8,2,3,180,1.9316
2018,8,2,4,154,6.3444
2018,8,2,5,91,3.6660
2018,8,3,1,116,-0.4139
2018,8,3,2,144,0.3880
2018,8,3,3,221,-0.0614
2018,8,3,4,174,1.9554
2018,8,3,5,91,2.7894
2018,9,1,1,76,-2.4298
2018,9,1,2,534,-2.4875
2018,9,1,3,366,-2.0142
2018,9,1,4,176,0.0892
2018,9,1,5,173,-2.4594
2018,9,2,1,54,-1.3007
2018,9,2,2,192,0.2930
2018,9,2,3,205,-3.5647
2018,9,2,4,100,-0.2244
2018,9,2,5,109,-2.0854
2018,9,3,1,86,0.5209
2018,9,3,2,154,0.6665
2018,9,3,3,275,-0.4771
2018,9,3,4,132,1.3232
2018,9,3,5,109,-0.4802
2018,10,1,1,75,-11.3362
2018,10,1,2,557,-10.9181
2018,10,1,3,347,-9.7058
2018,10,1,4,194,-10.4135
2018,10,1,5,151,-11.9611
2018,10,2,1,54,-10.4476
2018,10,2,2,217,-10.6550
2018,10,2,3,188,-13.4215
2018,10,2,4,127,-10.1359
2018,10,2,5,87,-9.7594
2018,10,3,1,86,-8.2999
2018,10,3,2,189,-6.5401
2018,10,3,3,253,-6.6331
2018,10,3,4,146,-10.1159
2018,10,3,5,88,-9.7073
2018,11,1,1,235,0.2868
2018,11,1,2,501,-1.8762
2018,11,1,3,264,-6.6999
2018,11,1,4,173,0.0828
2018,11,1,5,161,1.8638
2018,11,2,1,80,1.1196
2018,11,2,2,217,0.5678
2018,11,2,3,169,1.7862
2018,11,2,4,116,5.0121
2018,11,2,5,92,-0.7625
2018,11,3,1,100,3.7777
2018,11,3,2,209,1.3482
2018,11,3,3,219,4.4043
2018,11,3,4,137,3.2374
2018,11,3,5,95,-1.7941
2018,12,1,1,492,-10.3143
2018,12,1,2,285,-12.5686
2018,12,1,3,222,-17.3061
2018,12,1,4,171,-12.8998
2018,12,1,5,153,-9.0201
2018,12,2,1,146,-10.7300
2018,12,2,2,170,-10.6421
2018,12,2,3,148,-13.9651
2018,12,2,4,100,-12.9249
2018,12,2,5,97,-12.6462
2018,12,3,1,85,-7.0409
2018,12,3,2,249,-8.9199
2018,12,3,3,218,-10.5724
2018,12,3,4,118,-10.5876
2018,12,3,5,103,-10.5230
2019,1,1,1,496,10.4402
2019,1,1,2,202,9.7521
2019,1,1,3,292,14.5738
2019,1,1,4,189,13.1274
2019,1,1,5,134,16.8150
2019,1,2,1,150,9.8539
2019,1,2,2,117,13.3914
2019,1,2,3,176,10.4498
2019,1,2,4,147,14.2020
2019,1,2,5,77,12.8512
2019,1,3,1,101,6.9118
2019,1,3,2,199,7.1248
2019,1,3,3,248,10.1487
2019,1,3,4,136,10.2938
2019,1,3,5,92,11.2323
2019,2,1,1,92,-0.1289
2019,2,1,2,604,6.6495
2019,2,1,3,168,3.6264
2019,2,1,4,315,4.8812
2019,2,1,5,145,4.4249
2019,2,2,1,71,2.6859
2019,2,2,2,191,8.2953
2019,2,2,3,109,4.1669
2019,2,2,4,197,7.1356
2019,2,2,5,87,6.0419
2019,2,3,1,92,4.3789
2019,2,3,2,164,3.7548
2019,2,3,3,157,2.7007
2019,2,3,4,244,4.0443
2019,2,3,5,114,4.9891
2019,3,1,1,135,-8.9327
2019,3,1,2,394,-1.9914
2019,3,1,3,414,-3.3665
2019,3,1,4,219,-5.7098
2019,3,1,5,165,-2.4440
2019,3,2,1,88,1.1575
2019,3,2,2,197,-3.2085
2019,3,2,3,151,-1.2034
2019,3,2,4,124,-4.5884
2019,3,2,5,95,-2.6382
2019,3,3,1,121,1.4894
2019,3,3,2,225,0.8064
2019,3,3,3,120,0.2400
2019,3,3,4,170,1.1617
2019,3,3,5,135,0.7950
2019,4,1,1,132,1.1149
2019,4,1,2,403,2.4814
2019,4,1,3,401,1.9565
2019,4,1,4,228,1.6960
2019,4,1,5,161,2.4930
2019,4,2,1,84,2.7348
2019,4,2,2,174,2.8908
2019,4,2,3,157,3.8778
2019,4,2,4,134,3.2118
2019,4,2,5,98,6.4561
2019,4,3,1,123,4.1306
2019,4,3,2,186,2.3337
2019,4,3,3,163,3.2007
2019,4,3,4,174,2.0734
2019,4,3,5,135,4.8524
2019,5,1,1,300,-10.3240
2019,5,1,2,188,-7.0123
2019,5,1,3,198,-11.0239
2019,5,1,4,470,-9.4022
2019,5,1,5,176,-7.4757
2019,5,2,1,77,-8.1510
2019,5,2,2,133,-9.8739
2019,5,2,3,140,-12.9342
2019,5,2,4,181,-9.9827
2019,5,2,5,118,-10.6848
2019,5,3,1,99,-7.3580
2019,5,3,2,191,-4.3503
2019,5,3,3,133,-7.3156
2019,5,3,4,166,-7.7125
2019,5,3,5,191,-5.4254
2019,6,1,1,252,8.2650
2019,6,1,2,405,5.6472
2019,6,1,3,365,7.1254
2019,6,1,4,161,4.0336
2019,6,1,5,133,7.5623
2019,6,2,1,66,9.6922
2019,6,2,2,177,9.2856
2019,6,2,3,210,9.5837
2019,6,2,4,134,7.7935
2019,6,2,5,80,7.1170
2019,6,3,1,68,8.8456
2019,6,3,2,132,10.1885
2019,6,3,3,286,8.5873
2019,6,3,4,208,7.7886
2019,6,3,5,93,7.3570
2019,7,1,1,44,-0.4942
2019,7,1,2,328,-0.1629
2019,7,1,3,578,-0.5365
2019,7,1,4,200,-0.6714
2019,7,1,5,130,-0.7696
2019,7,2,1,29,-2.9877
2019,7,2,2,150,0.0700
2019,7,2,3,287,-0.1486
2019,7,2,4,132,1.0787
2019,7,2,5,81,1.9353
2019,7,3,1,62,-1.9765
2019,7,3,2,142,-0.3739
2019,7,3,3,307,1.2678
2019,7,3,4,194,0.5669
2019,7,3,5,85,3.4539
2019,8,1,1,45,-7.8444
2019,8,1,2,625,-6.4884
2019,8,1,3,179,-8.7856
2019,8,1,4,307,-6.8396
2019,8,1,5,149,-6.8151
2019,8,2,1,29,-7.3722
2019,8,2,2,230,-6.8774
2019,8,2,3,113,-8.9301
2019,8,2,4,206,-6.9822
2019,8,2,5,91,-1.0587
2019,8,3,1,30,-0.5837
2019,8,3,2,240,-1.7003
2019,8,3,3,137,-4.0821
2019,8,3,4,268,-2.8295
2019,8,3,5,115,-0.7996
2019,9,1,1,54,1.7623
2019,9,1,2,525,7.5050
2019,9,1,3,386,3.2821
2019,9,1,4,145,3.4571
2019,9,1,5,176,16.8517
2019,9,2,1,35,4.3427
2019,9,2,2,225,3.8770
2019,9,2,3,227,0.2265
2019,9,2,4,72,3.7475
2019,9,2,5,117,4.7619
2019,9,3,1,40,1.3601
2019,9,3,2,238,2.1621
2019,9,3,3,243,2.0209
2019,9,3,4,134,2.2348
2019,9,3,5,141,0.9055
2019,10,1,1,55,2.7783
2019,10,1,2,463,0.1833
2019,10,1,3,451,-1.4726
2019,10,1,4,160,0.0474
2019,10,1,5,167,-2.6347
2019,10,2,1,36,2.4859
2019,10,2,2,197,2.9010
2019,10,2,3,233,-0.1609
2019,10,2,4,118,0.1167
2019,10,2,5,98,1.7485
2019,10,3,1,38,0.8087
2019,10,3,2,185,1.7578
2019,10,3,3,295,2.6944
2019,10,3,4,117,1.3401
2019,10,3,5,145,1.1449
2019,11,1,1,46,5.5780
2019,11,1,2,118,0.0923
2019,11,1,3,553,3.2331
2019,11,1,4,447,4.2206
2019,11,1,5,125,1.9388
2019,11,2,1,38,3.9540
2019,11,2,2,99,0.5876
2019,11,2,3,231,4.6972
2019,11,2,4,223,5.1508
2019,11,2,5,98,4.7552
2019,11,3,1,29,2.8769
2019,11,3,2,160,1.4746
2019,11,3,3,198,4.0574
2019,11,3,4,287,4.1233
2019,11,3,5,108,3.6045
2019,12,1,1,41,1.0904
2019,12,1,2,607,9.2121
2019,12,1,3,207,4.0631
2019,12,1,4,330,2.0696
2019,12,1,5,95,7.3915
2019,12,2,1,35,3.7329
2019,12,2,2,289,5.8855
2019,12,2,3,133,2.9962
2019,12,2,4,157,5.0344
2019,12,2,5,83,5.8855
2019,12,3,1,27,1.5919
2019,12,3,2,300,4.3791
2019,12,3,3,170,2.5776
2019,12,3,4,217,2.5972
2019,12,3,5,73,2.9926
2020,1,1,1,43,-5.2944
2020,1,1,2,611,-6.1302
2020,1,1,3,167,-6.7154
2020,1,1,4,370,-6.2237
2020,1,1,5,94,-0.0720
2020,1,2,1,36,-10.3671
2020,1,2,2,279,-3.8325
2020,1,2,3,114,-5.5753
2020,1,2,4,190,-1.9830
2020,1,2,5,69,-6.8319
2020,1,3,1,25,-3.5056
2020,1,3,2,299,-3.0004
2020,1,3,3,144,2.3241
2020,1,3,4,241,0.8814
2020,1,3,5,76,-1.0683
2020,2,1,1,123,-8.8137
2020,2,1,2,549,-7.6649
2020,2,1,3,367,-7.2920
2020,2,1,4,167,-7.6510
2020,2,1,5,66,-7.8558
2020,2,2,1,69,-12.3951
2020,2,2,2,269,-7.4371
2020,2,2,3,178,-8.5694
2020,2,2,4,135,-10.4632
2020,2,2,5,43,-14.1869
2020,2,3,1,83,-9.6770
2020,2,3,2,280,-8.1856
2020,2,3,3,183,-7.3284
2020,2,3,4,193,-8.0082
2020,2,3,5,55,-7.6001
2020,3,1,1,403,-25.5505
2020,3,1,2,191,-25.4411
2020,3,1,3,226,-27.3345
2020,3,1,4,385,-30.1530
2020,3,1,5,80,-28.8671
2020,3,2,1,146,-25.3677
2020,3,2,2,157,-27.6030
2020,3,2,3,142,-21.0636
2020,3,2,4,177,-22.7975
2020,3,2,5,71,-24.6354
2020,3,3,1,125,-19.1845
2020,3,3,2,185,-16.6309
2020,3,3,3,173,-11.7996
2020,3,3,4,231,-13.2180
2020,3,3,5,79,-16.3127
2020,4,1,1,376,24.4328
2020,4,1,2,107,34.9324
2020,4,1,3,184,13.3635
2020,4,1,4,413,21.9612
2020,4,1,5,135,25.0230
2020,4,2,1,163,23.7042
2020,4,2,2,76,12.3732
2020,4,2,3,156,13.1707
2020,4,2,4,233,21.5441
2020,4,2,5,92,22.1192
2020,4,3,1,129,13.9884
2020,4,3,2,85,11.6166
2020,4,3,3,232,12.5345
2020,4,3,4,282,12.9288
2020,4,3,5,101,15.6973
2020,5,1,1,140,1.2808
2020,5,1,2,353,2.9814
2020,5,1,3,339,5.2650
2020,5,1,4,188,4.0669
2020,5,1,5,223,15.8684
2020,5,2,1,90,7.1269
2020,5,2,2,154,7.1899
2020,5,2,3,211,6.0407
2020,5,2,4,119,7.7469
2020,5,2,5,131,12.6765
2020,5,3,1,97,6.8450
2020,5,3,2,124,4.5098
2020,5,3,3,301,6.8215
2020,5,3,4,138,7.3854
2020,5,3,5,152,5.4587
2020,6,1,1,329,-6.7001
2020,6,1,2,135,7.9303
2020,6,1,3,407,2.8625
2020,6,1,4,238,5.9739
2020,6,1,5,130,9.6915
2020,6,2,1,152,4.4606
2020,6,2,2,108,3.5759
2020,6,2,3,206,2.8866
2020,6,2,4,140,8.4001
2020,6,2,5,82,5.5552
2020,6,3,1,165,0.8447
2020,6,3,2,159,5.0060
2020,6,3,3,228,0.8394
2020,6,3,4,193,1.0774
2020,6,3,5,84,0.6698
2020,7,1,1,284,3.2869
2020,7,1,2,131,4.4675
2020,7,1,3,200,5.8729
2020,7,1,4,453,0.3975
2020,7,1,5,128,15.0812
2020,7,2,1,139,0.4567
2020,7,2,2,96,2.0011
2020,7,2,3,149,3.4835
2020,7,2,4,237,7.9937
2020,7,2,5,79,16.3511
2020,7,3,1,152,3.6558
2020,7,3,2,98,5.3314
2020,7,3,3,265,5.6390
2020,7,3,4,212,5.9006
2020,7,3,5,106,9.1489
2020,8,1,1,178,14.1914
2020,8,1,2,283,8.1603
2020,8,1,3,534,5.0533
2020,8,1,4,109,7.6679
2020,8,1,5,116,0.3191
2020,8,2,1,104,8.0255
2020,8,2,2,136,6.1693
2020,8,2,3,271,4.8024
2020,8,2,4,101,7.7673
2020,8,2,5,76,3.4827
2020,8,3,1,118,12.8603
2020,8,3,2,146,8.6946
2020,8,3,3,306,5.4083
2020,8,3,4,110,6.7136
2020,8,3,5,151,2.3274
2020,9,1,1,86,-2.4961
2020,9,1,2,154,-7.7088
2020,9,1,3,252,-1.0855
2020,9,1,4,337,-2.7128
2020,9,1,5,387,-4.6467
2020,9,2,1,55,-3.8819
2020,9,2,2,98,-4.7986
2020,9,2,3,150,-3.3185
2020,9,2,4,203,-0.7826
2020,9,2,5,189,-3.8386
2020,9,3,1,59,-1.3022
2020,9,3,2,101,-2.3844
2020,9,3,3,177,-0.6692
2020,9,3,4,333,-1.3200
2020,9,3,5,174,-2.5841
2020,10,1,1,78,0.0278
2020,10,1,2,243,-2.0171
2020,10,1,3,206,0.7903
2020,10,1,4,609,-0.8006
2020,10,1,5,90,1.7467
2020,10,2,1,48,2.4447
2020,10,2,2,152,0.2479
2020,10,2,3,120,2.2698
2020,10,2,4,326,1.1830
2020,10,2,5,69,2.5053
2020,10,3,1,60,-0.6067
2020,10,3,2,155,-1.9270
2020,10,3,3,158,-1.7789
2020,10,3,4,384,-0.9678
2020,10,3,5,87,0.7603
2020,11,1,1,125,29.4634
2020,11,1,2,140,26.7361
2020,11,1,3,297,23.9332
2020,11,1,4,571,20.4369
2020,11,1,5,123,19.6816
2020,11,2,1,55,24.7335
2020,11,2,2,105,18.9722
2020,11,2,3,210,20.5968
2020,11,2,4,239,22.0607
2020,11,2,5,117,21.2833
2020,11,3,1,66,18.8031
2020,11,3,2,105,11.0877
2020,11,3,3,329,15.8946
2020,11,3,4,209,14.5103
2020,11,3,5,130,9.8211
2020,12,1,1,143,14.8910
2020,12,1,2,327,8.7159
2020,12,1,3,273,7.6918
2020,12,1,4,413,16.8383
2020,12,1,5,126,4.8064
2020,12,2,1,82,10.0412
2020,12,2,2,174,11.6755
2020,12,2,3,190,9.9105
2020,12,2,4,152,8.3472
2020,12,2,5,121,12.2820
2020,12,3,1,97,3.9961
2020,12,3,2,190,5.3101
2020,12,3,3,298,4.2787
2020,12,3,4,133,4.6224
2020,12,3,5,129,4.0623
2021,1,1,1,134,16.1971
2021,1,1,2,278,6.3279
2021,1,1,3,299,10.7140
2021,1,1,4,470,11.8522
2021,1,1,5,136,15.7725
2021,1,2,1,86,3.7726
2021,1,2,2,158,0.8445
2021,1,2,3,177,5.0717
2021,1,2,4,172,4.2830
2021,1,2,5,112,9.7834
2021,1,3,1,97,-2.1396
2021,1,3,2,143,-1.4395
2021,1,3,3,297,-1.4043
2021,1,3,4,183,0.4113
2021,1,3,5,138,0.0759
2021,2,1,1,134,13.0688
2021,2,1,2,332,10.5332
2021,2,1,3,545,7.8626
2021,2,1,4,132,10.5134
2021,2,1,5,172,7.9650
2021,2,2,1,69,8.6545
2021,2,2,2,191,10.0028
2021,2,2,3,256,9.7000
2021,2,2,4,65,9.5856
2021,2,2,5,143,6.5545
2021,2,3,1,80,8.0015
2021,2,3,2,200,6.0130
2021,2,3,3,324,2.5341
2021,2,3,4,92,5.0204
2021,2,3,5,172,2.4193
2021,3,1,1,141,2.3447
2021,3,1,2,464,5.6481
2021,3,1,3,506,1.7370
2021,3,1,4,164,1.5895
2021,3,1,5,79,-0.4641
2021,3,2,1,89,1.3747
2021,3,2,2,212,3.0982
2021,3,2,3,254,-0.6086
2021,3,2,4,121,4.3533
2021,3,2,5,62,1.4087
2021,3,3,1,105,3.5086
2021,3,3,2,209,9.1283
2021,3,3,3,297,4.2796
2021,3,3,4,183,3.8892
2021,3,3,5,69,4.7651
2021,4,1,1,99,2.2186
2021,4,1,2,515,1.7882
2021,4,1,3,599,-0.3765
2021,4,1,4,142,1.0774
2021,4,1,5,88,-1.5274
2021,4,2,1,66,2.6372
2021,4,2,2,215,2.1871
2021,4,2,3,295,1.4672
2021,4,2,4,98,1.8904
2021,4,2,5,68,3.0088
2021,4,3,1,85,2.7088
2021,4,3,2,222,4.1213
2021,4,3,3,325,4.2604
2021,4,3,4,149,4.6097
2021,4,3,5,74,5.3212
2021,5,1,1,145,4.7567
2021,5,1,2,778,3.6820
2021,5,1,3,350,3.5290
2021,5,1,4,169,5.9611
2021,5,1,5,65,6.1956
2021,5,2,1,64,-0.2385
2021,5,2,2,257,3.5039
2021,5,2,3,232,4.1515
2021,5,2,4,126,3.8944
2021,5,2,5,52,9.1499
2021,5,3,1,79,0.8528
2021,5,3,2,221,1.7383
2021,5,3,3,356,0.3910
2021,5,3,4,137,1.3827
2021,5,3,5,60,1.0995
2021,6,1,1,414,2.3048
2021,6,1,2,616,-0.5617
2021,6,1,3,155,2.1807
2021,6,1,4,227,2.6921
2021,6,1,5,144,1.5151
2021,6,2,1,118,1.5842
2021,6,2,2,237,-1.2283
2021,6,2,3,115,2.6862
2021,6,2,4,157,-0.4866
2021,6,2,5,96,1.0789
2021,6,3,1,108,0.4727
2021,6,3,2,285,-1.8058
2021,6,3,3,139,1.1996
2021,6,3,4,199,1.0974
2021,6,3,5,126,1.1170
2021,7,1,1,464,-0.3411
2021,7,1,2,235,-6.9697
2021,7,1,3,538,-3.0275
2021,7,1,4,149,-1.9138
2021,7,1,5,154,-4.6195
2021,7,2,1,161,-5.5574
2021,7,2,2,179,-4.1956
2021,7,2,3,199,-1.3482
2021,7,2,4,122,-3.8602
2021,7,2,5,106,-3.2909
2021,7,3,1,112,2.5079
2021,7,3,2,287,0.9305
2021,7,3,3,209,1.8749
2021,7,3,4,114,0.1551
2021,7,3,5,135,1.6794
2021,8,1,1,514,-3.3870
2021,8,1,2,591,0.3904
2021,8,1,3,207,1.4978
2021,8,1,4,152,2.9735
2021,8,1,5,140,1.4226
2021,8,2,1,210,1.1456
2021,8,2,2,200,0.9203
2021,8,2,3,114,0.2565
2021,8,2,4,116,2.5063
2021,8,2,5,112,-0.3172
2021,8,3,1,265,3.1165
2021,8,3,2,211,1.1872
2021,8,3,3,148,1.9560
2021,8,3,4,111,3.0664
2021,8,3,5,135,0.9621
2021,9,1,1,905,-4.7823
2021,9,1,2,238,-3.6004
2021,9,1,3,191,-4.3802
2021,9,1,4,162,-3.0660
2021,9,1,5,122,-0.3040
2021,9,2,1,313,-4.2465
2021,9,2,2,134,-4.2441
2021,9,2,3,97,-0.7212
2021,9,2,4,136,-3.8084
2021,9,2,5,92,-3.7943
2021,9,3,1,323,-3.7993
2021,9,3,2,167,-6.0908
2021,9,3,3,134,-3.5439
2021,9,3,4,164,-3.2227
2021,9,3,5,82,-6.4899
2021,10,1,1,496,3.6443
2021,10,1,2,662,2.2391
2021,10,1,3,134,3.7487
2021,10,1,4,236,0.9610
2021,10,1,5,119,4.3924
2021,10,2,1,217,2.9623
2021,10,2,2,225,1.9576
2021,10,2,3,82,2.9405
2021,10,2,4,148,4.2244
2021,10,2,5,105,2.5704
2021,10,3,1,263,2.2631
2021,10,3,2,216,3.5498
2021,10,3,3,124,5.5552
2021,10,3,4,188,6.4195
2021,10,3,5,84,11.5175
2021,11,1,1,500,-6.2951
2021,11,1,2,623,-6.3235
2021,11,1,3,230,-5.7018
2021,11,1,4,211,-10.4181
2021,11,1,5,127,-7.5150
2021,11,2,1,206,-0.6285
2021,11,2,2,201,-3.7541
2021,11,2,3,146,-4.1177
2021,11,2,4,116,1.4628
2021,11,2,5,107,-2.6111
2021,11,3,1,257,-1.9154
2021,11,3,2,148,-1.9025
2021,11,3,3,187,-2.0083
2021,11,3,4,188,-1.8084
2021,11,3,5,94,-4.4607
2021,12,1,1,429,-1.3625
2021,12,1,2,256,2.2031
2021,12,1,3,662,-0.6628
2021,12,1,4,291,2.0688
2021,12,1,5,101,4.0643
2021,12,2,1,151,4.2645
2021,12,2,2,159,3.0461
2021,12,2,3,216,-0.1620
2021,12,2,4,160,4.0584
2021,12,2,5,89,8.2507
2021,12,3,1,141,7.3429
2021,12,3,2,216,5.2551
2021,12,3,3,209,4.0012
2021,12,3,4,220,3.4834
2021,12,3,5,88,4.5476
2022,1,1,1,433,-9.6621
2022,1,1,2,263,-9.6701
2022,1,1,3,731,-7.0261
2022,1,1,4,276,-9.0435
2022,1,1,5,101,-7.2224
2022,1,2,1,125,-9.0819
2022,1,2,2,158,-8.1414
2022,1,2,3,221,-8.9002
2022,1,2,4,156,-8.9726
2022,1,2,5,87,-8.6410
2022,1,3,1,125,-1.1643
2022,1,3,2,237,-7.8109
2022,1,3,3,205,-5.9615
2022,1,3,4,218,-6.6564
2022,1,3,5,90,-13.5981
2022,2,1,1,449,0.6874
2022,2,1,2,229,1.9358
2022,2,1,3,799,-2.5699
2022,2,1,4,273,2.4892
2022,2,1,5,89,4.0228
2022,2,2,1,132,2.5895
2022,2,2,2,161,7.9857
2022,2,2,3,234,1.8724
2022,2,2,4,148,2.5294
2022,2,2,5,86,4.4715
2022,2,3,1,133,0.1767
2022,2,3,2,216,1.5580
2022,2,3,3,214,-1.6788
2022,2,3,4,204,-1.8495
2022,2,3,5,88,6.5565
2022,3,1,1,726,3.2737
2022,3,1,2,587,1.1488
2022,3,1,3,182,3.9418
2022,3,1,4,163,0.7231
2022,3,1,5,207,4.1532
2022,3,2,1,146,2.3026
2022,3,2,2,218,-0.8714
2022,3,2,3,118,5.0043
2022,3,2,4,117,-0.1913
2022,3,2,5,154,3.5664
2022,3,3,1,100,4.1472
2022,3,3,2,259,-1.4988
2022,3,3,3,178,6.0464
2022,3,3,4,152,2.0637
2022,3,3,5,167,7.0800
2022,4,1,1,108,-13.2756
2022,4,1,2,1201,-13.1279
2022,4,1,3,260,-9.0435
2022,4,1,4,102,-6.1275
2022,4,1,5,206,-5.5766
2022,4,2,1,43,-7.0371
2022,4,2,2,303,-11.5455
2022,4,2,3,159,-10.4002
2022,4,2,4,93,-6.8148
2022,4,2,5,135,-4.7068
2022,4,3,1,60,-2.5021
2022,4,3,2,295,-5.6116
2022,4,3,3,197,-12.3578
2022,4,3,4,149,-6.6245
2022,4,3,5,168,-7.3133
2022,5,1,1,523,-7.8257
2022,5,1,2,827,-3.5178
2022,5,1,3,196,-0.7214
2022,5,1,4,172,-0.3800
2022,5,1,5,195,-1.4474
2022,5,2,1,134,-1.8604
2022,5,2,2,218,-0.0790
2022,5,2,3,130,0.2366
2022,5,2,4,116,0.6701
2022,5,2,5,132,1.6989
2022,5,3,1,112,1.2035
2022,5,3,2,260,-1.6940
2022,5,3,3,171,-1.6103
2022,5,3,4,150,-0.6812
2022,5,3,5,158,-1.4577
2022,6,1,1,471,-8.4697
2022,6,1,2,301,-10.9374
2022,6,1,3,856,-6.4529
2022,6,1,4,141,-12.0289
2022,6,1,5,146,-10.1414
2022,6,2,1,123,-8.8251
2022,6,2,2,183,-6.8086
2022,6,2,3,210,-7.5804
2022,6,2,4,112,-11.7105
2022,6,2,5,113,-8.5529
2022,6,3,1,84,-10.3907
2022,6,3,2,294,-8.7368
2022,6,3,3,185,-7.5468
2022,6,3,4,153,-10.5347
2022,6,3,5,125,-9.3108
2022,7,1,1,567,4.5490
2022,7,1,2,418,10.1792
2022,7,1,3,554,9.8343
2022,7,1,4,209,12.2433
2022,7,1,5,109,7.4843
2022,7,2,1,151,13.3367
2022,7,2,2,212,10.7207
2022,7,2,3,133,9.8959
2022,7,2,4,146,11.7939
2022,7,2,5,112,9.6451
2022,7,3,1,93,3.5886
2022,7,3,2,339,8.2518
2022,7,3,3,141,11.4071
2022,7,3,4,181,12.3103
2022,7,3,5,114,8.9878
2022,8,1,1,584,-3.5770
2022,8,1,2,431,1.9495
2022,8,1,3,517,-0.9334
2022,8,1,4,191,-4.4216
2022,8,1,5,130,-0.5339
2022,8,2,1,157,-3.2858
2022,8,2,2,231,-3.1635
2022,8,2,3,119,-1.3171
2022,8,2,4,127,-2.7393
2022,8,2,5,132,-1.5046
2022,8,3,1,106,-4.6579
2022,8,3,2,301,-4.0735
2022,8,3,3,166,-1.6590
2022,8,3,4,138,-5.9896
2022,8,3,5,142,-2.1638
2022,9,1,1,232,-14.0317
2022,9,1,2,1063,-13.2822
2022,9,1,3,249,-13.6737
2022,9,1,4,150,-16.7979
2022,9,1,5,164,-13.7471
2022,9,2,1,140,-9.9689
2022,9,2,2,225,-11.7004
2022,9,2,3,157,-13.4599
2022,9,2,4,106,-10.8659
2022,9,2,5,143,-12.3309
2022,9,3,1,178,-9.1315
2022,9,3,2,186,-7.9295
2022,9,3,3,174,-8.6185
2022,9,3,4,171,-9.4294
2022,9,3,5,144,-8.9944
2022,10,1,1,98,7.8821
2022,10,1,2,1179,7.8143
2022,10,1,3,308,7.1679
2022,10,1,4,83,10.9606
2022,10,1,5,168,15.4881
2022,10,2,1,65,12.9128
2022,10,2,2,318,6.7553
2022,10,2,3,193,11.5469
2022,10,2,4,74,13.2900
2022,10,2,5,139,14.0382
2022,10,3,1,81,7.7313
2022,10,3,2,284,8.3543
2022,10,3,3,208,8.9670
2022,10,3,4,139,8.5893
2022,10,3,5,143,10.8271
2022,11,1,1,228,-3.4869
2022,11,1,2,1077,-3.6693
2022,11,1,3,191,0.5450
2022,11,1,4,223,5.0350
2022,11,1,5,137,3.0551
2022,11,2,1,143,6.0575
2022,11,2,2,231,3.0985
2022,11,2,3,104,3.3877
2022,11,2,4,172,2.8360
2022,11,2,5,117,3.6978
2022,11,3,1,168,8.6511
2022,11,3,2,192,7.0257
2022,11,3,3,143,7.9394
2022,11,3,4,231,6.1067
2022,11,3,5,109,2.5984
2022,12,1,1,103,-9.3714
2022,12,1,2,821,-7.7259
2022,12,1,3,560,-4.9106
2022,12,1,4,241,-7.0792
2022,12,1,5,136,-6.2811
2022,12,2,1,49,-4.4630
2022,12,2,2,283,-5.3897
2022,12,2,3,126,-8.8889
2022,12,2,4,159,-6.2154
2022,12,2,5,145,-5.0788
2022,12,3,1,77,-4.8151
2022,12,3,2,260,-1.7363
2022,12,3,3,140,-5.9028
2022,12,3,4,172,-7.3480
2022,12,3,5,189,-8.2869
2023,1,1,1,104,16.5551
2023,1,1,2,811,14.1781
2023,1,1,3,511,12.6183
2023,1,1,4,185,20.6397
2023,1,1,5,197,14.8329
2023,1,2,1,50,14.6420
2023,1,2,2,269,11.4615
2023,1,2,3,136,13.0159
2023,1,2,4,120,12.5277
2023,1,2,5,178,10.7602
2023,1,3,1,75,10.1143
2023,1,3,2,252,2.4504
2023,1,3,3,146,9.4345
2023,1,3,4,135,11.5949
2023,1,3,5,220,5.9989
2023,2,1,1,93,-3.3711
2023,2,1,2,827,-7.2151
2023,2,1,3,520,-4.6077
2023,2,1,4,209,-3.0918
2023,2,1,5,127,-3.8525
2023,2,2,1,51,2.5454
2023,2,2,2,297,-4.4429
2023,2,2,3,157,-2.1275
2023,2,2,4,139,-1.1553
2023,2,2,5,138,-3.1119
2023,2,3,1,62,-3.7097
2023,2,3,2,267,-3.9428
2023,2,3,3,181,-2.4857
2023,2,3,4,141,-2.1674
2023,2,3,5,172,0.0772
2023,3,1,1,554,-3.2101
2023,3,1,2,111,-12.0978
2023,3,1,3,326,-6.8622
2023,3,1,4,579,-5.0921
2023,3,1,5,212,-6.0850
2023,3,2,1,159,-0.8177
2023,3,2,2,90,-1.8873
2023,3,2,3,194,-2.0417
2023,3,2,4,180,-3.7595
2023,3,2,5,150,-1.8307
2023,3,3,1,107,1.7108
2023,3,3,2,143,1.6315
2023,3,3,3,228,3.4198
2023,3,3,4,169,0.6797
2023,3,3,5,165,-0.0686
2023,4,1,1,80,-3.1643
2023,4,1,2,583,-4.1606
2023,4,1,3,135,-4.9826
2023,4,1,4,779,-5.2363
2023,4,1,5,200,-6.3339
2023,4,2,1,45,-2.0621
2023,4,2,2,199,-0.4898
2023,4,2,3,90,-4.0711
2023,4,2,4,275,-2.5924
2023,4,2,5,141,-4.4002
2023,4,3,1,53,0.6264
2023,4,3,2,193,1.1128
2023,4,3,3,105,-0.0222
2023,4,3,4,286,0.1551
2023,4,3,5,176,-0.8663
2023,5,1,1,66,-0.6281
2023,5,1,2,589,-2.8965
2023,5,1,3,167,-2.2338
2023,5,1,4,456,-0.0511
2023,5,1,5,507,0.9805
2023,5,2,1,49,-5.4018
2023,5,2,2,176,-2.1102
2023,5,2,3,116,-1.2109
2023,5,2,4,232,1.2697
2023,5,2,5,148,-0.1624
2023,5,3,1,57,-7.2149
2023,5,3,2,149,-7.7016
2023,5,3,3,180,-2.2891
2023,5,3,4,287,-2.1743
2023,5,3,5,151,-1.8959
2023,6,1,1,83,7.8591
2023,6,1,2,674,5.4294
2023,6,1,3,267,12.8759
2023,6,1,4,304,12.6357
2023,6,1,5,422,4.1950
2023,6,2,1,65,9.3297
2023,6,2,2,218,7.1866
2023,6,2,3,150,12.1087
2023,6,2,4,207,14.1446
2023,6,2,5,100,5.4269
2023,6,3,1,82,13.2779
2023,6,3,2,181,9.1832
2023,6,3,3,180,10.8493
2023,6,3,4,240,10.2732
2023,6,3,5,145,6.1330
2023,7,1,1,92,7.5713
2023,7,1,2,741,5.1923
2023,7,1,3,234,4.7096
2023,7,1,4,307,8.9501
2023,7,1,5,318,-0.3460
2023,7,2,1,64,5.4304
2023,7,2,2,230,4.5331
2023,7,2,3,121,6.9498
2023,7,2,4,222,7.4139
2023,7,2,5,79,2.2523
2023,7,3,1,89,4.8704
2023,7,3,2,214,2.2898
2023,7,3,3,138,2.7828
2023,7,3,4,247,3.4034
2023,7,3,5,123,1.4995
2023,8,1,1,104,-6.3885
2023,8,1,2,242,-5.9915
2023,8,1,3,689,-6.6218
2023,8,1,4,231,-8.2336
2023,8,1,5,438,-7.4723
2023,8,2,1,65,-1.9008
2023,8,2,2,150,-4.0091
2023,8,2,3,213,-4.8129
2023,8,2,4,119,-4.8955
2023,8,2,5,147,-2.7428
2023,8,3,1,90,-2.7079
2023,8,3,2,192,-1.4606
2023,8,3,3,165,-2.9768
2023,8,3,4,186,-1.3974
2023,8,3,5,172,-2.0635
2023,9,1,1,109,-1.4913
2023,9,1,2,170,-2.6613
2023,9,1,3,669,-6.0423
2023,9,1,4,457,-7.1034
2023,9,1,5,285,-8.2543
2023,9,2,1,82,-2.3026
2023,9,2,2,97,-4.0857
2023,9,2,3,221,-8.0010
2023,9,2,4,143,-6.9445
2023,9,2,5,146,-8.6853
2023,9,3,1,106,-6.3367
2023,9,3,2,106,-4.8763
2023,9,3,3,229,-5.0442
2023,9,3,4,175,-6.2394
2023,9,3,5,194,-5.7448
2023,10,1,1,94,-8.0723
2023,10,1,2,189,-8.5007
2023,10,1,3,677,-7.5577
2023,10,1,4,466,-12.9092
2023,10,1,5,286,-6.7884
2023,10,2,1,63,-5.4838
2023,10,2,2,102,-6.2382
2023,10,2,3,211,-5.9737
2023,10,2,4,148,-7.5743
2023,10,2,5,145,-7.7482
2023,10,3,1,89,-8.2273
2023,10,3,2,129,-6.2026
2023,10,3,3,228,-1.9299
2023,10,3,4,170,-2.7453
2023,10,3,5,189,-1.9576
2023,11,1,1,88,7.1844
2023,11,1,2,165,4.8575
2023,11,1,3,722,9.2575
2023,11,1,4,290,10.2270
2023,11,1,5,444,7.5634
2023,11,2,1,57,9.9557
2023,11,2,2,83,7.5817
2023,11,2,3,237,7.7589
2023,11,2,4,128,12.1663
2023,11,2,5,162,7.3601
2023,11,3,1,80,5.7714
2023,11,3,2,125,7.3028
2023,11,3,3,267,8.7974
2023,11,3,4,141,10.0063
2023,11,3,5,185,8.0918
2023,12,1,1,115,7.3251
2023,12,1,2,629,15.3169
2023,12,1,3,522,9.3515
2023,12,1,4,225,9.1028
2023,12,1,5,216,10.6381
2023,12,2,1,69,6.0072
2023,12,2,2,178,11.8637
2023,12,2,3,130,11.5142
2023,12,2,4,135,12.5888
2023,12,2,5,141,9.9239
2023,12,3,1,89,5.9275
2023,12,3,2,188,6.5145
2023,12,3,3,159,4.9697
2023,12,3,4,198,5.1669
2023,12,3,5,167,8.5045
