year,month,rank_ME,rank_r5a,nstocks,ret_vw
1967,1,1,1,27,12.9809
1967,1,1,2,14,18.8801
1967,1,1,3,29,17.2494
1967,1,1,4,41,20.3374
1967,1,1,5,63,20.7152
1967,1,2,1,44,14.9661
1967,1,2,2,37,11.4132
1967,1,2,3,49,12.9952
1967,1,2,4,60,18.8481
1967,1,2,5,55,19.4777
1967,1,3,1,114,8.2271
1967,1,3,2,133,6.0373
1967,1,3,3,106,7.0727
1967,1,3,4,83,9.1795
1967,1,3,5,68,11.5775
1967,2,1,1,44,2.3430
1967,2,1,2,35,5.7373
1967,2,1,3,25,4.2833
1967,2,1,4,27,2.1408
1967,2,1,5,46,2.1843
1967,2,2,1,50,2.1202
1967,2,2,2,46,1.3678
1967,2,2,3,49,2.2649
1967,2,2,4,44,1.4893
1967,2,2,5,58,2.5139
1967,2,3,1,92,-0.1435
1967,2,3,2,103,1.3113
1967,2,3,3,111,-0.1732
1967,2,3,4,114,2.1629
1967,2,3,5,81,1.3084
1967,3,1,1,42,4.6853
1967,3,1,2,40,5.6084
1967,3,1,3,22,5.3330
1967,3,1,4,28,6.2121
1967,3,1,5,47,8.3718
1967,3,2,1,49,5.7067
1967,3,2,2,39,2.2662
1967,3,2,3,51,5.2405
1967,3,2,4,43,6.5068
1967,3,2,5,64,7.3809
1967,3,3,1,93,4.5236
1967,3,3,2,109,3.2821
1967,3,3,3,112,3.7722
1967,3,3,4,114,5.2100
1967,3,3,5,74,4.9205
1967,4,1,1,48,5.7967
1967,4,1,2,35,4.3882
1967,4,1,3,32,5.1782
1967,4,1,4,20,5.4276
1967,4,1,5,45,3.0143
1967,4,2,1,67,2.7768
1967,4,2,2,41,3.6196
1967,4,2,3,45,0.8393
1967,4,2,4,46,2.8585
1967,4,2,5,49,4.5947
1967,4,3,1,72,1.3816
1967,4,3,2,108,4.2980
1967,4,3,3,110,4.0349
1967,4,3,4,118,2.3419
1967,4,3,5,92,8.0281
1967,5,1,1,51,2.5898
1967,5,1,2,36,-0.9490
1967,5,1,3,26,0.0026
1967,5,1,4,34,0.0385
1967,5,1,5,33,-0.1747
1967,5,2,1,47,-1.9851
1967,5,2,2,46,-2.4685
1967,5,2,3,55,-0.2859
1967,5,2,4,45,-3.3494
1967,5,2,5,53,-0.7909
1967,5,3,1,89,-5.1949
1967,5,3,2,103,-3.6174
1967,5,3,3,103,-4.4374
1967,5,3,4,107,-4.5025
1967,5,3,5,98,-4.8122
1967,6,1,1,51,9.2298
1967,6,1,2,34,7.9833
1967,6,1,3,37,8.5399
1967,6,1,4,23,4.2306
1967,6,1,5,32,7.2593
1967,6,2,1,53,9.1712
1967,6,2,2,43,7.0367
1967,6,2,3,51,7.1092
1967,6,2,4,45,3.8065
1967,6,2,5,52,4.3530
1967,6,3,1,79,4.8058
1967,6,3,2,107,1.2541
1967,6,3,3,98,0.3352
1967,6,3,4,115,2.9841
1967,6,3,5,99,1.3341
1967,7,1,1,44,8.2235
1967,7,1,2,35,6.7898
1967,7,1,3,36,11.1604
1967,7,1,4,23,9.8048
1967,7,1,5,38,11.2250
1967,7,2,1,62,9.8615
1967,7,2,2,46,6.8782
1967,7,2,3,38,6.9210
1967,7,2,4,45,8.4742
1967,7,2,5,55,6.6870
1967,7,3,1,78,5.9928
1967,7,3,2,102,1.5895
1967,7,3,3,110,5.7705
1967,7,3,4,114,5.5138
1967,7,3,5,92,4.8473
1967,8,1,1,232,-0.5833
1967,8,1,2,79,-1.6371
1967,8,1,3,71,-0.2704
1967,8,1,4,79,1.5155
1967,8,1,5,155,0.1089
1967,8,2,1,72,-0.3050
1967,8,2,2,63,-0.0401
1967,8,2,3,58,1.4274
1967,8,2,4,64,-0.0067
1967,8,2,5,58,-0.7615
1967,8,3,1,73,-0.7850
1967,8,3,2,120,-0.7207
1967,8,3,3,123,-0.3494
1967,8,3,4,109,-0.8266
1967,8,3,5,114,-1.4315
1967,9,1,1,200,8.5698
1967,9,1,2,88,4.2624
1967,9,1,3,79,5.6426
1967,9,1,4,77,8.0154
1967,9,1,5,169,8.0728
1967,9,2,1,82,5.5917
1967,9,2,2,49,2.8988
1967,9,2,3,61,5.4903
1967,9,2,4,56,3.2171
1967,9,2,5,67,4.5245
1967,9,3,1,83,0.9558
1967,9,3,2,116,4.6902
1967,9,3,3,117,1.0757
1967,9,3,4,115,4.0885
1967,9,3,5,105,3.7761
1967,10,1,1,230,-1.6680
1967,10,1,2,90,-4.1637
1967,10,1,3,77,-2.2952
1967,10,1,4,88,-3.3845
1967,10,1,5,134,0.9283
1967,10,2,1,76,-2.0328
1967,10,2,2,56,-4.6374
1967,10,2,3,57,-2.7166
1967,10,2,4,62,-1.4595
1967,10,2,5,56,-7.0668
1967,10,3,1,84,-3.4880
1967,10,3,2,119,-2.8588
1967,10,3,3,113,-1.3614
1967,10,3,4,109,-2.9940
1967,10,3,5,110,-3.9207
1967,11,1,1,210,0.8685
1967,11,1,2,82,-0.4423
1967,11,1,3,82,-0.1428
1967,11,1,4,100,-1.1049
1967,11,1,5,141,-0.9710
1967,11,2,1,68,1.8418
1967,11,2,2,52,-1.4863
1967,11,2,3,55,2.0545
1967,11,2,4,62,0.7743
1967,11,2,5,70,-0.3753
1967,11,3,1,81,0.3293
1967,11,3,2,123,0.4058
1967,11,3,3,117,1.0935
1967,11,3,4,110,1.3438
1967,11,3,5,101,0.4257
1967,12,1,1,270,11.6034
1967,12,1,2,82,9.0789
1967,12,1,3,73,6.6336
1967,12,1,4,63,10.0123
1967,12,1,5,119,12.6262
1967,12,2,1,84,8.4373
1967,12,2,2,52,5.3412
1967,12,2,3,45,5.6846
1967,12,2,4,69,6.3075
1967,12,2,5,58,7.3489
1967,12,3,1,60,2.9714
1967,12,3,2,117,3.3444
1967,12,3,3,121,2.6628
1967,12,3,4,109,2.8767
1967,12,3,5,116,1.6573
1968,1,1,1,92,2.8429
1968,1,1,2,72,4.8887
1968,1,1,3,85,3.2967
1968,1,1,4,107,4.0325
1968,1,1,5,255,4.9095
1968,1,2,1,47,1.2761
1968,1,2,2,46,-0.5853
1968,1,2,3,70,2.0977
1968,1,2,4,69,-0.3527
1968,1,2,5,79,-0.6544
1968,1,3,1,125,-1.8470
1968,1,3,2,134,-4.3173
1968,1,3,3,99,-4.7815
1968,1,3,4,91,-5.1923
1968,1,3,5,77,-6.9393
1968,2,1,1,125,-7.8421
1968,2,1,2,84,-6.2850
1968,2,1,3,94,-3.9952
1968,2,1,4,127,-4.6673
1968,2,1,5,173,-7.1397
1968,2,2,1,57,-6.1156
1968,2,2,2,54,-0.3292
1968,2,2,3,65,-2.3504
1968,2,2,4,52,-5.7163
1968,2,2,5,87,-7.2885
1968,2,3,1,113,-2.3737
1968,2,3,2,121,-2.5828
1968,2,3,3,95,-2.8048
1968,2,3,4,104,-3.2533
1968,2,3,5,87,-5.2457
1968,3,1,1,179,-0.6898
1968,3,1,2,90,-0.6835
1968,3,1,3,69,-1.7374
1968,3,1,4,88,-1.2328
1968,3,1,5,182,-2.8570
1968,3,2,1,72,-0.7212
1968,3,2,2,56,1.3599
1968,3,2,3,53,-2.9469
1968,3,2,4,50,-2.8491
1968,3,2,5,77,-0.8296
1968,3,3,1,83,0.2417
1968,3,3,2,108,-0.4369
1968,3,3,3,120,0.5937
1968,3,3,4,118,1.4893
1968,3,3,5,91,1.0734
1968,4,1,1,189,16.0550
1968,4,1,2,77,12.7255
1968,4,1,3,83,15.1033
1968,4,1,4,87,14.3692
1968,4,1,5,174,16.4596
1968,4,2,1,67,11.6388
1968,4,2,2,68,9.8803
1968,4,2,3,45,16.1785
1968,4,2,4,50,12.3355
1968,4,2,5,76,15.4204
1968,4,3,1,77,9.1411
1968,4,3,2,104,8.3961
1968,4,3,3,126,6.7393
1968,4,3,4,119,8.9165
1968,4,3,5,95,10.8900
1968,5,1,1,247,15.5264
1968,5,1,2,99,10.3991
1968,5,1,3,76,12.2450
1968,5,1,4,69,7.8733
1968,5,1,5,127,10.3845
1968,5,2,1,72,6.4459
1968,5,2,2,63,7.5720
1968,5,2,3,51,6.2665
1968,5,2,4,54,6.2117
1968,5,2,5,60,6.4127
1968,5,3,1,71,1.9427
1968,5,3,2,101,2.3643
1968,5,3,3,117,-0.4643
1968,5,3,4,113,2.4261
1968,5,3,5,119,3.6579
1968,6,1,1,229,-0.1947
1968,6,1,2,112,2.0764
1968,6,1,3,74,1.3780
1968,6,1,4,82,0.8512
1968,6,1,5,118,1.0928
1968,6,2,1,82,-0.4606
1968,6,2,2,56,1.2477
1968,6,2,3,53,1.2994
1968,6,2,4,49,2.2064
1968,6,2,5,62,0.7253
1968,6,3,1,85,0.8225
1968,6,3,2,97,0.4166
1968,6,3,3,104,1.4149
1968,6,3,4,120,0.7179
1968,6,3,5,113,1.7931
1968,7,1,1,187,-2.4333
1968,7,1,2,99,-1.5668
1968,7,1,3,70,-4.5476
1968,7,1,4,92,-2.2101
1968,7,1,5,165,-5.4126
1968,7,2,1,65,-2.4026
1968,7,2,2,63,-1.2874
1968,7,2,3,53,-3.4736
1968,7,2,4,53,-3.1497
1968,7,2,5,66,-5.3341
1968,7,3,1,84,-4.4592
1968,7,3,2,101,-2.7919
1968,7,3,3,119,0.7884
1968,7,3,4,113,-0.8330
1968,7,3,5,102,-3.4213
1968,8,1,1,246,4.4262
1968,8,1,2,89,4.7134
1968,8,1,3,72,4.1088
1968,8,1,4,80,4.7939
1968,8,1,5,116,2.4099
1968,8,2,1,73,4.1299
1968,8,2,2,50,2.8849
1968,8,2,3,51,4.6738
1968,8,2,4,72,2.8860
1968,8,2,5,52,2.2843
1968,8,3,1,66,1.4526
1968,8,3,2,116,1.2517
1968,8,3,3,119,1.1674
1968,8,3,4,104,2.1800
1968,8,3,5,117,1.2651
1968,9,1,1,182,7.6567
1968,9,1,2,85,8.2514
1968,9,1,3,82,7.3934
1968,9,1,4,80,7.6516
1968,9,1,5,170,5.8830
1968,9,2,1,75,6.5695
1968,9,2,2,59,6.1551
1968,9,2,3,54,5.9983
1968,9,2,4,53,5.7119
1968,9,2,5,58,7.1164
1968,9,3,1,83,6.3236
1968,9,3,2,109,4.6366
1968,9,3,3,111,2.7460
1968,9,3,4,116,4.0363
1968,9,3,5,103,4.1431
1968,10,1,1,250,-0.9175
1968,10,1,2,89,2.2829
1968,10,1,3,81,0.5858
1968,10,1,4,65,0.8759
1968,10,1,5,110,0.0821
1968,10,2,1,65,0.5160
1968,10,2,2,66,0.7794
1968,10,2,3,61,1.8863
1968,10,2,4,44,1.8215
1968,10,2,5,63,2.1440
1968,10,3,1,83,0.1294
1968,10,3,2,104,1.7353
1968,10,3,3,110,1.6015
1968,10,3,4,131,0.2972
1968,10,3,5,98,0.8026
1968,11,1,1,168,5.8127
1968,11,1,2,86,7.5146
1968,11,1,3,87,8.4701
1968,11,1,4,121,6.4578
1968,11,1,5,138,8.2867
1968,11,2,1,48,7.0620
1968,11,2,2,68,6.6226
1968,11,2,3,52,9.1398
1968,11,2,4,63,7.8387
1968,11,2,5,64,9.1371
1968,11,3,1,99,3.0932
1968,11,3,2,90,5.7812
1968,11,3,3,111,5.0358
1968,11,3,4,116,6.4695
1968,11,3,5,104,8.0972
1968,12,1,1,225,1.6853
1968,12,1,2,96,2.8267
1968,12,1,3,60,2.1819
1968,12,1,4,67,1.8527
1968,12,1,5,148,2.6986
1968,12,2,1,72,-0.6048
1968,12,2,2,51,-1.0731
1968,12,2,3,48,-0.9169
1968,12,2,4,62,-0.3141
1968,12,2,5,65,0.8782
1968,12,3,1,80,-5.3946
1968,12,3,2,105,-3.5612
1968,12,3,3,113,-4.1469
1968,12,3,4,109,-1.7895
1968,12,3,5,108,-4.7977
1969,1,1,1,60,-1.6707
1969,1,1,2,67,-0.6907
1969,1,1,3,93,-0.8940
1969,1,1,4,106,-0.2472
1969,1,1,5,274,-0.3938
1969,1,2,1,39,-0.1013
1969,1,2,2,38,0.0206
1969,1,2,3,64,-0.1995
1969,1,2,4,70,0.1734
1969,1,2,5,84,-2.5448
1969,1,3,1,135,0.0975
1969,1,3,2,133,-0.8459
1969,1,3,3,100,-1.6737
1969,1,3,4,85,-0.9794
1969,1,3,5,68,-2.6031
1969,2,1,1,91,-10.7050
1969,2,1,2,84,-8.5872
1969,2,1,3,91,-9.7554
1969,2,1,4,130,-9.0965
1969,2,1,5,192,-11.8984
1969,2,2,1,55,-8.7578
1969,2,2,2,52,-6.1913
1969,2,2,3,56,-6.7349
1969,2,2,4,57,-7.6776
1969,2,2,5,78,-10.9231
1969,2,3,1,112,-4.0648
1969,2,3,2,108,-5.3961
1969,2,3,3,104,-4.6522
1969,2,3,4,104,-3.0151
1969,2,3,5,97,-7.1837
1969,3,1,1,158,1.3466
1969,3,1,2,85,2.7807
1969,3,1,3,71,0.8990
1969,3,1,4,88,1.0964
1969,3,1,5,202,2.3874
1969,3,2,1,72,1.9089
1969,3,2,2,52,1.1226
1969,3,2,3,48,3.4865
1969,3,2,4,50,0.0828
1969,3,2,5,71,5.0417
1969,3,3,1,81,1.9300
1969,3,3,2,120,3.6509
1969,3,3,3,118,3.6959
1969,3,3,4,112,4.6271
1969,3,3,5,92,1.6201
1969,4,1,1,161,-1.9020
1969,4,1,2,87,-0.3387
1969,4,1,3,71,-2.3885
1969,4,1,4,97,-1.5402
1969,4,1,5,180,-1.2740
1969,4,2,1,52,-0.6782
1969,4,2,2,57,1.0146
1969,4,2,3,54,0.6642
1969,4,2,4,47,0.0986
1969,4,2,5,71,0.8695
1969,4,3,1,83,0.7360
1969,4,3,2,114,3.9071
1969,4,3,3,124,0.1262
1969,4,3,4,115,3.0636
1969,4,3,5,93,2.7163
1969,5,1,1,198,1.1581
1969,5,1,2,93,2.6468
1969,5,1,3,75,3.5618
1969,5,1,4,78,-0.4931
1969,5,1,5,148,0.1621
1969,5,2,1,76,0.4763
1969,5,2,2,64,-0.4279
1969,5,2,3,51,-1.0417
1969,5,2,4,56,1.4571
1969,5,2,5,53,-0.7303
1969,5,3,1,91,-0.8279
1969,5,3,2,97,0.5157
1969,5,3,3,119,1.3094
1969,5,3,4,105,-0.6592
1969,5,3,5,114,1.9853
1969,6,1,1,144,-14.2257
1969,6,1,2,88,-13.4796
1969,6,1,3,88,-13.0681
1969,6,1,4,91,-10.9701
1969,6,1,5,176,-14.3093
1969,6,2,1,74,-11.7160
1969,6,2,2,53,-10.7072
1969,6,2,3,58,-10.4295
1969,6,2,4,39,-11.1081
1969,6,2,5,76,-11.0563
1969,6,3,1,101,-7.8112
1969,6,3,2,112,-6.8478
1969,6,3,3,113,-2.2356
1969,6,3,4,111,-5.5762
1969,6,3,5,96,-7.7661
1969,7,1,1,158,-11.8896
1969,7,1,2,84,-13.4013
1969,7,1,3,85,-11.7419
1969,7,1,4,85,-10.6779
1969,7,1,5,192,-11.5510
1969,7,2,1,60,-10.1819
1969,7,2,2,47,-8.9856
1969,7,2,3,58,-8.1266
1969,7,2,4,58,-7.1611
1969,7,2,5,72,-10.0020
1969,7,3,1,107,-4.6141
1969,7,3,2,116,-5.6828
1969,7,3,3,116,-6.9581
1969,7,3,4,108,-6.9779
1969,7,3,5,87,-6.5287
1969,8,1,1,211,5.9662
1969,8,1,2,104,4.5540
1969,8,1,3,83,4.4009
1969,8,1,4,67,1.1658
1969,8,1,5,140,3.6150
1969,8,2,1,69,5.9727
1969,8,2,2,63,6.3989
1969,8,2,3,53,4.6524
1969,8,2,4,57,4.7294
1969,8,2,5,55,6.3323
1969,8,3,1,90,4.6334
1969,8,3,2,102,5.6718
1969,8,3,3,120,3.6185
1969,8,3,4,108,4.0368
1969,8,3,5,114,6.7354
1969,9,1,1,146,-3.5049
1969,9,1,2,90,-4.6181
1969,9,1,3,84,-3.4713
1969,9,1,4,106,-3.9221
1969,9,1,5,175,-2.1178
1969,9,2,1,72,-1.3802
1969,9,2,2,49,-0.7449
1969,9,2,3,55,-0.6237
1969,9,2,4,53,1.3074
1969,9,2,5,68,-2.4030
1969,9,3,1,100,-1.8487
1969,9,3,2,101,-2.6825
1969,9,3,3,114,-2.0301
1969,9,3,4,119,-3.1578
1969,9,3,5,98,-3.4937
1969,10,1,1,190,9.7191
1969,10,1,2,110,8.8768
1969,10,1,3,78,11.0734
1969,10,1,4,72,7.2710
1969,10,1,5,147,11.4708
1969,10,2,1,75,7.1574
1969,10,2,2,55,7.1919
1969,10,2,3,66,7.4327
1969,10,2,4,48,6.2588
1969,10,2,5,63,6.1843
1969,10,3,1,92,4.6107
1969,10,3,2,103,5.4195
1969,10,3,3,111,4.0372
1969,10,3,4,118,5.3336
1969,10,3,5,109,4.9354
1969,11,1,1,156,-6.6884
1969,11,1,2,113,-6.1506
1969,11,1,3,100,-6.9092
1969,11,1,4,101,-6.4907
1969,11,1,5,135,-8.3898
1969,11,2,1,54,-4.9172
1969,11,2,2,63,-4.3477
1969,11,2,3,53,-3.7194
1969,11,2,4,63,-4.5734
1969,11,2,5,68,-6.6981
1969,11,3,1,92,-2.6661
1969,11,3,2,109,-4.3333
1969,11,3,3,108,-3.4070
1969,11,3,4,115,-2.4610
1969,11,3,5,112,-2.0887
1969,12,1,1,143,-9.5360
1969,12,1,2,96,-8.6736
1969,12,1,3,65,-5.7450
1969,12,1,4,94,-6.8851
1969,12,1,5,202,-11.1701
1969,12,2,1,70,-7.6099
1969,12,2,2,51,-5.9914
1969,12,2,3,49,-5.2978
1969,12,2,4,49,-5.8460
1969,12,2,5,84,-4.7798
1969,12,3,1,97,-1.1650
1969,12,3,2,109,-1.4976
1969,12,3,3,127,-2.5922
1969,12,3,4,116,0.2502
1969,12,3,5,85,-2.2561
1970,1,1,1,44,-1.2924
1970,1,1,2,59,-0.8657
1970,1,1,3,63,-1.6903
1970,1,1,4,120,-2.0880
1970,1,1,5,319,-1.7936
1970,1,2,1,32,-3.7412
1970,1,2,2,49,-4.3120
1970,1,2,3,59,-3.2269
1970,1,2,4,70,-4.3029
1970,1,2,5,91,-8.5017
1970,1,3,1,161,-7.8240
1970,1,3,2,128,-8.3021
1970,1,3,3,110,-6.5739
1970,1,3,4,84,-6.8416
1970,1,3,5,54,-6.5619
1970,2,1,1,132,1.2907
1970,2,1,2,69,2.0053
1970,2,1,3,99,2.3250
1970,2,1,4,99,3.6273
1970,2,1,5,211,3.4828
1970,2,2,1,57,4.3761
1970,2,2,2,52,4.6019
1970,2,2,3,56,5.9780
1970,2,2,4,65,3.9786
1970,2,2,5,77,3.8022
1970,2,3,1,108,6.6125
1970,2,3,2,121,6.4566
1970,2,3,3,112,6.4134
1970,2,3,4,109,4.9640
1970,2,3,5,86,3.4308
1970,3,1,1,175,-2.8143
1970,3,1,2,86,-2.9347
1970,3,1,3,81,-1.6989
1970,3,1,4,90,-2.2848
1970,3,1,5,183,-3.1593
1970,3,2,1,78,-0.1960
1970,3,2,2,51,0.7145
1970,3,2,3,59,-1.1485
1970,3,2,4,47,-2.5277
1970,3,2,5,74,-2.2315
1970,3,3,1,82,-0.1794
1970,3,3,2,109,0.8243
1970,3,3,3,113,1.9876
1970,3,3,4,129,-0.8658
1970,3,3,5,105,-2.7454
1970,4,1,1,119,-14.4863
1970,4,1,2,96,-17.6651
1970,4,1,3,104,-14.9733
1970,4,1,4,108,-18.0117
1970,4,1,5,188,-20.4261
1970,4,2,1,52,-11.9204
1970,4,2,2,48,-10.8511
1970,4,2,3,49,-15.0155
1970,4,2,4,72,-15.2940
1970,4,2,5,87,-18.4628
1970,4,3,1,109,-7.2144
1970,4,3,2,115,-9.5117
1970,4,3,3,118,-8.8529
1970,4,3,4,96,-9.8425
1970,4,3,5,97,-13.3578
1970,5,1,1,116,-10.3386
1970,5,1,2,87,-9.5988
1970,5,1,3,70,-10.7396
1970,5,1,4,99,-7.1054
1970,5,1,5,256,-9.1408
1970,5,2,1,60,-11.7367
1970,5,2,2,57,-9.1637
1970,5,2,3,65,-8.6261
1970,5,2,4,53,-10.1820
1970,5,2,5,69,-9.6758
1970,5,3,1,117,-7.4065
1970,5,3,2,103,-2.9174
1970,5,3,3,117,-4.8931
1970,5,3,4,109,-6.3717
1970,5,3,5,89,-7.8640
1970,6,1,1,166,-10.1744
1970,6,1,2,106,-8.0683
1970,6,1,3,61,-7.4974
1970,6,1,4,90,-9.3818
1970,6,1,5,204,-11.0247
1970,6,2,1,60,-8.9925
1970,6,2,2,54,-8.3815
1970,6,2,3,53,-4.4170
1970,6,2,4,65,-5.7012
1970,6,2,5,73,-8.4267
1970,6,3,1,100,-4.3940
1970,6,3,2,118,-3.4262
1970,6,3,3,118,-5.9319
1970,6,3,4,108,-7.1014
1970,6,3,5,92,-2.1879
1970,7,1,1,175,4.5689
1970,7,1,2,81,4.5637
1970,7,1,3,81,4.5867
1970,7,1,4,93,5.2595
1970,7,1,5,196,5.6097
1970,7,2,1,60,8.0571
1970,7,2,2,53,8.2387
1970,7,2,3,52,9.0303
1970,7,2,4,62,6.0088
1970,7,2,5,80,7.8336
1970,7,3,1,98,7.7435
1970,7,3,2,129,5.0230
1970,7,3,3,113,6.9677
1970,7,3,4,115,8.0756
1970,7,3,5,83,10.9964
1970,8,1,1,197,9.4479
1970,8,1,2,92,4.8439
1970,8,1,3,91,7.2170
1970,8,1,4,79,4.1598
1970,8,1,5,167,5.3554
1970,8,2,1,68,9.7557
1970,8,2,2,69,6.5653
1970,8,2,3,57,5.2790
1970,8,2,4,49,9.5489
1970,8,2,5,66,7.2314
1970,8,3,1,102,3.7890
1970,8,3,2,107,6.0718
1970,8,3,3,105,4.2128
1970,8,3,4,120,3.7459
1970,8,3,5,101,6.7022
1970,9,1,1,149,13.5405
1970,9,1,2,76,12.4550
1970,9,1,3,88,12.2879
1970,9,1,4,117,16.3124
1970,9,1,5,197,17.1816
1970,9,2,1,60,8.5012
1970,9,2,2,50,6.6244
1970,9,2,3,53,9.2870
1970,9,2,4,66,12.0987
1970,9,2,5,85,14.2040
1970,9,3,1,100,4.1752
1970,9,3,2,122,2.3958
1970,9,3,3,116,4.7114
1970,9,3,4,107,1.9033
1970,9,3,5,89,4.9731
1970,10,1,1,206,-7.2856
1970,10,1,2,118,-8.3246
1970,10,1,3,87,-7.9241
1970,10,1,4,81,-4.4062
1970,10,1,5,133,-8.0691
1970,10,2,1,73,-6.8688
1970,10,2,2,64,-4.0998
1970,10,2,3,54,-3.3898
1970,10,2,4,50,-1.4455
1970,10,2,5,69,-5.3643
1970,10,3,1,83,-3.9725
1970,10,3,2,108,-1.4642
1970,10,3,3,116,-1.6762
1970,10,3,4,124,-1.1857
1970,10,3,5,110,1.7302
1970,11,1,1,167,-0.4956
1970,11,1,2,104,-1.3519
1970,11,1,3,81,0.1339
1970,11,1,4,119,-1.4153
1970,11,1,5,153,-3.0438
1970,11,2,1,63,2.8686
1970,11,2,2,47,5.1580
1970,11,2,3,66,4.2591
1970,11,2,4,57,4.5194
1970,11,2,5,83,1.9564
1970,11,3,1,95,5.7371
1970,11,3,2,129,5.7010
1970,11,3,3,110,6.1882
1970,11,3,4,114,4.5583
1970,11,3,5,91,5.1248
1970,12,1,1,91,10.2511
1970,12,1,2,81,12.3987
1970,12,1,3,92,10.3572
1970,12,1,4,103,11.4400
1970,12,1,5,252,6.4787
1970,12,2,1,68,8.9802
1970,12,2,2,47,8.4292
1970,12,2,3,50,11.1886
1970,12,2,4,55,8.9020
1970,12,2,5,100,8.3469
1970,12,3,1,116,5.2439
1970,12,3,2,122,5.8672
1970,12,3,3,116,6.5404
1970,12,3,4,119,6.2774
1970,12,3,5,62,5.6548
1971,1,1,1,50,15.7487
1971,1,1,2,60,13.8974
1971,1,1,3,98,15.3202
1971,1,1,4,93,16.0175
1971,1,1,5,329,17.0035
1971,1,2,1,50,12.1100
1971,1,2,2,50,9.8871
1971,1,2,3,57,8.2743
1971,1,2,4,72,10.7412
1971,1,2,5,90,9.0937
1971,1,3,1,148,3.0188
1971,1,3,2,127,4.1887
1971,1,3,3,106,8.3310
1971,1,3,4,97,5.7732
1971,1,3,5,57,6.8011
1971,2,1,1,183,6.4424
1971,2,1,2,89,4.0265
1971,2,1,3,74,4.8539
1971,2,1,4,104,4.8063
1971,2,1,5,179,6.6098
1971,2,2,1,52,1.9376
1971,2,2,2,61,2.0789
1971,2,2,3,61,3.3301
1971,2,2,4,71,1.0768
1971,2,2,5,75,3.7689
1971,2,3,1,107,1.7336
1971,2,3,2,109,1.6721
1971,2,3,3,123,1.3914
1971,2,3,4,104,0.3535
1971,2,3,5,95,2.3670
1971,3,1,1,198,5.9474
1971,3,1,2,86,5.4576
1971,3,1,3,94,6.2535
1971,3,1,4,95,3.4182
1971,3,1,5,151,5.4045
1971,3,2,1,75,2.8482
1971,3,2,2,68,4.4143
1971,3,2,3,55,4.9094
1971,3,2,4,53,9.1144
1971,3,2,5,70,7.8213
1971,3,3,1,72,2.4175
1971,3,3,2,109,2.1953
1971,3,3,3,116,3.1105
1971,3,3,4,123,4.7306
1971,3,3,5,119,5.0751
1971,4,1,1,148,0.5651
1971,4,1,2,99,3.0466
1971,4,1,3,104,1.5372
1971,4,1,4,103,1.0086
1971,4,1,5,175,1.8256
1971,4,2,1,56,1.0511
1971,4,2,2,57,4.2577
1971,4,2,3,56,3.9777
1971,4,2,4,54,3.9781
1971,4,2,5,86,3.7172
1971,4,3,1,104,1.4187
1971,4,3,2,112,2.5352
1971,4,3,3,110,5.0964
1971,4,3,4,112,3.2720
1971,4,3,5,98,8.2993
1971,5,1,1,117,-7.5724
1971,5,1,2,75,-7.5733
1971,5,1,3,94,-5.9011
1971,5,1,4,102,-5.6178
1971,5,1,5,242,-6.6102
1971,5,2,1,67,-5.3087
1971,5,2,2,57,-5.4489
1971,5,2,3,54,-4.2484
1971,5,2,4,56,-4.5654
1971,5,2,5,79,-2.8743
1971,5,3,1,97,-2.7651
1971,5,3,2,112,-3.6588
1971,5,3,3,113,-4.8340
1971,5,3,4,117,-3.3044
1971,5,3,5,97,-1.5784
1971,6,1,1,186,-3.4795
1971,6,1,2,97,-2.2890
1971,6,1,3,92,-1.8469
1971,6,1,4,79,-4.1104
1971,6,1,5,173,-2.2132
1971,6,2,1,72,-1.1722
1971,6,2,2,60,-1.4029
1971,6,2,3,52,-2.2005
1971,6,2,4,61,-0.6860
1971,6,2,5,71,-0.4323
1971,6,3,1,92,-0.5426
1971,6,3,2,112,-0.9779
1971,6,3,3,119,0.6516
1971,6,3,4,120,1.6394
1971,6,3,5,97,0.9909
1971,7,1,1,200,-7.5852
1971,7,1,2,108,-5.3150
1971,7,1,3,80,-4.3152
1971,7,1,4,98,-6.7213
1971,7,1,5,148,-5.0336
1971,7,2,1,76,-5.2647
1971,7,2,2,65,-3.6340
1971,7,2,3,49,-4.3524
1971,7,2,4,55,-2.9757
1971,7,2,5,67,-3.9304
1971,7,3,1,83,-4.6674
1971,7,3,2,100,-4.9800
1971,7,3,3,125,-4.0110
1971,7,3,4,120,-3.6931
1971,7,3,5,107,-3.2437
1971,8,1,1,192,2.8619
1971,8,1,2,106,5.6876
1971,8,1,3,89,5.3192
1971,8,1,4,97,4.4547
1971,8,1,5,156,4.3551
1971,8,2,1,57,6.0641
1971,8,2,2,57,3.2416
1971,8,2,3,69,5.1054
1971,8,2,4,48,4.3437
1971,8,2,5,76,6.4884
1971,8,3,1,100,3.0039
1971,8,3,2,109,6.5661
1971,8,3,3,102,1.9566
1971,8,3,4,127,5.8740
1971,8,3,5,108,3.4029
1971,9,1,1,152,-2.2153
1971,9,1,2,96,-1.8332
1971,9,1,3,75,1.3866
1971,9,1,4,126,-0.5680
1971,9,1,5,197,-0.9278
1971,9,2,1,59,-1.2951
1971,9,2,2,47,-0.9938
1971,9,2,3,56,-1.0378
1971,9,2,4,55,-1.2561
1971,9,2,5,91,-0.6262
1971,9,3,1,95,-0.1481
1971,9,3,2,123,-0.0841
1971,9,3,3,124,-1.2325
1971,9,3,4,117,-0.6004
1971,9,3,5,87,0.3507
1971,10,1,1,204,-6.3023
1971,10,1,2,116,-6.4445
1971,10,1,3,97,-6.3594
1971,10,1,4,89,-5.9834
1971,10,1,5,138,-5.2643
1971,10,2,1,75,-7.9474
1971,10,2,2,67,-5.6863
1971,10,2,3,54,-7.0116
1971,10,2,4,56,-5.6004
1971,10,2,5,60,-5.7867
1971,10,3,1,87,-5.9851
1971,10,3,2,108,-5.1081
1971,10,3,3,115,-3.1375
1971,10,3,4,126,-2.5286
1971,10,3,5,114,-4.4646
1971,11,1,1,238,-5.1572
1971,11,1,2,104,-3.5761
1971,11,1,3,101,-5.1914
1971,11,1,4,97,-3.1534
1971,11,1,5,107,-2.7782
1971,11,2,1,64,-2.2524
1971,11,2,2,55,-1.6584
1971,11,2,3,68,-3.9703
1971,11,2,4,52,-2.5099
1971,11,2,5,73,-0.5652
1971,11,3,1,84,-0.8084
1971,11,3,2,115,0.2442
1971,11,3,3,118,-0.4079
1971,11,3,4,116,1.6235
1971,11,3,5,118,0.2747
1971,12,1,1,164,12.5046
1971,12,1,2,100,11.6484
1971,12,1,3,83,10.4403
1971,12,1,4,103,12.7718
1971,12,1,5,195,13.4212
1971,12,2,1,76,11.9018
1971,12,2,2,54,12.7896
1971,12,2,3,50,13.5750
1971,12,2,4,58,8.8937
1971,12,2,5,76,14.1604
1971,12,3,1,86,8.6081
1971,12,3,2,116,7.8615
1971,12,3,3,130,8.9389
1971,12,3,4,114,9.7673
1971,12,3,5,109,10.0660
1972,1,1,1,49,15.6872
1972,1,1,2,70,11.5547
1972,1,1,3,88,14.0193
1972,1,1,4,100,12.1434
1972,1,1,5,335,14.1433
1972,1,2,1,49,8.4178
1972,1,2,2,48,11.0733
1972,1,2,3,58,6.0086
1972,1,2,4,64,4.8566
1972,1,2,5,95,6.1221
1972,1,3,1,146,3.2253
1972,1,3,2,138,1.1399
1972,1,3,3,100,1.2172
1972,1,3,4,104,1.9522
1972,1,3,5,64,3.0757
1972,2,1,1,247,4.5782
1972,2,1,2,110,4.0430
1972,2,1,3,104,4.5394
1972,2,1,4,68,4.8665
1972,2,1,5,118,5.0755
1972,2,2,1,78,2.8841
1972,2,2,2,74,3.3752
1972,2,2,3,41,0.7614
1972,2,2,4,56,2.7376
1972,2,2,5,68,2.1609
1972,2,3,1,79,6.6644
1972,2,3,2,100,1.7157
1972,2,3,3,129,3.2726
1972,2,3,4,129,2.7031
1972,2,3,5,116,3.8296
1972,3,1,1,225,-1.2944
1972,3,1,2,106,-3.3625
1972,3,1,3,107,-0.6982
1972,3,1,4,88,-0.9780
1972,3,1,5,118,-0.3585
1972,3,2,1,71,-0.5363
1972,3,2,2,75,-0.3440
1972,3,2,3,44,-0.4410
1972,3,2,4,67,0.2161
1972,3,2,5,57,0.2390
1972,3,3,1,76,0.7802
1972,3,3,2,109,-0.9671
1972,3,3,3,131,0.4848
1972,3,3,4,110,1.9383
1972,3,3,5,132,-0.1558
1972,4,1,1,232,-1.9275
1972,4,1,2,116,1.4307
1972,4,1,3,81,-0.9031
1972,4,1,4,95,1.6503
1972,4,1,5,121,-0.1747
1972,4,2,1,67,-0.3081
1972,4,2,2,63,1.2919
1972,4,2,3,59,0.2101
1972,4,2,4,57,-0.4170
1972,4,2,5,66,1.5465
1972,4,3,1,83,-1.4472
1972,4,3,2,109,-0.3844
1972,4,3,3,119,-0.4606
1972,4,3,4,122,1.3295
1972,4,3,5,124,1.2458
1972,5,1,1,108,-2.8937
1972,5,1,2,67,-1.8682
1972,5,1,3,105,-1.8615
1972,5,1,4,103,-1.5951
1972,5,1,5,262,-3.2172
1972,5,2,1,72,-4.4386
1972,5,2,2,57,-2.3729
1972,5,2,3,58,-2.8203
1972,5,2,4,54,-0.9821
1972,5,2,5,76,-0.5332
1972,5,3,1,104,1.7197
1972,5,3,2,123,0.8266
1972,5,3,3,111,1.5814
1972,5,3,4,120,4.0088
1972,5,3,5,99,2.5124
1972,6,1,1,197,-4.2985
1972,6,1,2,107,-2.4694
1972,6,1,3,92,-3.5435
1972,6,1,4,85,-2.6949
1972,6,1,5,162,-4.1290
1972,6,2,1,69,-5.7129
1972,6,2,2,55,-3.3422
1972,6,2,3,63,-3.6385
1972,6,2,4,54,-1.4729
1972,6,2,5,79,-3.1744
1972,6,3,1,83,-4.9712
1972,6,3,2,122,-2.5942
1972,6,3,3,108,-2.3618
1972,6,3,4,131,-1.3920
1972,6,3,5,117,-0.4147
1972,7,1,1,248,-3.3628
1972,7,1,2,107,-2.6017
1972,7,1,3,86,-3.1712
1972,7,1,4,75,-3.0438
1972,7,1,5,121,-4.5132
1972,7,2,1,77,-5.4915
1972,7,2,2,72,-2.7456
1972,7,2,3,55,-2.5696
1972,7,2,4,54,-2.0208
1972,7,2,5,70,-1.7993
1972,7,3,1,80,2.1564
1972,7,3,2,107,0.5663
1972,7,3,3,126,0.3596
1972,7,3,4,127,-1.2031
1972,7,3,5,122,-1.3190
1972,8,1,1,171,0.7177
1972,8,1,2,104,0.0500
1972,8,1,3,96,2.7265
1972,8,1,4,101,2.3550
1972,8,1,5,162,0.4483
1972,8,2,1,57,3.1469
1972,8,2,2,63,3.9957
1972,8,2,3,66,2.0805
1972,8,2,4,57,4.0228
1972,8,2,5,78,-0.4087
1972,8,3,1,107,5.7863
1972,8,3,2,115,4.1473
1972,8,3,3,118,3.3654
1972,8,3,4,122,2.9830
1972,8,3,5,107,3.5180
1972,9,1,1,79,-3.4203
1972,9,1,2,85,-5.2493
1972,9,1,3,94,-3.6300
1972,9,1,4,143,-4.5249
1972,9,1,5,240,-4.2775
1972,9,2,1,49,-1.3056
1972,9,2,2,53,-1.8616
1972,9,2,3,59,-2.8330
1972,9,2,4,58,-3.8578
1972,9,2,5,101,-3.6312
1972,9,3,1,136,0.1878
1972,9,3,2,117,-0.1118
1972,9,3,3,119,-0.4142
1972,9,3,4,121,-2.3282
1972,9,3,5,77,-1.5064
1972,10,1,1,181,-3.6199
1972,10,1,2,121,-2.9819
1972,10,1,3,109,-1.7306
1972,10,1,4,77,-5.0746
1972,10,1,5,155,-1.7265
1972,10,2,1,80,-0.3845
1972,10,2,2,55,-1.1867
1972,10,2,3,61,0.1812
1972,10,2,4,72,-0.1672
1972,10,2,5,58,-1.0631
1972,10,3,1,86,-0.3080
1972,10,3,2,121,1.5829
1972,10,3,3,121,1.6794
1972,10,3,4,127,-0.0387
1972,10,3,5,117,2.6353
1972,11,1,1,342,4.1769
1972,11,1,2,112,7.4367
1972,11,1,3,62,5.0406
1972,11,1,4,53,8.3947
1972,11,1,5,82,8.7403
1972,11,2,1,75,7.1796
1972,11,2,2,60,7.2244
1972,11,2,3,70,7.1943
1972,11,2,4,52,6.8564
1972,11,2,5,64,4.5977
1972,11,3,1,61,9.2026
1972,11,3,2,120,8.0441
1972,11,3,3,111,4.9439
1972,11,3,4,145,2.6481
1972,11,3,5,138,4.7825
1972,12,1,1,180,-1.6612
1972,12,1,2,103,-1.5354
1972,12,1,3,83,-4.8808
1972,12,1,4,84,-2.8703
1972,12,1,5,201,-2.9713
1972,12,2,1,74,-2.3260
1972,12,2,2,56,-1.6971
1972,12,2,3,58,-0.6781
1972,12,2,4,57,-1.4028
1972,12,2,5,81,-0.7577
1972,12,3,1,106,1.4837
1972,12,3,2,127,1.5659
1972,12,3,3,128,-0.4225
1972,12,3,4,129,2.0134
1972,12,3,5,89,1.5045
1973,1,1,1,59,-6.0100
1973,1,1,2,49,-8.4260
1973,1,1,3,71,-3.5868
1973,1,1,4,103,-1.1331
1973,1,1,5,372,-1.5444
1973,1,2,1,58,-5.8394
1973,1,2,2,60,-7.8870
1973,1,2,3,58,-4.2556
1973,1,2,4,71,-4.3187
1973,1,2,5,88,-4.5783
1973,1,3,1,145,-0.4726
1973,1,3,2,140,-2.3972
1973,1,3,3,125,-2.7399
1973,1,3,4,95,-2.5492
1973,1,3,5,71,-5.5945
1973,2,1,1,258,-8.1514
1973,2,1,2,128,-7.6688
1973,2,1,3,84,-7.6209
1973,2,1,4,86,-7.2344
1973,2,1,5,102,-7.2494
1973,2,2,1,98,-8.6518
1973,2,2,2,55,-9.3397
1973,2,2,3,68,-7.3421
1973,2,2,4,59,-5.6948
1973,2,2,5,62,-6.1356
1973,2,3,1,70,-1.3884
1973,2,3,2,117,-3.2794
1973,2,3,3,123,-3.4057
1973,2,3,4,133,-3.3686
1973,2,3,5,133,-6.0127
1973,3,1,1,234,-2.8441
1973,3,1,2,112,-1.1942
1973,3,1,3,94,-0.3103
1973,3,1,4,84,-3.2975
1973,3,1,5,129,-3.1667
1973,3,2,1,70,-3.5026
1973,3,2,2,73,-3.3351
1973,3,2,3,67,-0.6287
1973,3,2,4,56,-4.3602
1973,3,2,5,76,-3.0989
1973,3,3,1,93,0.8078
1973,3,3,2,112,-0.6156
1973,3,3,3,130,0.0114
1973,3,3,4,131,-0.7671
1973,3,3,5,111,-0.2950
1973,4,1,1,244,-7.9487
1973,4,1,2,116,-7.1806
1973,4,1,3,94,-7.6475
1973,4,1,4,92,-6.6719
1973,4,1,5,113,-5.2030
1973,4,2,1,75,-5.9847
1973,4,2,2,71,-3.8736
1973,4,2,3,67,-7.1200
1973,4,2,4,63,-6.7248
1973,4,2,5,65,-7.5599
1973,4,3,1,88,-4.3645
1973,4,3,2,111,-2.6310
1973,4,3,3,123,-2.2119
1973,4,3,4,126,-4.7613
1973,4,3,5,130,-6.3113
1973,5,1,1,156,-10.5203
1973,5,1,2,94,-8.5852
1973,5,1,3,79,-8.4104
1973,5,1,4,108,-9.4675
1973,5,1,5,227,-9.5020
1973,5,2,1,90,-9.9241
1973,5,2,2,56,-9.1258
1973,5,2,3,60,-4.8431
1973,5,2,4,64,-8.0694
1973,5,2,5,73,-9.6864
1973,5,3,1,76,-2.0831
1973,5,3,2,128,-2.4000
1973,5,3,3,133,-1.2678
1973,5,3,4,127,-1.8274
1973,5,3,5,119,0.1861
1973,6,1,1,262,-4.6045
1973,6,1,2,145,-3.5287
1973,6,1,3,98,-1.7331
1973,6,1,4,73,-2.6534
1973,6,1,5,84,-2.6931
1973,6,2,1,92,-3.9320
1973,6,2,2,76,-1.4945
1973,6,2,3,77,-3.5595
1973,6,2,4,58,-2.2132
1973,6,2,5,39,-3.0557
1973,6,3,1,59,-6.0336
1973,6,3,2,97,-3.7171
1973,6,3,3,117,0.1896
1973,6,3,4,145,-0.5715
1973,6,3,5,166,-0.5352
1973,7,1,1,295,16.3999
1973,7,1,2,141,14.8320
1973,7,1,3,75,8.8308
1973,7,1,4,79,13.4553
1973,7,1,5,71,14.1870
1973,7,2,1,86,14.8165
1973,7,2,2,71,13.1636
1973,7,2,3,65,11.1116
1973,7,2,4,56,9.1422
1973,7,2,5,68,11.0205
1973,7,3,1,66,8.2755
1973,7,3,2,114,4.1720
1973,7,3,3,129,4.9691
1973,7,3,4,139,1.8146
1973,7,3,5,143,4.8991
1973,8,1,1,189,-5.2407
1973,8,1,2,128,-5.3500
1973,8,1,3,93,-6.6404
1973,8,1,4,116,-4.5676
1973,8,1,5,139,-6.9473
1973,8,2,1,69,-3.1989
1973,8,2,2,49,-1.7058
1973,8,2,3,69,-3.9203
1973,8,2,4,72,-2.3367
1973,8,2,5,90,-4.4975
1973,8,3,1,124,-1.6463
1973,8,3,2,136,-4.3665
1973,8,3,3,123,-3.1636
1973,8,3,4,108,-1.0896
1973,8,3,5,100,-2.9669
1973,9,1,1,110,8.5691
1973,9,1,2,86,7.1677
1973,9,1,3,112,9.7515
1973,9,1,4,126,9.0381
1973,9,1,5,233,9.4178
1973,9,2,1,58,11.5921
1973,9,2,2,58,12.5607
1973,9,2,3,71,10.3797
1973,9,2,4,75,11.5194
1973,9,2,5,96,10.1170
1973,9,3,1,136,8.5214
1973,9,3,2,135,5.6539
1973,9,3,3,124,-0.3012
1973,9,3,4,115,5.0560
1973,9,3,5,81,9.2021
1973,10,1,1,228,2.8146
1973,10,1,2,137,-0.5522
1973,10,1,3,110,0.4598
1973,10,1,4,74,-1.7409
1973,10,1,5,118,-0.1087
1973,10,2,1,95,1.2077
1973,10,2,2,73,1.0451
1973,10,2,3,72,-0.3243
1973,10,2,4,57,-0.8442
1973,10,2,5,64,0.1285
1973,10,3,1,86,3.3457
1973,10,3,2,105,0.7382
1973,10,3,3,121,-0.0801
1973,10,3,4,146,0.1405
1973,10,3,5,136,-1.5818
1973,11,1,1,379,-20.5062
1973,11,1,2,118,-17.1635
1973,11,1,3,61,-17.8482
1973,11,1,4,58,-21.3182
1973,11,1,5,54,-20.9599
1973,11,2,1,85,-19.7888
1973,11,2,2,81,-19.2774
1973,11,2,3,70,-16.9724
1973,11,2,4,56,-17.4695
1973,11,2,5,70,-18.5106
1973,11,3,1,67,-12.7069
1973,11,3,2,98,-13.7012
1973,11,3,3,140,-11.9385
1973,11,3,4,153,-9.6110
1973,11,3,5,140,-11.9588
1973,12,1,1,250,-4.6203
1973,12,1,2,99,-5.8519
1973,12,1,3,81,-5.7427
1973,12,1,4,71,-5.9113
1973,12,1,5,172,-4.4673
1973,12,2,1,77,-2.0543
1973,12,2,2,57,-1.9682
1973,12,2,3,71,-1.4937
1973,12,2,4,64,-2.0073
1973,12,2,5,96,-0.5186
1973,12,3,1,110,2.6203
1973,12,3,2,136,-0.1059
1973,12,3,3,132,2.4486
1973,12,3,4,124,1.9546
1973,12,3,5,96,2.4673
1974,1,1,1,48,21.5448
1974,1,1,2,56,17.5017
1974,1,1,3,57,20.1362
1974,1,1,4,103,16.1551
1974,1,1,5,416,20.4671
1974,1,2,1,48,9.2070
1974,1,2,2,63,11.3584
1974,1,2,3,71,11.3843
1974,1,2,4,78,12.9140
1974,1,2,5,105,14.1494
1974,1,3,1,158,-2.8252
1974,1,3,2,137,0.5321
1974,1,3,3,133,0.4996
1974,1,3,4,114,1.5408
1974,1,3,5,59,1.7070
1974,2,1,1,226,0.9353
1974,2,1,2,110,1.1228
1974,2,1,3,90,-1.2475
1974,2,1,4,84,-1.6875
1974,2,1,5,173,-2.5373
1974,2,2,1,99,0.4116
1974,2,2,2,68,0.9451
1974,2,2,3,72,-0.1449
1974,2,2,4,49,2.3979
1974,2,2,5,80,0.1619
1974,2,3,1,81,0.1389
1974,2,3,2,127,1.6597
1974,2,3,3,128,-0.2117
1974,2,3,4,149,-0.7281
1974,2,3,5,119,0.1606
1974,3,1,1,231,1.1553
1974,3,1,2,128,2.1506
1974,3,1,3,101,1.8086
1974,3,1,4,94,0.6974
1974,3,1,5,143,1.6604
1974,3,2,1,80,-2.8392
1974,3,2,2,82,-0.3640
1974,3,2,3,57,-1.6346
1974,3,2,4,57,-0.0205
1974,3,2,5,85,0.4476
1974,3,3,1,92,-4.7731
1974,3,3,2,116,-2.3658
1974,3,3,3,149,-1.5794
1974,3,3,4,138,-1.8433
1974,3,3,5,113,-2.2315
1974,4,1,1,337,-5.2438
1974,4,1,2,131,-3.7728
1974,4,1,3,66,-7.0740
1974,4,1,4,76,-5.4158
1974,4,1,5,87,-6.1470
1974,4,2,1,100,-6.3060
1974,4,2,2,62,-3.2143
1974,4,2,3,80,-5.9542
1974,4,2,4,57,-5.3570
1974,4,2,5,76,-4.8275
1974,4,3,1,71,-7.6636
1974,4,3,2,127,-7.2136
1974,4,3,3,133,-4.4605
1974,4,3,4,135,-3.6596
1974,4,3,5,138,-2.0856
1974,5,1,1,266,-7.2811
1974,5,1,2,137,-7.5667
1974,5,1,3,94,-7.5759
1974,5,1,4,78,-7.9919
1974,5,1,5,136,-7.7061
1974,5,2,1,96,-8.4440
1974,5,2,2,95,-8.4042
1974,5,2,3,59,-7.3652
1974,5,2,4,59,-8.1745
1974,5,2,5,53,-8.9851
1974,5,3,1,59,-8.8884
1974,5,3,2,98,-4.1495
1974,5,3,3,139,-4.1522
1974,5,3,4,151,-1.4250
1974,5,3,5,163,-1.9655
1974,6,1,1,287,-2.2411
1974,6,1,2,168,-2.3086
1974,6,1,3,102,-2.5478
1974,6,1,4,71,-1.8378
1974,6,1,5,86,-2.4318
1974,6,2,1,88,-1.8150
1974,6,2,2,78,-2.1582
1974,6,2,3,76,-1.8306
1974,6,2,4,63,-2.4451
1974,6,2,5,59,-2.7591
1974,6,3,1,63,-3.7638
1974,6,3,2,100,-2.6687
1974,6,3,3,135,-0.0791
1974,6,3,4,153,-1.1399
1974,6,3,5,162,-1.7692
1974,7,1,1,325,-4.5860
1974,7,1,2,176,-4.0896
1974,7,1,3,90,-3.9691
1974,7,1,4,53,-4.4525
1974,7,1,5,67,-1.4576
1974,7,2,1,85,-3.5916
1974,7,2,2,88,-4.7295
1974,7,2,3,64,-5.2760
1974,7,2,4,65,-3.1657
1974,7,2,5,70,-3.1994
1974,7,3,1,67,-4.8128
1974,7,3,2,115,-6.1512
1974,7,3,3,135,-6.9359
1974,7,3,4,146,-9.7620
1974,7,3,5,151,-6.1018
1974,8,1,1,277,-6.8647
1974,8,1,2,124,-7.6141
1974,8,1,3,94,-7.3133
1974,8,1,4,97,-8.5694
1974,8,1,5,121,-6.9078
1974,8,2,1,82,-6.2783
1974,8,2,2,75,-9.2755
1974,8,2,3,68,-7.9549
1974,8,2,4,64,-6.0541
1974,8,2,5,91,-3.9878
1974,8,3,1,107,-9.4402
1974,8,3,2,127,-7.4371
1974,8,3,3,131,-9.0029
1974,8,3,4,145,-8.2134
1974,8,3,5,102,-8.9214
1974,9,1,1,151,-7.3150
1974,9,1,2,103,-5.7582
1974,9,1,3,111,-7.4790
1974,9,1,4,105,-11.2627
1974,9,1,5,255,-8.3469
1974,9,2,1,68,-9.5444
1974,9,2,2,63,-6.5204
1974,9,2,3,73,-7.5214
1974,9,2,4,68,-9.3331
1974,9,2,5,95,-9.3985
1974,9,3,1,127,-7.6652
1974,9,3,2,153,-9.8012
1974,9,3,3,124,-9.2098
1974,9,3,4,140,-15.1684
1974,9,3,5,79,-16.7621
1974,10,1,1,245,7.0787
1974,10,1,2,168,9.9546
1974,10,1,3,103,6.4143
1974,10,1,4,94,9.7542
1974,10,1,5,117,13.1873
1974,10,2,1,92,13.5607
1974,10,2,2,85,9.2747
1974,10,2,3,70,9.0929
1974,10,2,4,59,10.6262
1974,10,2,5,68,10.0467
1974,10,3,1,84,14.3501
1974,10,3,2,108,17.0810
1974,10,3,3,141,13.7350
1974,10,3,4,149,16.0080
1974,10,3,5,140,22.3268
1974,11,1,1,411,-6.6608
1974,11,1,2,108,-6.1846
1974,11,1,3,64,-8.6691
1974,11,1,4,68,-6.9802
1974,11,1,5,63,-6.8350
1974,11,2,1,112,-4.1710
1974,11,2,2,86,-5.3199
1974,11,2,3,74,-3.8361
1974,11,2,4,54,-4.4820
1974,11,2,5,60,-4.7413
1974,11,3,1,58,0.5943
1974,11,3,2,117,-4.3732
1974,11,3,3,142,-5.5118
1974,11,3,4,151,-3.6216
1974,11,3,5,156,-3.2834
1974,12,1,1,309,-9.0301
1974,12,1,2,113,-9.0607
1974,12,1,3,80,-9.7652
1974,12,1,4,94,-9.6413
1974,12,1,5,117,-8.8671
1974,12,2,1,90,-9.3476
1974,12,2,2,63,-6.4347
1974,12,2,3,65,-6.5338
1974,12,2,4,66,-4.3309
1974,12,2,5,104,-4.4839
1974,12,3,1,99,-2.8309
1974,12,3,2,129,-0.9636
1974,12,3,3,148,-1.8381
1974,12,3,4,136,-3.7389
1974,12,3,5,112,-2.9372
1975,1,1,1,66,40.6963
1975,1,1,2,56,42.4602
1975,1,1,3,64,34.6028
1975,1,1,4,108,36.5693
1975,1,1,5,436,33.5766
1975,1,2,1,67,30.4682
1975,1,2,2,60,27.1255
1975,1,2,3,65,29.5994
1975,1,2,4,87,27.0909
1975,1,2,5,109,23.5096
1975,1,3,1,149,11.9760
1975,1,3,2,153,13.3629
1975,1,3,3,134,12.2693
1975,1,3,4,110,12.4970
1975,1,3,5,75,19.2632
1975,2,1,1,224,2.0176
1975,2,1,2,126,2.7138
1975,2,1,3,97,3.5422
1975,2,1,4,93,1.5071
1975,2,1,5,206,6.8547
1975,2,2,1,108,3.8470
1975,2,2,2,77,3.1893
1975,2,2,3,59,3.1840
1975,2,2,4,67,5.2961
1975,2,2,5,72,8.2520
1975,2,3,1,88,1.6151
1975,2,3,2,124,4.6084
1975,2,3,3,135,7.1553
1975,2,3,4,140,8.7537
1975,2,3,5,133,7.1524
1975,3,1,1,264,13.0417
1975,3,1,2,125,10.8314
1975,3,1,3,92,8.5256
1975,3,1,4,96,6.6129
1975,3,1,5,168,11.0114
1975,3,2,1,101,5.5730
1975,3,2,2,70,9.8144
1975,3,2,3,70,4.4182
1975,3,2,4,64,7.5857
1975,3,2,5,85,9.7104
1975,3,3,1,81,3.4049
1975,3,3,2,128,1.3524
1975,3,3,3,146,2.6441
1975,3,3,4,148,1.4000
1975,3,3,5,119,6.7117
1975,4,1,1,339,2.0142
1975,4,1,2,158,1.1916
1975,4,1,3,85,5.0476
1975,4,1,4,67,1.5196
1975,4,1,5,106,5.4735
1975,4,2,1,110,4.8956
1975,4,2,2,79,6.3883
1975,4,2,3,61,0.4731
1975,4,2,4,55,5.1194
1975,4,2,5,78,4.2898
1975,4,3,1,74,7.9983
1975,4,3,2,111,4.3506
1975,4,3,3,151,2.8601
1975,4,3,4,153,4.4142
1975,4,3,5,136,7.8471
1975,5,1,1,323,6.8401
1975,5,1,2,180,6.1875
1975,5,1,3,96,9.1039
1975,5,1,4,73,8.1368
1975,5,1,5,82,7.6998
1975,5,2,1,120,7.9015
1975,5,2,2,96,7.7916
1975,5,2,3,68,8.5916
1975,5,2,4,54,7.4410
1975,5,2,5,47,9.2873
1975,5,3,1,49,5.4353
1975,5,3,2,96,5.9029
1975,5,3,3,136,3.2622
1975,5,3,4,169,4.2864
1975,5,3,5,176,6.9150
1975,6,1,1,273,10.0325
1975,6,1,2,160,9.5438
1975,6,1,3,118,10.2501
1975,6,1,4,80,9.2228
1975,6,1,5,126,8.0792
1975,6,2,1,92,9.1840
1975,6,2,2,93,8.7684
1975,6,2,3,75,5.3753
1975,6,2,4,65,5.4457
1975,6,2,5,65,5.5452
1975,6,3,1,68,6.9904
1975,6,3,2,106,6.4467
1975,6,3,3,136,4.7713
1975,6,3,4,145,6.9810
1975,6,3,5,168,2.8074
1975,7,1,1,274,0.3232
1975,7,1,2,112,-2.1726
1975,7,1,3,127,-1.6248
1975,7,1,4,113,-2.1234
1975,7,1,5,140,-2.6142
1975,7,2,1,75,-3.6431
1975,7,2,2,67,-4.3659
1975,7,2,3,66,-3.1466
1975,7,2,4,80,-2.1366
1975,7,2,5,99,-5.3004
1975,7,3,1,97,-6.6466
1975,7,3,2,136,-6.0209
1975,7,3,3,143,-5.8454
1975,7,3,4,129,-6.7354
1975,7,3,5,122,-7.7549
1975,8,1,1,337,-7.1281
1975,8,1,2,129,-4.8266
1975,8,1,3,109,-5.3659
1975,8,1,4,92,-6.6623
1975,8,1,5,100,-7.2716
1975,8,2,1,97,-6.4136
1975,8,2,2,73,-3.4662
1975,8,2,3,66,-3.4165
1975,8,2,4,72,-4.3702
1975,8,2,5,84,-4.3258
1975,8,3,1,90,-3.7504
1975,8,3,2,127,-1.6095
1975,8,3,3,141,-2.0711
1975,8,3,4,140,-1.1856
1975,8,3,5,129,0.5299
1975,9,1,1,178,-3.0629
1975,9,1,2,123,-1.8102
1975,9,1,3,102,-3.3433
1975,9,1,4,131,-4.2380
1975,9,1,5,240,-3.9928
1975,9,2,1,70,-1.9125
1975,9,2,2,67,-1.5495
1975,9,2,3,77,-4.3774
1975,9,2,4,64,-2.4431
1975,9,2,5,112,-4.6626
1975,9,3,1,133,-2.8189
1975,9,3,2,143,-3.7972
1975,9,3,3,129,-3.2766
1975,9,3,4,133,-2.7066
1975,9,3,5,88,-3.1625
1975,10,1,1,296,-1.4503
1975,10,1,2,173,2.5144
1975,10,1,3,116,0.6033
1975,10,1,4,99,0.5196
1975,10,1,5,97,-0.8031
1975,10,2,1,96,0.5629
1975,10,2,2,77,3.7338
1975,10,2,3,86,2.7525
1975,10,2,4,48,6.0290
1975,10,2,5,81,3.0900
1975,10,3,1,64,4.1023
1975,10,3,2,114,7.0799
1975,10,3,3,125,6.4960
1975,10,3,4,173,8.2708
1975,10,3,5,152,3.7905
1975,11,1,1,403,2.5428
1975,11,1,2,161,1.8389
1975,11,1,3,94,5.0955
1975,11,1,4,60,2.3239
1975,11,1,5,61,3.3054
1975,11,2,1,113,1.3198
1975,11,2,2,88,4.2698
1975,11,2,3,75,4.8967
1975,11,2,4,64,4.0102
1975,11,2,5,49,1.3676
1975,11,3,1,58,3.0605
1975,11,3,2,107,1.6272
1975,11,3,3,143,3.2810
1975,11,3,4,154,4.7026
1975,11,3,5,171,1.4105
1975,12,1,1,329,-2.5381
1975,12,1,2,124,-2.4998
1975,12,1,3,91,-1.3636
1975,12,1,4,124,-1.4305
1975,12,1,5,115,-0.6809
1975,12,2,1,85,-0.9048
1975,12,2,2,64,0.8815
1975,12,2,3,71,-0.9427
1975,12,2,4,71,0.0390
1975,12,2,5,97,-0.4603
1975,12,3,1,97,-1.8830
1975,12,3,2,145,-1.7727
1975,12,3,3,136,-2.3506
1975,12,3,4,142,0.0465
1975,12,3,5,116,0.6400
1976,1,1,1,33,24.6879
1976,1,1,2,42,20.7568
1976,1,1,3,73,21.6897
1976,1,1,4,140,24.5586
1976,1,1,5,451,26.6426
1976,1,2,1,60,18.0808
1976,1,2,2,51,20.1266
1976,1,2,3,66,16.8718
1976,1,2,4,102,19.7223
1976,1,2,5,105,22.0849
1976,1,3,1,177,10.3881
1976,1,3,2,172,11.2269
1976,1,3,3,131,14.3890
1976,1,3,4,106,15.4748
1976,1,3,5,52,17.0431
1976,2,1,1,194,13.8578
1976,2,1,2,113,13.4474
1976,2,1,3,114,12.6719
1976,2,1,4,105,11.0805
1976,2,1,5,220,13.4133
1976,2,2,1,99,7.3822
1976,2,2,2,74,7.2913
1976,2,2,3,68,9.2567
1976,2,2,4,68,8.0064
1976,2,2,5,78,9.2114
1976,2,3,1,89,-0.4008
1976,2,3,2,137,0.9960
1976,2,3,3,142,-0.9369
1976,2,3,4,143,-1.2273
1976,2,3,5,129,-0.0125
1976,3,1,1,203,0.6209
1976,3,1,2,101,0.1197
1976,3,1,3,113,0.4639
1976,3,1,4,108,1.5681
1976,3,1,5,245,0.8029
1976,3,2,1,91,3.4160
1976,3,2,2,66,2.1548
1976,3,2,3,74,0.8683
1976,3,2,4,64,1.6857
1976,3,2,5,90,0.4490
1976,3,3,1,107,2.6302
1976,3,3,2,146,2.8662
1976,3,3,3,133,3.1474
1976,3,3,4,151,2.5846
1976,3,3,5,104,3.4452
1976,4,1,1,266,-3.5594
1976,4,1,2,152,-2.4699
1976,4,1,3,112,-1.5390
1976,4,1,4,108,-2.4337
1976,4,1,5,133,-1.5146
1976,4,2,1,89,-3.0272
1976,4,2,2,72,-0.6187
1976,4,2,3,83,-1.4169
1976,4,2,4,62,-3.3543
1976,4,2,5,80,0.7175
1976,4,3,1,98,-0.6632
1976,4,3,2,132,-1.6521
1976,4,3,3,128,-2.1173
1976,4,3,4,146,-0.6105
1976,4,3,5,134,0.5974
1976,5,1,1,369,-3.1348
1976,5,1,2,163,-1.6837
1976,5,1,3,90,-2.4931
1976,5,1,4,80,-0.1980
1976,5,1,5,89,-1.1851
1976,5,2,1,110,-1.6155
1976,5,2,2,90,-1.3040
1976,5,2,3,77,-1.8695
1976,5,2,4,65,-2.2819
1976,5,2,5,45,0.2971
1976,5,3,1,65,1.1078
1976,5,3,2,100,0.5387
1976,5,3,3,136,0.4614
1976,5,3,4,155,-1.5223
1976,5,3,5,183,-1.1242
1976,6,1,1,263,2.6993
1976,6,1,2,161,3.2801
1976,6,1,3,112,4.1722
1976,6,1,4,83,2.8415
1976,6,1,5,162,5.0637
1976,6,2,1,85,5.1438
1976,6,2,2,79,3.8840
1976,6,2,3,91,5.9976
1976,6,2,4,72,4.1385
1976,6,2,5,72,5.8299
1976,6,3,1,87,6.6239
1976,6,3,2,122,5.0007
1976,6,3,3,125,2.9777
1976,6,3,4,158,4.7700
1976,6,3,5,147,4.2516
1976,7,1,1,213,-0.9511
1976,7,1,2,110,1.2077
1976,7,1,3,106,-0.2371
1976,7,1,4,146,-0.7025
1976,7,1,5,212,0.9346
1976,7,2,1,79,-0.4698
1976,7,2,2,69,0.3056
1976,7,2,3,69,0.2725
1976,7,2,4,79,0.6897
1976,7,2,5,102,-0.9664
1976,7,3,1,110,-1.0017
1976,7,3,2,150,-1.0998
1976,7,3,3,143,-0.8184
1976,7,3,4,119,-0.3688
1976,7,3,5,114,-0.8457
1976,8,1,1,245,-4.1608
1976,8,1,2,111,-1.6630
1976,8,1,3,107,-1.6725
1976,8,1,4,70,-1.2461
1976,8,1,5,94,-0.7045
1976,8,2,1,101,-3.5095
1976,8,2,2,83,-3.8843
1976,8,2,3,71,-1.3979
1976,8,2,4,61,-2.6101
1976,8,2,5,81,-1.0718
1976,8,3,1,91,0.5229
1976,8,3,2,120,0.6775
1976,8,3,3,126,0.7683
1976,8,3,4,150,0.2392
1976,8,3,5,139,-1.1967
1976,9,1,1,205,1.3903
1976,9,1,2,127,0.9694
1976,9,1,3,103,2.4120
1976,9,1,4,86,0.8042
1976,9,1,5,123,2.1004
1976,9,2,1,84,2.3986
1976,9,2,2,73,2.2552
1976,9,2,3,68,2.2790
1976,9,2,4,69,3.0990
1976,9,2,5,89,3.4249
1976,9,3,1,113,2.2791
1976,9,3,2,126,2.1243
1976,9,3,3,123,3.2831
1976,9,3,4,140,3.4589
1976,9,3,5,122,2.9807
1976,10,1,1,274,-2.8549
1976,10,1,2,196,-1.8440
1976,10,1,3,112,-3.2786
1976,10,1,4,113,-3.5608
1976,10,1,5,86,-2.1932
1976,10,2,1,82,-3.1159
1976,10,2,2,100,-1.9746
1976,10,2,3,80,-1.6875
1976,10,2,4,69,-1.7725
1976,10,2,5,71,-2.9365
1976,10,3,1,80,-2.5191
1976,10,3,2,94,-1.2120
1976,10,3,3,137,-1.7451
1976,10,3,4,146,-2.6775
1976,10,3,5,174,-2.4197
1976,11,1,1,337,2.4271
1976,11,1,2,176,2.6622
1976,11,1,3,119,2.8048
1976,11,1,4,75,2.2900
1976,11,1,5,83,4.0088
1976,11,2,1,120,4.6561
1976,11,2,2,89,4.2896
1976,11,2,3,69,4.7486
1976,11,2,4,57,5.3741
1976,11,2,5,61,3.1879
1976,11,3,1,66,1.2642
1976,11,3,2,97,0.7088
1976,11,3,3,142,-0.4245
1976,11,3,4,161,-0.2483
1976,11,3,5,159,1.1635
1976,12,1,1,371,10.7452
1976,12,1,2,171,10.9452
1976,12,1,3,91,9.6287
1976,12,1,4,84,11.0566
1976,12,1,5,89,8.2152
1976,12,2,1,89,9.3403
1976,12,2,2,72,10.7825
1976,12,2,3,75,9.6880
1976,12,2,4,87,8.8248
1976,12,2,5,82,9.0536
1976,12,3,1,75,7.6459
1976,12,3,2,130,5.4141
1976,12,3,3,141,5.3370
1976,12,3,4,138,4.8365
1976,12,3,5,152,5.4113
1977,1,1,1,36,2.8048
1977,1,1,2,60,5.9745
1977,1,1,3,100,3.9625
1977,1,1,4,164,3.6034
1977,1,1,5,428,4.9144
1977,1,2,1,49,3.6264
1977,1,2,2,60,1.5932
1977,1,2,3,83,1.6860
1977,1,2,4,112,1.5147
1977,1,2,5,98,2.9205
1977,1,3,1,193,-5.3896
1977,1,3,2,172,-3.0310
1977,1,3,3,133,-3.7794
1977,1,3,4,97,-3.0797
1977,1,3,5,44,-2.4788
1977,2,1,1,246,0.0436
1977,2,1,2,127,-0.5347
1977,2,1,3,130,-1.6694
1977,2,1,4,121,-1.2823
1977,2,1,5,170,-1.9107
1977,2,2,1,104,-0.3187
1977,2,2,2,79,-1.4060
1977,2,2,3,63,-0.5872
1977,2,2,4,72,-1.8937
1977,2,2,5,84,-0.3918
1977,2,3,1,67,-3.1492
1977,2,3,2,131,-2.5323
1977,2,3,3,145,-1.5676
1977,2,3,4,149,-0.2670
1977,2,3,5,143,-2.1726
1977,3,1,1,189,1.4687
1977,3,1,2,92,1.7758
1977,3,1,3,127,1.4497
1977,3,1,4,142,2.5730
1977,3,1,5,269,0.2157
1977,3,2,1,83,1.0559
1977,3,2,2,68,0.2850
1977,3,2,3,80,0.6278
1977,3,2,4,80,2.5432
1977,3,2,5,92,-1.1549
1977,3,3,1,128,-0.8680
1977,3,3,2,138,-0.9506
1977,3,3,3,128,-0.8776
1977,3,3,4,132,-2.2294
1977,3,3,5,105,-1.3592
1977,4,1,1,282,0.2750
1977,4,1,2,145,0.2844
1977,4,1,3,141,0.6916
1977,4,1,4,106,4.0289
1977,4,1,5,142,0.9983
1977,4,2,1,102,2.0606
1977,4,2,2,70,0.4108
1977,4,2,3,69,2.1951
1977,4,2,4,78,2.2575
1977,4,2,5,83,1.7747
1977,4,3,1,79,1.6176
1977,4,3,2,128,0.7738
1977,4,3,3,144,-0.1496
1977,4,3,4,147,-0.3408
1977,4,3,5,140,0.6665
1977,5,1,1,326,-0.4387
1977,5,1,2,166,-1.5125
1977,5,1,3,122,1.5109
1977,5,1,4,102,2.4867
1977,5,1,5,110,-0.5679
1977,5,2,1,107,0.0661
1977,5,2,2,89,1.0025
1977,5,2,3,72,-0.0999
1977,5,2,4,65,-0.7543
1977,5,2,5,66,1.4666
1977,5,3,1,71,-2.8761
1977,5,3,2,121,-2.3673
1977,5,3,3,135,-1.7464
1977,5,3,4,157,-1.3086
1977,5,3,5,154,-0.7807
1977,6,1,1,246,8.7521
1977,6,1,2,153,5.9466
1977,6,1,3,110,6.7378
1977,6,1,4,97,6.6622
1977,6,1,5,223,7.3007
1977,6,2,1,100,7.9821
1977,6,2,2,68,7.4921
1977,6,2,3,70,8.1223
1977,6,2,4,68,5.7371
1977,6,2,5,95,6.0943
1977,6,3,1,84,5.4167
1977,6,3,2,135,4.9828
1977,6,3,3,148,4.4874
1977,6,3,4,152,4.8252
1977,6,3,5,116,5.2436
1977,7,1,1,161,1.0589
1977,7,1,2,80,-3.0005
1977,7,1,3,108,1.4053
1977,7,1,4,157,-1.6597
1977,7,1,5,319,0.3301
1977,7,2,1,65,-0.9875
1977,7,2,2,67,-1.1801
1977,7,2,3,71,-1.5100
1977,7,2,4,92,-0.6496
1977,7,2,5,114,-1.5464
1977,7,3,1,131,-1.0401
1977,7,3,2,151,-0.8411
1977,7,3,3,143,-2.5663
1977,7,3,4,121,-2.4142
1977,7,3,5,88,-3.5389
1977,8,1,1,296,-3.2293
1977,8,1,2,189,-2.3971
1977,8,1,3,134,-1.6177
1977,8,1,4,117,-0.7915
1977,8,1,5,90,0.5930
1977,8,2,1,110,-1.6798
1977,8,2,2,97,-2.1772
1977,8,2,3,82,-0.9397
1977,8,2,4,57,-3.1302
1977,8,2,5,60,-0.1466
1977,8,3,1,74,2.5233
1977,8,3,2,98,1.0187
1977,8,3,3,134,-0.4602
1977,8,3,4,157,-1.6929
1977,8,3,5,175,-3.5981
1977,9,1,1,263,0.5142
1977,9,1,2,177,2.0741
1977,9,1,3,127,2.6688
1977,9,1,4,115,-0.7117
1977,9,1,5,138,1.1227
1977,9,2,1,95,0.9903
1977,9,2,2,85,1.1399
1977,9,2,3,82,1.2125
1977,9,2,4,59,0.8613
1977,9,2,5,90,2.4778
1977,9,3,1,118,-1.7816
1977,9,3,2,119,-0.6747
1977,9,3,3,127,0.6581
1977,9,3,4,148,0.6614
1977,9,3,5,124,1.8598
1977,10,1,1,330,-3.5966
1977,10,1,2,166,-3.0686
1977,10,1,3,138,-0.3436
1977,10,1,4,99,-2.5036
1977,10,1,5,82,-2.2710
1977,10,2,1,107,-3.2706
1977,10,2,2,88,-3.0969
1977,10,2,3,74,-2.4842
1977,10,2,4,75,-1.9736
1977,10,2,5,69,-3.4655
1977,10,3,1,53,-4.7977
1977,10,3,2,119,-3.4053
1977,10,3,3,133,-3.5547
1977,10,3,4,157,-3.7778
1977,10,3,5,171,-4.2087
1977,11,1,1,333,9.8426
1977,11,1,2,161,8.8350
1977,11,1,3,117,10.1051
1977,11,1,4,82,10.4095
1977,11,1,5,124,8.6753
1977,11,2,1,115,10.6972
1977,11,2,2,85,8.7358
1977,11,2,3,87,7.9440
1977,11,2,4,60,7.8663
1977,11,2,5,55,9.3002
1977,11,3,1,65,5.7859
1977,11,3,2,111,4.0818
1977,11,3,3,150,3.6255
1977,11,3,4,157,3.5389
1977,11,3,5,156,3.7552
1977,12,1,1,389,0.3293
1977,12,1,2,168,0.8594
1977,12,1,3,114,2.5553
1977,12,1,4,76,2.2348
1977,12,1,5,72,1.7406
1977,12,2,1,105,1.5224
1977,12,2,2,92,0.4543
1977,12,2,3,80,1.7109
1977,12,2,4,67,-0.4592
1977,12,2,5,60,1.0207
1977,12,3,1,64,0.8423
1977,12,3,2,111,0.0880
1977,12,3,3,145,0.2051
1977,12,3,4,157,0.3276
1977,12,3,5,166,1.6011
1978,1,1,1,277,-1.3240
1978,1,1,2,242,-1.1308
1978,1,1,3,249,-1.3663
1978,1,1,4,321,-0.8448
1978,1,1,5,692,-1.2462
1978,1,2,1,96,-3.9205
1978,1,2,2,87,-3.8061
1978,1,2,3,139,-4.1742
1978,1,2,4,152,-3.7468
1978,1,2,5,161,-4.1840
1978,1,3,1,229,-5.9544
1978,1,3,2,191,-5.4005
1978,1,3,3,132,-5.9470
1978,1,3,4,113,-6.2461
1978,1,3,5,51,-5.0349
1978,2,1,1,398,3.9323
1978,2,1,2,205,2.7933
1978,2,1,3,259,3.8111
1978,2,1,4,289,2.8397
1978,2,1,5,695,3.3512
1978,2,2,1,143,1.6206
1978,2,2,2,123,2.7820
1978,2,2,3,102,2.4588
1978,2,2,4,127,0.8092
1978,2,2,5,142,1.9068
1978,2,3,1,130,-0.4393
1978,2,3,2,146,-1.8411
1978,2,3,3,157,-1.5526
1978,2,3,4,158,-1.3580
1978,2,3,5,122,-2.7984
1978,3,1,1,447,7.8468
1978,3,1,2,260,5.2616
1978,3,1,3,256,6.9535
1978,3,1,4,268,7.1435
1978,3,1,5,605,8.8886
1978,3,2,1,128,5.7596
1978,3,2,2,113,4.0613
1978,3,2,3,108,6.8001
1978,3,2,4,128,5.8053
1978,3,2,5,154,7.2074
1978,3,3,1,149,2.9628
1978,3,3,2,150,0.9257
1978,3,3,3,158,2.8151
1978,3,3,4,142,4.4282
1978,3,3,5,120,3.6089
1978,4,1,1,581,9.6457
1978,4,1,2,316,7.3465
1978,4,1,3,260,8.8833
1978,4,1,4,301,6.9008
1978,4,1,5,412,9.1430
1978,4,2,1,152,7.2634
1978,4,2,2,111,7.0518
1978,4,2,3,121,7.8644
1978,4,2,4,105,6.4895
1978,4,2,5,135,8.4661
1978,4,3,1,93,7.6594
1978,4,3,2,150,6.3497
1978,4,3,3,152,9.3340
1978,4,3,4,177,6.6723
1978,4,3,5,148,12.1210
1978,5,1,1,609,7.5763
1978,5,1,2,346,6.9475
1978,5,1,3,266,5.7851
1978,5,1,4,250,7.7472
1978,5,1,5,366,6.9063
1978,5,2,1,150,7.7806
1978,5,2,2,157,3.9541
1978,5,2,3,116,4.3411
1978,5,2,4,103,6.8454
1978,5,2,5,112,7.4669
1978,5,3,1,84,5.2059
1978,5,3,2,122,1.4995
1978,5,3,3,162,0.6783
1978,5,3,4,184,1.2482
1978,5,3,5,164,2.5005
1978,6,1,1,679,-0.0447
1978,6,1,2,291,0.8220
1978,6,1,3,222,0.2753
1978,6,1,4,237,-0.3916
1978,6,1,5,400,-0.4008
1978,6,2,1,167,-0.2590
1978,6,2,2,103,-0.5020
1978,6,2,3,117,-0.1787
1978,6,2,4,105,0.1387
1978,6,2,5,141,0.0458
1978,6,3,1,102,-0.7511
1978,6,3,2,146,-1.0367
1978,6,3,3,167,-1.1267
1978,6,3,4,171,-1.9505
1978,6,3,5,123,-2.0758
1978,7,1,1,356,6.6497
1978,7,1,2,254,5.1371
1978,7,1,3,244,5.0981
1978,7,1,4,341,4.9050
1978,7,1,5,612,5.6632
1978,7,2,1,104,5.3445
1978,7,2,2,95,5.0918
1978,7,2,3,126,7.1672
1978,7,2,4,122,7.3419
1978,7,2,5,189,5.9731
1978,7,3,1,173,5.9843
1978,7,3,2,179,4.8807
1978,7,3,3,135,5.1338
1978,7,3,4,137,6.1064
1978,7,3,5,86,7.5392
1978,8,1,1,512,10.8388
1978,8,1,2,316,7.3115
1978,8,1,3,249,7.9856
1978,8,1,4,203,10.1083
1978,8,1,5,331,7.4884
1978,8,2,1,147,8.1054
1978,8,2,2,128,8.3545
1978,8,2,3,139,7.5880
1978,8,2,4,99,7.6880
1978,8,2,5,112,6.6565
1978,8,3,1,99,3.9920
1978,8,3,2,123,2.1420
1978,8,3,3,134,3.3411
1978,8,3,4,177,3.7327
1978,8,3,5,169,3.7210
1978,9,1,1,599,0.9318
1978,9,1,2,291,0.1675
1978,9,1,3,259,-1.2320
1978,9,1,4,274,0.3139
1978,9,1,5,330,-0.4880
1978,9,2,1,150,-3.5424
1978,9,2,2,128,-1.7814
1978,9,2,3,126,-1.2453
1978,9,2,4,101,0.0222
1978,9,2,5,130,-0.5901
1978,9,3,1,148,-3.4667
1978,9,3,2,136,-0.7963
1978,9,3,3,137,0.4901
1978,9,3,4,160,0.7759
1978,9,3,5,125,0.8726
1978,10,1,1,693,-24.1921
1978,10,1,2,349,-20.2552
1978,10,1,3,233,-19.0072
1978,10,1,4,234,-21.7110
1978,10,1,5,233,-22.4349
1978,10,2,1,157,-21.9346
1978,10,2,2,137,-17.5852
1978,10,2,3,109,-16.3618
1978,10,2,4,120,-18.3177
1978,10,2,5,111,-21.8044
1978,10,3,1,72,-15.9345
1978,10,3,2,115,-9.7349
1978,10,3,3,160,-8.1200
1978,10,3,4,168,-9.3242
1978,10,3,5,188,-9.9942
1978,11,1,1,669,6.7674
1978,11,1,2,271,5.7401
1978,11,1,3,231,5.0710
1978,11,1,4,195,9.9272
1978,11,1,5,348,6.7201
1978,11,2,1,159,8.0869
1978,11,2,2,133,6.7026
1978,11,2,3,117,5.4012
1978,11,2,4,115,4.2610
1978,11,2,5,118,6.6914
1978,11,3,1,91,3.7829
1978,11,3,2,145,2.9625
1978,11,3,3,153,3.7500
1978,11,3,4,173,2.8635
1978,11,3,5,152,2.8672
1978,12,1,1,703,1.4963
1978,12,1,2,275,1.8264
1978,12,1,3,227,0.3850
1978,12,1,4,203,2.1218
1978,12,1,5,288,3.1182
1978,12,2,1,142,1.2042
1978,12,2,2,142,3.0680
1978,12,2,3,122,2.0022
1978,12,2,4,109,1.7128
1978,12,2,5,133,2.4783
1978,12,3,1,99,1.4180
1978,12,3,2,130,4.2780
1978,12,3,3,146,0.5904
1978,12,3,4,176,0.5104
1978,12,3,5,157,1.3927
1979,1,1,1,245,8.8927
1979,1,1,2,204,9.2468
1979,1,1,3,222,10.6620
1979,1,1,4,308,12.1084
1979,1,1,5,639,11.3224
1979,1,2,1,86,8.3664
1979,1,2,2,107,6.5485
1979,1,2,3,133,7.7412
1979,1,2,4,158,7.8229
1979,1,2,5,167,10.0293
1979,1,3,1,244,3.1294
1979,1,3,2,180,5.4655
1979,1,3,3,140,6.7886
1979,1,3,4,100,6.6390
1979,1,3,5,47,5.4712
1979,2,1,1,295,-1.1496
1979,2,1,2,211,-2.3414
1979,2,1,3,232,-2.9949
1979,2,1,4,284,-2.2942
1979,2,1,5,668,-1.8661
1979,2,2,1,117,-3.2177
1979,2,2,2,114,-2.4483
1979,2,2,3,115,-2.8763
1979,2,2,4,135,-3.2880
1979,2,2,5,161,-3.0868
1979,2,3,1,153,-1.8605
1979,2,3,2,156,-2.2624
1979,2,3,3,143,-4.1975
1979,2,3,4,142,-2.8046
1979,2,3,5,110,-4.0364
1979,3,1,1,375,9.6907
1979,3,1,2,218,6.8394
1979,3,1,3,236,6.4176
1979,3,1,4,295,8.1901
1979,3,1,5,555,9.3937
1979,3,2,1,119,12.0932
1979,3,2,2,107,8.2488
1979,3,2,3,114,9.7528
1979,3,2,4,139,9.7678
1979,3,2,5,150,8.8822
1979,3,3,1,159,4.5001
1979,3,3,2,152,5.4985
1979,3,3,3,151,6.1631
1979,3,3,4,139,6.4744
1979,3,3,5,98,9.4339
1979,4,1,1,500,2.5569
1979,4,1,2,261,3.2848
1979,4,1,3,285,2.1909
1979,4,1,4,259,1.7521
1979,4,1,5,387,2.7807
1979,4,2,1,124,1.5571
1979,4,2,2,117,2.0467
1979,4,2,3,124,2.9032
1979,4,2,4,128,3.2954
1979,4,2,5,155,2.6688
1979,4,3,1,97,-0.5396
1979,4,3,2,149,-0.3396
1979,4,3,3,149,0.3404
1979,4,3,4,153,1.4908
1979,4,3,5,147,-0.0745
1979,5,1,1,510,-1.4758
1979,5,1,2,241,-1.5089
1979,5,1,3,250,-1.1151
1979,5,1,4,255,-0.2250
1979,5,1,5,411,0.0016
1979,5,2,1,149,-2.2654
1979,5,2,2,140,-1.9817
1979,5,2,3,121,-0.3152
1979,5,2,4,101,-1.3214
1979,5,2,5,138,-2.1494
1979,5,3,1,107,-2.5148
1979,5,3,2,127,-1.6461
1979,5,3,3,147,-1.1461
1979,5,3,4,169,-0.6986
1979,5,3,5,153,-2.5625
1979,6,1,1,649,5.3381
1979,6,1,2,274,2.9055
1979,6,1,3,201,4.5231
1979,6,1,4,196,4.8031
1979,6,1,5,353,6.2400
1979,6,2,1,171,4.6903
1979,6,2,2,116,5.8330
1979,6,2,3,100,5.3082
1979,6,2,4,115,4.7579
1979,6,2,5,145,4.8457
1979,6,3,1,126,4.0423
1979,6,3,2,148,3.8327
1979,6,3,3,169,2.3348
1979,6,3,4,149,6.3255
1979,6,3,5,110,6.5213
1979,7,1,1,284,2.0863
1979,7,1,2,229,2.5243
1979,7,1,3,227,3.7574
1979,7,1,4,293,3.2744
1979,7,1,5,652,2.3602
1979,7,2,1,111,2.1475
1979,7,2,2,96,1.6236
1979,7,2,3,114,2.4026
1979,7,2,4,131,3.4436
1979,7,2,5,173,4.2785
1979,7,3,1,147,1.2796
1979,7,3,2,163,0.5543
1979,7,3,3,143,1.1968
1979,7,3,4,139,1.5839
1979,7,3,5,110,2.1679
1979,8,1,1,432,9.3839
1979,8,1,2,255,8.6659
1979,8,1,3,209,6.6234
1979,8,1,4,218,5.3067
1979,8,1,5,386,8.2930
1979,8,2,1,150,7.9904
1979,8,2,2,111,8.6800
1979,8,2,3,109,7.6965
1979,8,2,4,117,6.6416
1979,8,2,5,122,9.5101
1979,8,3,1,101,9.3408
1979,8,3,2,132,6.4553
1979,8,3,3,166,7.0031
1979,8,3,4,149,5.6239
1979,8,3,5,149,5.1490
1979,9,1,1,424,-0.8724
1979,9,1,2,284,-0.8206
1979,9,1,3,272,-0.1532
1979,9,1,4,274,-0.8183
1979,9,1,5,390,-1.0779
1979,9,2,1,123,0.7640
1979,9,2,2,124,-0.6742
1979,9,2,3,114,-1.9908
1979,9,2,4,106,-0.6201
1979,9,2,5,144,1.0437
1979,9,3,1,143,-1.9714
1979,9,3,2,118,-0.9906
1979,9,3,3,142,2.2753
1979,9,3,4,157,1.0210
1979,9,3,5,133,0.4534
1979,10,1,1,668,-10.8581
1979,10,1,2,317,-10.0767
1979,10,1,3,217,-10.2456
1979,10,1,4,183,-11.9906
1979,10,1,5,244,-11.4815
1979,10,2,1,147,-10.7352
1979,10,2,2,136,-10.4233
1979,10,2,3,114,-9.7653
1979,10,2,4,94,-9.6057
1979,10,2,5,110,-8.8847
1979,10,3,1,82,-8.6676
1979,10,3,2,129,-8.8677
1979,10,3,3,137,-4.7523
1979,10,3,4,176,-5.7785
1979,10,3,5,172,-6.5512
1979,11,1,1,639,7.3486
1979,11,1,2,246,6.7850
1979,11,1,3,202,7.0929
1979,11,1,4,181,7.8022
1979,11,1,5,343,7.4080
1979,11,2,1,147,9.8025
1979,11,2,2,120,7.0846
1979,11,2,3,109,7.5656
1979,11,2,4,116,7.3309
1979,11,2,5,140,9.5303
1979,11,3,1,128,5.1624
1979,11,3,2,155,4.8151
1979,11,3,3,159,6.0134
1979,11,3,4,147,7.3473
1979,11,3,5,110,8.2476
1979,12,1,1,548,6.7038
1979,12,1,2,241,6.5289
1979,12,1,3,175,6.1497
1979,12,1,4,236,6.9448
1979,12,1,5,391,8.2240
1979,12,2,1,123,6.1370
1979,12,2,2,89,6.6239
1979,12,2,3,115,3.6784
1979,12,2,4,144,4.9230
1979,12,2,5,161,7.3860
1979,12,3,1,111,2.7219
1979,12,3,2,144,2.8123
1979,12,3,3,151,1.9392
1979,12,3,4,150,0.3612
1979,12,3,5,141,4.3753
1980,1,1,1,242,8.6680
1980,1,1,2,215,10.5063
1980,1,1,3,186,9.0720
1980,1,1,4,295,9.4151
1980,1,1,5,567,11.4619
1980,1,2,1,79,7.3540
1980,1,2,2,110,6.6939
1980,1,2,3,113,6.0931
1980,1,2,4,164,8.5807
1980,1,2,5,169,7.0623
1980,1,3,1,231,6.1437
1980,1,3,2,176,6.3276
1980,1,3,3,141,7.3301
1980,1,3,4,89,6.6299
1980,1,3,5,56,8.4138
1980,2,1,1,218,-2.2372
1980,2,1,2,195,-4.3017
1980,2,1,3,198,-3.5160
1980,2,1,4,318,-1.8705
1980,2,1,5,634,-0.7719
1980,2,2,1,100,-3.6906
1980,2,2,2,91,-2.7595
1980,2,2,3,118,-2.6129
1980,2,2,4,141,-2.9856
1980,2,2,5,177,-2.5683
1980,2,3,1,152,3.2906
1980,2,3,2,174,2.8980
1980,2,3,3,144,-4.0006
1980,2,3,4,125,-1.7695
1980,2,3,5,101,-1.3262
1980,3,1,1,377,-16.9034
1980,3,1,2,244,-16.4326
1980,3,1,3,218,-15.7237
1980,3,1,4,275,-17.2639
1980,3,1,5,416,-20.3939
1980,3,2,1,116,-15.3745
1980,3,2,2,99,-14.6896
1980,3,2,3,128,-15.8835
1980,3,2,4,134,-16.2367
1980,3,2,5,159,-16.8585
1980,3,3,1,158,-13.4092
1980,3,3,2,159,-9.3592
1980,3,3,3,158,-10.5171
1980,3,3,4,126,-10.8806
1980,3,3,5,93,-13.7443
1980,4,1,1,463,5.2370
1980,4,1,2,263,5.6490
1980,4,1,3,232,7.3603
1980,4,1,4,239,5.4634
1980,4,1,5,355,5.7155
1980,4,2,1,128,7.1425
1980,4,2,2,106,7.2873
1980,4,2,3,134,7.6850
1980,4,2,4,115,4.6980
1980,4,2,5,152,4.2902
1980,4,3,1,96,6.0522
1980,4,3,2,138,5.6467
1980,4,3,3,151,5.8127
1980,4,3,4,165,4.3947
1980,4,3,5,141,2.9253
1980,5,1,1,402,6.8648
1980,5,1,2,215,7.2613
1980,5,1,3,247,6.4888
1980,5,1,4,249,6.3508
1980,5,1,5,439,7.5455
1980,5,2,1,121,9.0484
1980,5,2,2,137,8.7405
1980,5,2,3,128,7.7816
1980,5,2,4,106,8.6567
1980,5,2,5,147,8.4767
1980,5,3,1,122,7.3362
1980,5,3,2,128,4.9104
1980,5,3,3,143,5.8112
1980,5,3,4,152,5.2744
1980,5,3,5,140,5.1828
1980,6,1,1,540,2.4378
1980,6,1,2,251,3.1073
1980,6,1,3,201,4.4845
1980,6,1,4,207,5.2880
1980,6,1,5,336,4.0002
1980,6,2,1,166,3.7255
1980,6,2,2,130,3.7516
1980,6,2,3,93,4.4578
1980,6,2,4,120,3.5700
1980,6,2,5,145,5.2150
1980,6,3,1,119,2.8328
1980,6,3,2,134,3.5681
1980,6,3,3,164,2.0598
1980,6,3,4,147,3.4414
1980,6,3,5,117,5.2682
1980,7,1,1,309,12.9077
1980,7,1,2,170,8.7692
1980,7,1,3,215,9.0903
1980,7,1,4,262,9.6351
1980,7,1,5,585,11.5557
1980,7,2,1,130,10.3397
1980,7,2,2,97,9.2718
1980,7,2,3,92,8.4182
1980,7,2,4,130,9.7493
1980,7,2,5,208,12.8406
1980,7,3,1,124,8.9553
1980,7,3,2,167,7.1745
1980,7,3,3,160,5.4301
1980,7,3,4,134,6.7672
1980,7,3,5,104,9.9471
1980,8,1,1,397,10.2519
1980,8,1,2,209,8.0243
1980,8,1,3,174,4.7725
1980,8,1,4,194,5.8177
1980,8,1,5,433,8.8489
1980,8,2,1,158,6.5300
1980,8,2,2,109,6.1280
1980,8,2,3,101,4.1207
1980,8,2,4,112,2.7657
1980,8,2,5,158,6.4669
1980,8,3,1,120,3.4807
1980,8,3,2,138,1.4767
1980,8,3,3,143,2.3547
1980,8,3,4,164,1.1903
1980,8,3,5,111,1.0566
1980,9,1,1,447,2.8592
1980,9,1,2,230,3.5712
1980,9,1,3,231,1.4571
1980,9,1,4,203,4.2926
1980,9,1,5,435,3.3805
1980,9,2,1,143,4.0453
1980,9,2,2,128,4.4770
1980,9,2,3,113,2.9320
1980,9,2,4,108,1.4980
1980,9,2,5,160,4.2973
1980,9,3,1,111,1.5979
1980,9,3,2,148,1.7632
1980,9,3,3,151,1.1252
1980,9,3,4,148,2.4320
1980,9,3,5,126,5.6793
1980,10,1,1,534,5.8159
1980,10,1,2,301,4.7528
1980,10,1,3,258,3.7099
1980,10,1,4,200,3.8787
1980,10,1,5,234,2.2609
1980,10,2,1,178,4.0660
1980,10,2,2,141,3.9768
1980,10,2,3,109,2.5986
1980,10,2,4,119,2.5271
1980,10,2,5,106,1.1289
1980,10,3,1,85,3.5100
1980,10,3,2,121,5.0157
1980,10,3,3,161,3.6113
1980,10,3,4,158,0.7289
1980,10,3,5,160,-0.8949
1980,11,1,1,539,5.0950
1980,11,1,2,242,3.2898
1980,11,1,3,219,4.2325
1980,11,1,4,188,5.3615
1980,11,1,5,333,6.2130
1980,11,2,1,125,5.9959
1980,11,2,2,110,3.9719
1980,11,2,3,103,7.8868
1980,11,2,4,139,7.6839
1980,11,2,5,176,8.7242
1980,11,3,1,164,11.7255
1980,11,3,2,153,12.1871
1980,11,3,3,156,10.2585
1980,11,3,4,126,10.2629
1980,11,3,5,96,12.7639
1980,12,1,1,441,-4.5125
1980,12,1,2,230,-3.3034
1980,12,1,3,206,-2.8344
1980,12,1,4,205,-3.2527
1980,12,1,5,442,-3.9108
1980,12,2,1,113,-5.1974
1980,12,2,2,96,-2.2776
1980,12,2,3,112,-1.6114
1980,12,2,4,120,-2.2712
1980,12,2,5,214,-2.7708
1980,12,3,1,119,-1.7690
1980,12,3,2,148,-3.7664
1980,12,3,3,150,-2.4777
1980,12,3,4,140,-4.3155
1980,12,3,5,134,-6.9767
1981,1,1,1,185,1.4509
1981,1,1,2,182,1.7841
1981,1,1,3,194,3.4889
1981,1,1,4,337,1.6637
1981,1,1,5,574,0.9159
1981,1,2,1,93,0.3643
1981,1,2,2,109,-0.2993
1981,1,2,3,124,0.2980
1981,1,2,4,130,1.0069
1981,1,2,5,187,-2.5785
1981,1,3,1,202,-5.6989
1981,1,3,2,175,-1.4856
1981,1,3,3,141,-4.6118
1981,1,3,4,106,-7.2400
1981,1,3,5,70,-6.7754
1981,2,1,1,195,-1.2490
1981,2,1,2,163,-0.2373
1981,2,1,3,215,1.9214
1981,2,1,4,302,0.9920
1981,2,1,5,677,0.4584
1981,2,2,1,87,0.9882
1981,2,2,2,102,1.9721
1981,2,2,3,105,1.9219
1981,2,2,4,138,1.4420
1981,2,2,5,197,2.0244
1981,2,3,1,166,3.6413
1981,2,3,2,157,0.3210
1981,2,3,3,153,1.4115
1981,2,3,4,129,2.4884
1981,2,3,5,82,-0.9821
1981,3,1,1,465,6.7738
1981,3,1,2,194,7.8673
1981,3,1,3,221,7.9436
1981,3,1,4,236,8.8717
1981,3,1,5,405,10.2540
1981,3,2,1,112,6.5407
1981,3,2,2,110,7.8623
1981,3,2,3,99,6.8935
1981,3,2,4,127,7.4497
1981,3,2,5,172,8.4606
1981,3,3,1,134,2.9743
1981,3,3,2,149,4.6579
1981,3,3,3,156,1.6862
1981,3,3,4,131,3.9836
1981,3,3,5,113,11.2024
1981,4,1,1,425,4.5680
1981,4,1,2,207,3.5455
1981,4,1,3,226,3.6000
1981,4,1,4,254,3.3465
1981,4,1,5,425,4.8696
1981,4,2,1,127,1.0228
1981,4,2,2,117,2.2339
1981,4,2,3,124,3.9989
1981,4,2,4,116,1.8967
1981,4,2,5,145,2.5230
1981,4,3,1,101,-1.1991
1981,4,3,2,141,-0.8172
1981,4,3,3,150,-1.4609
1981,4,3,4,157,-1.0867
1981,4,3,5,135,-5.0859
1981,5,1,1,405,3.4180
1981,5,1,2,247,2.9209
1981,5,1,3,198,3.6988
1981,5,1,4,252,1.9748
1981,5,1,5,437,4.1597
1981,5,2,1,124,3.6560
1981,5,2,2,128,2.4676
1981,5,2,3,107,3.3096
1981,5,2,4,108,2.5385
1981,5,2,5,162,5.8166
1981,5,3,1,116,0.5619
1981,5,3,2,131,1.8750
1981,5,3,3,144,0.4704
1981,5,3,4,146,-1.0191
1981,5,3,5,147,0.3254
1981,6,1,1,596,-0.3053
1981,6,1,2,305,1.6803
1981,6,1,3,175,1.0814
1981,6,1,4,173,1.4019
1981,6,1,5,286,-1.2692
1981,6,2,1,132,-2.7617
1981,6,2,2,144,-0.8026
1981,6,2,3,103,0.4598
1981,6,2,4,116,-1.7977
1981,6,2,5,137,-4.9565
1981,6,3,1,109,-0.6622
1981,6,3,2,127,0.8173
1981,6,3,3,151,-0.0703
1981,6,3,4,145,-1.6860
1981,6,3,5,146,-4.4713
1981,7,1,1,466,-2.5871
1981,7,1,2,227,-2.2489
1981,7,1,3,200,-3.8586
1981,7,1,4,239,-1.6194
1981,7,1,5,420,-3.4945
1981,7,2,1,124,-0.1197
1981,7,2,2,104,0.1920
1981,7,2,3,108,-2.2731
1981,7,2,4,109,-2.8804
1981,7,2,5,173,-3.3900
1981,7,3,1,118,3.4631
1981,7,3,2,158,-0.5978
1981,7,3,3,133,0.6385
1981,7,3,4,144,1.0859
1981,7,3,5,125,-2.5117
1981,8,1,1,358,-8.0194
1981,8,1,2,191,-5.1989
1981,8,1,3,177,-6.8955
1981,8,1,4,215,-6.8502
1981,8,1,5,479,-9.6167
1981,8,2,1,110,-6.5445
1981,8,2,2,109,-4.1553
1981,8,2,3,101,-5.7133
1981,8,2,4,114,-8.5630
1981,8,2,5,168,-8.8020
1981,8,3,1,128,-4.6304
1981,8,3,2,145,-5.1680
1981,8,3,3,152,-4.4468
1981,8,3,4,143,-6.4796
1981,8,3,5,103,-8.2207
1981,9,1,1,470,-9.5794
1981,9,1,2,217,-7.5745
1981,9,1,3,214,-6.9448
1981,9,1,4,226,-6.1985
1981,9,1,5,408,-8.4650
1981,9,2,1,143,-7.8662
1981,9,2,2,92,-5.4803
1981,9,2,3,108,-6.4411
1981,9,2,4,121,-6.4013
1981,9,2,5,158,-8.6669
1981,9,3,1,95,-4.1355
1981,9,3,2,140,-2.8791
1981,9,3,3,149,-4.8462
1981,9,3,4,155,-4.4019
1981,9,3,5,141,-10.3688
1981,10,1,1,500,10.3933
1981,10,1,2,314,8.6234
1981,10,1,3,202,8.5300
1981,10,1,4,180,4.2051
1981,10,1,5,354,7.1679
1981,10,2,1,171,7.5660
1981,10,2,2,140,7.2338
1981,10,2,3,101,6.0385
1981,10,2,4,91,9.6049
1981,10,2,5,103,4.9109
1981,10,3,1,56,10.1107
1981,10,3,2,110,7.8754
1981,10,3,3,165,5.9627
1981,10,3,4,185,4.6716
1981,10,3,5,163,5.1303
1981,11,1,1,573,2.9229
1981,11,1,2,236,3.8976
1981,11,1,3,212,1.0958
1981,11,1,4,248,2.8328
1981,11,1,5,299,2.2453
1981,11,2,1,104,3.3892
1981,11,2,2,95,4.5140
1981,11,2,3,101,5.0338
1981,11,2,4,132,3.7920
1981,11,2,5,175,1.5085
1981,11,3,1,144,5.0728
1981,11,3,2,155,5.1505
1981,11,3,3,138,4.5286
1981,11,3,4,123,4.1019
1981,11,3,5,117,2.6314
1981,12,1,1,381,-2.2007
1981,12,1,2,246,-1.2969
1981,12,1,3,174,0.5932
1981,12,1,4,235,-0.6449
1981,12,1,5,518,-1.9445
1981,12,2,1,93,-2.1226
1981,12,2,2,95,-1.6032
1981,12,2,3,110,-0.3090
1981,12,2,4,116,-1.4806
1981,12,2,5,193,-0.7146
1981,12,3,1,124,-1.7087
1981,12,3,2,144,-2.2105
1981,12,3,3,138,-2.5467
1981,12,3,4,148,-3.6954
1981,12,3,5,125,-4.0792
1982,1,1,1,189,-1.5294
1982,1,1,2,179,1.0161
1982,1,1,3,205,-0.6717
1982,1,1,4,303,-1.7213
1982,1,1,5,661,-1.6858
1982,1,2,1,82,-2.9420
1982,1,2,2,100,-4.0848
1982,1,2,3,105,-2.7821
1982,1,2,4,132,-3.9254
1982,1,2,5,173,-5.4619
1982,1,3,1,167,0.4044
1982,1,3,2,156,-1.8374
1982,1,3,3,154,-2.5172
1982,1,3,4,108,-6.4789
1982,1,3,5,92,-5.8372
1982,2,1,1,300,-4.5546
1982,2,1,2,159,-4.1321
1982,2,1,3,183,-3.5941
1982,2,1,4,316,-2.5434
1982,2,1,5,601,-4.6693
1982,2,2,1,108,-3.3723
1982,2,2,2,92,-1.4344
1982,2,2,3,92,-2.3506
1982,2,2,4,114,-5.2243
1982,2,2,5,178,-6.8383
1982,2,3,1,124,-2.2808
1982,2,3,2,148,-3.1225
1982,2,3,3,142,-3.6601
1982,2,3,4,144,-6.2325
1982,2,3,5,121,-8.8004
1982,3,1,1,557,-0.7902
1982,3,1,2,244,-0.4917
1982,3,1,3,190,-1.1557
1982,3,1,4,212,-2.0301
1982,3,1,5,344,0.0895
1982,3,2,1,140,-1.2421
1982,3,2,2,116,0.0087
1982,3,2,3,97,-1.1428
1982,3,2,4,98,-1.6171
1982,3,2,5,124,0.0384
1982,3,3,1,115,-2.6071
1982,3,3,2,136,-0.3089
1982,3,3,3,154,-0.2485
1982,3,3,4,146,1.0659
1982,3,3,5,124,-1.3908
1982,4,1,1,510,4.6727
1982,4,1,2,240,4.5675
1982,4,1,3,179,4.0047
1982,4,1,4,200,5.3205
1982,4,1,5,425,5.4069
1982,4,2,1,129,6.3016
1982,4,2,2,80,5.2663
1982,4,2,3,95,5.7893
1982,4,2,4,105,5.4453
1982,4,2,5,163,6.2263
1982,4,3,1,100,5.7754
1982,4,3,2,155,3.0032
1982,4,3,3,160,4.4379
1982,4,3,4,135,3.8984
1982,4,3,5,120,6.4444
1982,5,1,1,414,-2.4511
1982,5,1,2,236,-1.7980
1982,5,1,3,203,-1.5462
1982,5,1,4,223,-2.2761
1982,5,1,5,475,-1.5723
1982,5,2,1,101,-3.4865
1982,5,2,2,99,-2.5944
1982,5,2,3,84,-3.9080
1982,5,2,4,110,-2.4054
1982,5,2,5,176,-4.1853
1982,5,3,1,122,-1.3227
1982,5,3,2,138,-0.8412
1982,5,3,3,150,-2.9862
1982,5,3,4,143,-4.2933
1982,5,3,5,114,-5.2663
1982,6,1,1,470,-2.3706
1982,6,1,2,288,-1.8597
1982,6,1,3,183,-2.3852
1982,6,1,4,197,-2.0053
1982,6,1,5,399,-4.4144
1982,6,2,1,128,0.3411
1982,6,2,2,104,-1.7132
1982,6,2,3,93,-2.0994
1982,6,2,4,101,-2.4844
1982,6,2,5,138,-5.0697
1982,6,3,1,104,-2.3135
1982,6,3,2,145,-0.2324
1982,6,3,3,151,-2.0723
1982,6,3,4,144,-2.1694
1982,6,3,5,126,-3.6062
1982,7,1,1,458,-1.4774
1982,7,1,2,236,0.6649
1982,7,1,3,234,-3.5317
1982,7,1,4,254,-0.7782
1982,7,1,5,338,0.4133
1982,7,2,1,113,-3.4399
1982,7,2,2,104,-1.3467
1982,7,2,3,86,-3.5931
1982,7,2,4,120,0.3271
1982,7,2,5,150,1.6400
1982,7,3,1,124,-2.6199
1982,7,3,2,143,-3.6104
1982,7,3,3,145,-1.3437
1982,7,3,4,132,-0.7640
1982,7,3,5,117,-1.2509
1982,8,1,1,290,5.3211
1982,8,1,2,212,5.7902
1982,8,1,3,223,6.2593
1982,8,1,4,231,6.8625
1982,8,1,5,557,7.7374
1982,8,2,1,82,9.8478
1982,8,2,2,93,8.6484
1982,8,2,3,81,9.0220
1982,8,2,4,124,10.4343
1982,8,2,5,188,9.4854
1982,8,3,1,147,12.7069
1982,8,3,2,137,11.4430
1982,8,3,3,160,13.3809
1982,8,3,4,122,13.0701
1982,8,3,5,94,13.0908
1982,9,1,1,374,4.9289
1982,9,1,2,206,3.8802
1982,9,1,3,203,3.6577
1982,9,1,4,263,4.5259
1982,9,1,5,477,2.2103
1982,9,2,1,118,2.4632
1982,9,2,2,101,3.3775
1982,9,2,3,91,3.9409
1982,9,2,4,107,3.6359
1982,9,2,5,145,3.0381
1982,9,3,1,93,0.7731
1982,9,3,2,140,1.0761
1982,9,3,3,134,0.8300
1982,9,3,4,145,0.2142
1982,9,3,5,140,2.4797
1982,10,1,1,470,14.1981
1982,10,1,2,292,13.7251
1982,10,1,3,191,13.1233
1982,10,1,4,172,9.8931
1982,10,1,5,388,10.8176
1982,10,2,1,150,16.2068
1982,10,2,2,113,14.1295
1982,10,2,3,102,13.2558
1982,10,2,4,97,10.7977
1982,10,2,5,104,12.7246
1982,10,3,1,56,14.1212
1982,10,3,2,119,16.2619
1982,10,3,3,161,12.3247
1982,10,3,4,158,9.6582
1982,10,3,5,161,8.6140
1982,11,1,1,522,11.3340
1982,11,1,2,230,9.4031
1982,11,1,3,223,9.6662
1982,11,1,4,229,10.4316
1982,11,1,5,296,7.5479
1982,11,2,1,80,8.4959
1982,11,2,2,103,9.7996
1982,11,2,3,107,9.3896
1982,11,2,4,98,8.3720
1982,11,2,5,174,5.7627
1982,11,3,1,134,5.6834
1982,11,3,2,145,5.9995
1982,11,3,3,120,2.7043
1982,11,3,4,133,4.5507
1982,11,3,5,123,1.9396
1982,12,1,1,400,1.5079
1982,12,1,2,232,3.1822
1982,12,1,3,222,2.9085
1982,12,1,4,222,1.2123
1982,12,1,5,441,1.8878
1982,12,2,1,105,1.2359
1982,12,2,2,86,1.1715
1982,12,2,3,120,1.8167
1982,12,2,4,104,1.8884
1982,12,2,5,139,2.9899
1982,12,3,1,97,1.2053
1982,12,3,2,143,2.4055
1982,12,3,3,126,0.8940
1982,12,3,4,149,3.1793
1982,12,3,5,140,0.3612
1983,1,1,1,203,8.6076
1983,1,1,2,187,7.2695
1983,1,1,3,206,8.2480
1983,1,1,4,291,7.1528
1983,1,1,5,612,12.3281
1983,1,2,1,80,7.1121
1983,1,2,2,101,4.4787
1983,1,2,3,109,4.2230
1983,1,2,4,133,6.1569
1983,1,2,5,138,6.9098
1983,1,3,1,165,1.9028
1983,1,3,2,167,3.9447
1983,1,3,3,142,6.0489
1983,1,3,4,99,4.8153
1983,1,3,5,80,5.3774
1983,2,1,1,329,7.3837
1983,2,1,2,192,5.5705
1983,2,1,3,184,5.1156
1983,2,1,4,286,4.2914
1983,2,1,5,473,6.1801
1983,2,2,1,117,6.2921
1983,2,2,2,96,4.5809
1983,2,2,3,100,7.0917
1983,2,2,4,113,5.5598
1983,2,2,5,155,4.4017
1983,2,3,1,120,3.8647
1983,2,3,2,127,2.5911
1983,2,3,3,154,3.9464
1983,2,3,4,142,1.2498
1983,2,3,5,103,2.1509
1983,3,1,1,525,5.5152
1983,3,1,2,239,3.8611
1983,3,1,3,238,4.4622
1983,3,1,4,189,6.0074
1983,3,1,5,286,7.0204
1983,3,2,1,120,4.3104
1983,3,2,2,106,3.1449
1983,3,2,3,94,5.1585
1983,3,2,4,106,5.6473
1983,3,2,5,125,2.5424
1983,3,3,1,97,4.7308
1983,3,3,2,127,1.7277
1983,3,3,3,159,1.9094
1983,3,3,4,137,4.0202
1983,3,3,5,128,2.7698
1983,4,1,1,419,5.6327
1983,4,1,2,213,7.7757
1983,4,1,3,190,7.4969
1983,4,1,4,188,9.5989
1983,4,1,5,472,7.8705
1983,4,2,1,109,5.6894
1983,4,2,2,95,5.6169
1983,4,2,3,88,4.9935
1983,4,2,4,101,6.3209
1983,4,2,5,162,7.8353
1983,4,3,1,116,7.8714
1983,4,3,2,132,9.2187
1983,4,3,3,141,6.2564
1983,4,3,4,149,5.0966
1983,4,3,5,111,5.4914
1983,5,1,1,437,9.4449
1983,5,1,2,193,8.1314
1983,5,1,3,198,9.0126
1983,5,1,4,213,9.6099
1983,5,1,5,436,11.5864
1983,5,2,1,86,7.4636
1983,5,2,2,90,4.2719
1983,5,2,3,96,4.4991
1983,5,2,4,124,6.5275
1983,5,2,5,169,7.5469
1983,5,3,1,121,-1.1515
1983,5,3,2,136,-0.6783
1983,5,3,3,156,-0.3153
1983,5,3,4,123,0.4977
1983,5,3,5,114,5.1921
1983,6,1,1,351,4.5210
1983,6,1,2,222,5.4712
1983,6,1,3,236,3.1406
1983,6,1,4,231,3.8794
1983,6,1,5,441,4.6643
1983,6,2,1,120,4.9777
1983,6,2,2,89,6.2940
1983,6,2,3,100,5.5405
1983,6,2,4,105,4.4986
1983,6,2,5,143,5.6029
1983,6,3,1,106,4.4548
1983,6,3,2,139,4.5333
1983,6,3,3,153,2.9725
1983,6,3,4,146,2.9561
1983,6,3,5,109,6.1241
1983,7,1,1,515,-2.2139
1983,7,1,2,262,-1.7148
1983,7,1,3,238,1.5740
1983,7,1,4,219,-1.3083
1983,7,1,5,248,-2.9809
1983,7,2,1,113,-1.2668
1983,7,2,2,97,-2.1017
1983,7,2,3,96,-1.5219
1983,7,2,4,112,-1.1095
1983,7,2,5,131,-4.5294
1983,7,3,1,130,-2.5676
1983,7,3,2,126,-2.0706
1983,7,3,3,133,-1.9357
1983,7,3,4,125,-4.8519
1983,7,3,5,135,-5.6386
1983,8,1,1,330,-3.4773
1983,8,1,2,163,-3.0037
1983,8,1,3,216,-2.9681
1983,8,1,4,235,-3.3814
1983,8,1,5,528,-3.1522
1983,8,2,1,97,-3.7254
1983,8,2,2,83,-3.2433
1983,8,2,3,89,-3.1067
1983,8,2,4,120,-1.7242
1983,8,2,5,157,-3.6654
1983,8,3,1,119,0.3844
1983,8,3,2,149,0.5577
1983,8,3,3,150,2.3235
1983,8,3,4,130,1.8461
1983,8,3,5,103,-2.0408
1983,9,1,1,422,-0.0435
1983,9,1,2,222,1.6126
1983,9,1,3,204,2.1096
1983,9,1,4,196,1.5835
1983,9,1,5,417,-0.5211
1983,9,2,1,136,1.7827
1983,9,2,2,99,3.7708
1983,9,2,3,100,4.6018
1983,9,2,4,84,3.2689
1983,9,2,5,129,2.4804
1983,9,3,1,80,2.8936
1983,9,3,2,130,3.4327
1983,9,3,3,138,2.9469
1983,9,3,4,169,1.4832
1983,9,3,5,127,-1.5113
1983,10,1,1,473,-7.1667
1983,10,1,2,266,-4.5574
1983,10,1,3,197,-4.5261
1983,10,1,4,201,-4.0526
1983,10,1,5,344,-5.2580
1983,10,2,1,121,-6.3897
1983,10,2,2,127,-6.8188
1983,10,2,3,112,-5.6946
1983,10,2,4,92,-3.8868
1983,10,2,5,107,-5.1406
1983,10,3,1,75,-1.7615
1983,10,3,2,106,-1.8271
1983,10,3,3,142,-1.8800
1983,10,3,4,154,-1.2339
1983,10,3,5,160,-1.2262
1983,11,1,1,551,4.8193
1983,11,1,2,226,4.1885
1983,11,1,3,210,4.3550
1983,11,1,4,167,6.9886
1983,11,1,5,331,3.0272
1983,11,2,1,96,5.7665
1983,11,2,2,91,6.2926
1983,11,2,3,111,3.6157
1983,11,2,4,119,5.9270
1983,11,2,5,138,5.7309
1983,11,3,1,119,1.7509
1983,11,3,2,123,3.1492
1983,11,3,3,136,1.5170
1983,11,3,4,128,2.6875
1983,11,3,5,131,2.2213
1983,12,1,1,472,-2.4450
1983,12,1,2,201,0.0483
1983,12,1,3,201,-0.2530
1983,12,1,4,211,-0.8126
1983,12,1,5,411,-1.4405
1983,12,2,1,112,-1.7027
1983,12,2,2,94,0.0450
1983,12,2,3,92,-0.3620
1983,12,2,4,109,-1.1163
1983,12,2,5,143,-1.9265
1983,12,3,1,100,-1.4200
1983,12,3,2,140,-0.4476
1983,12,3,3,129,-1.5872
1983,12,3,4,145,0.1541
1983,12,3,5,123,-1.6703
1984,1,1,1,271,1.5892
1984,1,1,2,199,2.8497
1984,1,1,3,204,0.5583
1984,1,1,4,228,0.2247
1984,1,1,5,588,-0.6700
1984,1,2,1,98,-2.1772
1984,1,2,2,104,-0.6315
1984,1,2,3,79,-1.4318
1984,1,2,4,126,-2.1771
1984,1,2,5,135,-4.9674
1984,1,3,1,154,0.8115
1984,1,3,2,147,-0.5430
1984,1,3,3,143,0.6304
1984,1,3,4,122,-4.2354
1984,1,3,5,75,-3.9252
1984,2,1,1,420,-6.2886
1984,2,1,2,219,-5.8841
1984,2,1,3,195,-5.5871
1984,2,1,4,198,-4.5943
1984,2,1,5,452,-6.1311
1984,2,2,1,119,-6.1813
1984,2,2,2,117,-4.1743
1984,2,2,3,90,-5.7755
1984,2,2,4,88,-3.4633
1984,2,2,5,124,-4.0691
1984,2,3,1,102,-5.4972
1984,2,3,2,130,-4.0255
1984,2,3,3,150,-4.4131
1984,2,3,4,144,-3.6153
1984,2,3,5,118,0.0446
1984,3,1,1,580,0.5228
1984,3,1,2,248,2.0274
1984,3,1,3,205,0.7299
1984,3,1,4,147,2.8180
1984,3,1,5,290,1.2377
1984,3,2,1,116,3.0363
1984,3,2,2,114,0.2328
1984,3,2,3,119,0.4972
1984,3,2,4,88,0.1670
1984,3,2,5,100,-0.0293
1984,3,3,1,100,1.3388
1984,3,3,2,121,3.1040
1984,3,3,3,132,1.9466
1984,3,3,4,140,0.5221
1984,3,3,5,146,0.9590
1984,4,1,1,431,-1.4434
1984,4,1,2,223,-0.4815
1984,4,1,3,206,-0.4603
1984,4,1,4,217,-1.1677
1984,4,1,5,412,-1.7635
1984,4,2,1,76,1.9952
1984,4,2,2,89,0.1383
1984,4,2,3,96,-0.8353
1984,4,2,4,92,-0.7119
1984,4,2,5,174,0.3941
1984,4,3,1,129,-0.1992
1984,4,3,2,130,1.5913
1984,4,3,3,136,0.8926
1984,4,3,4,135,1.3354
1984,4,3,5,110,0.4518
1984,5,1,1,414,-4.7968
1984,5,1,2,219,-5.7681
1984,5,1,3,201,-3.0410
1984,5,1,4,208,-4.4988
1984,5,1,5,438,-4.3739
1984,5,2,1,87,-5.0780
1984,5,2,2,91,-5.2980
1984,5,2,3,93,-2.3248
1984,5,2,4,104,-3.0488
1984,5,2,5,148,-5.1891
1984,5,3,1,102,-8.0904
1984,5,3,2,134,-4.5146
1984,5,3,3,152,-4.5400
1984,5,3,4,134,-3.8152
1984,5,3,5,118,-3.7981
1984,6,1,1,430,1.6809
1984,6,1,2,244,2.1500
1984,6,1,3,227,2.8847
1984,6,1,4,201,2.4000
1984,6,1,5,382,1.8747
1984,6,2,1,125,3.8415
1984,6,2,2,96,4.1799
1984,6,2,3,84,3.3820
1984,6,2,4,93,3.2696
1984,6,2,5,124,2.3257
1984,6,3,1,107,4.2114
1984,6,3,2,136,2.1579
1984,6,3,3,146,2.5746
1984,6,3,4,135,1.4611
1984,6,3,5,114,3.3874
1984,7,1,1,475,-3.5787
1984,7,1,2,218,-4.5657
1984,7,1,3,230,-2.1268
1984,7,1,4,215,-4.1234
1984,7,1,5,323,-4.6851
1984,7,2,1,97,-4.7794
1984,7,2,2,96,-4.3902
1984,7,2,3,106,-3.3431
1984,7,2,4,96,-4.0702
1984,7,2,5,136,-5.6151
1984,7,3,1,121,-2.4197
1984,7,3,2,133,-1.6682
1984,7,3,3,132,-0.2649
1984,7,3,4,136,-2.3180
1984,7,3,5,109,-2.8562
1984,8,1,1,556,7.8594
1984,8,1,2,210,9.0137
1984,8,1,3,161,10.3560
1984,8,1,4,193,11.0223
1984,8,1,5,330,13.6559
1984,8,2,1,126,12.3192
1984,8,2,2,116,10.0430
1984,8,2,3,67,12.0327
1984,8,2,4,103,14.0492
1984,8,2,5,122,15.6012
1984,8,3,1,90,9.7865
1984,8,3,2,117,10.4350
1984,8,3,3,156,10.1981
1984,8,3,4,140,12.3080
1984,8,3,5,127,13.5159
1984,9,1,1,398,0.4254
1984,9,1,2,233,1.2409
1984,9,1,3,216,-0.7281
1984,9,1,4,211,1.4039
1984,9,1,5,380,-0.1685
1984,9,2,1,110,-0.9362
1984,9,2,2,82,-1.7377
1984,9,2,3,90,0.5632
1984,9,2,4,116,0.3202
1984,9,2,5,128,-0.8582
1984,9,3,1,82,-1.1482
1984,9,3,2,127,0.0185
1984,9,3,3,137,0.5441
1984,9,3,4,137,-1.0972
1984,9,3,5,145,-1.0977
1984,10,1,1,430,-1.5544
1984,10,1,2,237,-2.1426
1984,10,1,3,184,-0.8220
1984,10,1,4,193,-1.7208
1984,10,1,5,404,-3.5153
1984,10,2,1,89,-2.0875
1984,10,2,2,103,-0.5922
1984,10,2,3,88,0.2480
1984,10,2,4,106,-1.8766
1984,10,2,5,129,-1.6533
1984,10,3,1,91,2.0768
1984,10,3,2,138,0.9479
1984,10,3,3,150,0.8378
1984,10,3,4,143,-0.2907
1984,10,3,5,111,-2.2634
1984,11,1,1,428,-2.7166
1984,11,1,2,209,-2.0093
1984,11,1,3,222,-0.8900
1984,11,1,4,216,-3.1724
1984,11,1,5,352,-4.9035
1984,11,2,1,85,-2.4027
1984,11,2,2,79,-1.2118
1984,11,2,3,106,-1.1299
1984,11,2,4,127,-0.3244
1984,11,2,5,130,-2.0031
1984,11,3,1,118,-0.6064
1984,11,3,2,143,0.5759
1984,11,3,3,136,-1.1998
1984,11,3,4,120,-1.7068
1984,11,3,5,115,-2.0372
1984,12,1,1,408,0.7068
1984,12,1,2,212,1.9818
1984,12,1,3,189,1.3605
1984,12,1,4,220,1.6105
1984,12,1,5,409,-0.0338
1984,12,2,1,116,2.5970
1984,12,2,2,88,2.3558
1984,12,2,3,91,1.3656
1984,12,2,4,109,2.1173
1984,12,2,5,119,1.7124
1984,12,3,1,103,1.0350
1984,12,3,2,142,2.0912
1984,12,3,3,137,2.9632
1984,12,3,4,139,1.8565
1984,12,3,5,107,2.7402
1985,1,1,1,228,11.6748
1985,1,1,2,171,9.9626
1985,1,1,3,150,11.7145
1985,1,1,4,266,11.7646
1985,1,1,5,624,13.1568
1985,1,2,1,101,11.5632
1985,1,2,2,88,9.1393
1985,1,2,3,92,10.2056
1985,1,2,4,115,11.0570
1985,1,2,5,130,12.8300
1985,1,3,1,146,7.2149
1985,1,3,2,140,6.5098
1985,1,3,3,145,7.3382
1985,1,3,4,121,8.8912
1985,1,3,5,75,9.0853
1985,2,1,1,387,4.3521
1985,2,1,2,224,2.9343
1985,2,1,3,196,2.7709
1985,2,1,4,210,3.4332
1985,2,1,5,427,3.5194
1985,2,2,1,106,1.3867
1985,2,2,2,100,2.1771
1985,2,2,3,93,0.5740
1985,2,2,4,96,3.1451
1985,2,2,5,123,2.2929
1985,2,3,1,113,2.3579
1985,2,3,2,131,1.2815
1985,2,3,3,142,0.8224
1985,2,3,4,138,1.2296
1985,2,3,5,107,2.9988
1985,3,1,1,518,-3.1600
1985,3,1,2,262,0.2030
1985,3,1,3,196,-0.3165
1985,3,1,4,172,-2.1997
1985,3,1,5,285,-1.8650
1985,3,2,1,124,-2.8572
1985,3,2,2,102,-1.8928
1985,3,2,3,106,0.0166
1985,3,2,4,96,-2.3016
1985,3,2,5,88,-4.3051
1985,3,3,1,93,-0.5336
1985,3,3,2,118,-1.5393
1985,3,3,3,117,-0.4418
1985,3,3,4,151,1.3783
1985,3,3,5,146,2.2207
1985,4,1,1,424,-2.7202
1985,4,1,2,229,-1.2485
1985,4,1,3,178,-0.7698
1985,4,1,4,198,-1.6454
1985,4,1,5,413,-1.5091
1985,4,2,1,84,-0.6817
1985,4,2,2,99,-3.1210
1985,4,2,3,79,-1.0895
1985,4,2,4,102,-0.9566
1985,4,2,5,149,-1.5145
1985,4,3,1,107,-2.2459
1985,4,3,2,132,-0.6676
1985,4,3,3,144,-0.5783
1985,4,3,4,136,0.8759
1985,4,3,5,110,-1.7419
1985,5,1,1,298,2.5557
1985,5,1,2,183,1.9268
1985,5,1,3,146,0.6179
1985,5,1,4,252,3.0233
1985,5,1,5,539,2.5561
1985,5,2,1,84,3.6835
1985,5,2,2,90,2.7858
1985,5,2,3,89,4.3493
1985,5,2,4,120,4.4028
1985,5,2,5,140,3.3639
1985,5,3,1,117,4.6690
1985,5,3,2,151,6.2462
1985,5,3,3,139,7.0429
1985,5,3,4,129,6.7275
1985,5,3,5,96,7.1789
1985,6,1,1,440,-0.6507
1985,6,1,2,223,-0.6515
1985,6,1,3,195,2.2343
1985,6,1,4,174,0.6545
1985,6,1,5,382,0.1605
1985,6,2,1,116,-0.3021
1985,6,2,2,85,2.4735
1985,6,2,3,91,1.9735
1985,6,2,4,94,1.2283
1985,6,2,5,123,0.5200
1985,6,3,1,95,1.8727
1985,6,3,2,136,2.6095
1985,6,3,3,136,2.5745
1985,6,3,4,154,0.2637
1985,6,3,5,109,2.6362
1985,7,1,1,423,1.9834
1985,7,1,2,220,3.1040
1985,7,1,3,189,2.9376
1985,7,1,4,211,3.1817
1985,7,1,5,355,3.1323
1985,7,2,1,97,2.3639
1985,7,2,2,83,2.7102
1985,7,2,3,82,0.8762
1985,7,2,4,113,2.2495
1985,7,2,5,130,3.4679
1985,7,3,1,121,-0.2248
1985,7,3,2,134,-2.3760
1985,7,3,3,144,-1.2462
1985,7,3,4,119,2.4031
1985,7,3,5,112,1.9152
1985,8,1,1,596,-0.3776
1985,8,1,2,226,-0.3554
1985,8,1,3,131,0.3408
1985,8,1,4,157,-1.0252
1985,8,1,5,287,-1.8037
1985,8,2,1,151,0.3760
1985,8,2,2,100,-1.0312
1985,8,2,3,86,-0.7038
1985,8,2,4,72,-0.9728
1985,8,2,5,100,-1.0268
1985,8,3,1,88,0.8054
1985,8,3,2,131,-0.4447
1985,8,3,3,143,-1.3015
1985,8,3,4,140,0.5872
1985,8,3,5,126,-0.8332
1985,9,1,1,444,-5.6583
1985,9,1,2,216,-5.0659
1985,9,1,3,196,-5.2893
1985,9,1,4,196,-2.9716
1985,9,1,5,340,-4.8852
1985,9,2,1,96,-5.3389
1985,9,2,2,87,-6.7694
1985,9,2,3,90,-3.6093
1985,9,2,4,86,-5.0759
1985,9,2,5,141,-5.1683
1985,9,3,1,91,-4.3977
1985,9,3,2,120,-2.8486
1985,9,3,3,138,-2.3360
1985,9,3,4,142,-3.5762
1985,9,3,5,138,-4.2058
1985,10,1,1,446,1.3889
1985,10,1,2,203,2.2518
1985,10,1,3,183,1.5033
1985,10,1,4,181,2.5481
1985,10,1,5,402,3.2590
1985,10,2,1,109,2.9100
1985,10,2,2,83,2.6984
1985,10,2,3,77,6.2722
1985,10,2,4,105,2.4280
1985,10,2,5,125,4.7815
1985,10,3,1,94,2.2706
1985,10,3,2,133,4.3213
1985,10,3,3,156,4.1633
1985,10,3,4,136,4.3453
1985,10,3,5,107,5.1647
1985,11,1,1,397,3.3425
1985,11,1,2,214,5.7394
1985,11,1,3,211,5.6126
1985,11,1,4,224,5.1482
1985,11,1,5,370,5.9830
1985,11,2,1,77,7.0260
1985,11,2,2,85,6.2316
1985,11,2,3,100,6.6255
1985,11,2,4,111,6.1346
1985,11,2,5,124,8.1254
1985,11,3,1,116,7.7288
1985,11,3,2,145,7.1424
1985,11,3,3,123,6.8537
1985,11,3,4,136,6.0570
1985,11,3,5,112,6.8646
1985,12,1,1,492,3.9569
1985,12,1,2,205,4.3770
1985,12,1,3,177,3.6186
1985,12,1,4,186,4.8577
1985,12,1,5,370,5.1375
1985,12,2,1,122,4.2950
1985,12,2,2,90,2.8528
1985,12,2,3,98,3.9231
1985,12,2,4,78,4.7890
1985,12,2,5,104,4.2158
1985,12,3,1,91,1.0126
1985,12,3,2,137,3.9907
1985,12,3,3,139,4.7921
1985,12,3,4,145,4.4326
1985,12,3,5,121,5.8148
1986,1,1,1,238,0.1686
1986,1,1,2,184,2.3928
1986,1,1,3,198,-0.4801
1986,1,1,4,226,2.2829
1986,1,1,5,609,2.2648
1986,1,2,1,100,-0.7974
1986,1,2,2,92,-0.4199
1986,1,2,3,83,-1.2119
1986,1,2,4,103,2.0853
1986,1,2,5,114,3.1247
1986,1,3,1,137,0.0281
1986,1,3,2,148,0.5080
1986,1,3,3,139,-0.0062
1986,1,3,4,123,1.7979
1986,1,3,5,77,0.7006
1986,2,1,1,495,4.0017
1986,2,1,2,262,6.3902
1986,2,1,3,199,8.1581
1986,2,1,4,177,7.3943
1986,2,1,5,334,6.5359
1986,2,2,1,100,4.6508
1986,2,2,2,96,5.3553
1986,2,2,3,98,6.7919
1986,2,2,4,86,7.8217
1986,2,2,5,112,8.2664
1986,2,3,1,98,6.0226
1986,2,3,2,129,7.8594
1986,2,3,3,134,5.8115
1986,2,3,4,138,9.6068
1986,2,3,5,123,8.4125
1986,3,1,1,465,3.3620
1986,3,1,2,199,5.3492
1986,3,1,3,221,3.9152
1986,3,1,4,216,6.3981
1986,3,1,5,348,4.7729
1986,3,2,1,110,4.5010
1986,3,2,2,93,4.8541
1986,3,2,3,96,6.2235
1986,3,2,4,92,8.0500
1986,3,2,5,112,6.0942
1986,3,3,1,111,4.3682
1986,3,3,2,121,4.1165
1986,3,3,3,133,5.2848
1986,3,3,4,127,5.7207
1986,3,3,5,126,8.4933
1986,4,1,1,425,-0.7498
1986,4,1,2,223,1.1643
1986,4,1,3,183,1.5037
1986,4,1,4,229,1.3550
1986,4,1,5,412,2.4603
1986,4,2,1,75,0.2001
1986,4,2,2,96,-0.2572
1986,4,2,3,89,0.1272
1986,4,2,4,103,-1.0179
1986,4,2,5,135,3.1702
1986,4,3,1,98,-2.4065
1986,4,3,2,130,-0.7259
1986,4,3,3,148,0.4884
1986,4,3,4,135,-0.4610
1986,4,3,5,114,-1.6320
1986,5,1,1,279,4.2967
1986,5,1,2,181,4.6109
1986,5,1,3,180,4.1801
1986,5,1,4,239,3.9711
1986,5,1,5,634,2.8998
1986,5,2,1,74,4.2300
1986,5,2,2,84,3.8205
1986,5,2,3,97,4.8739
1986,5,2,4,105,2.8107
1986,5,2,5,149,3.9934
1986,5,3,1,116,5.1043
1986,5,3,2,144,4.9939
1986,5,3,3,133,5.1573
1986,5,3,4,133,5.1403
1986,5,3,5,98,6.6659
1986,6,1,1,497,-1.6104
1986,6,1,2,239,-0.0095
1986,6,1,3,223,0.5482
1986,6,1,4,188,0.1908
1986,6,1,5,366,0.6046
1986,6,2,1,113,-2.6492
1986,6,2,2,110,-1.7428
1986,6,2,3,93,0.2575
1986,6,2,4,95,0.1914
1986,6,2,5,103,1.9768
1986,6,3,1,85,-2.1018
1986,6,3,2,125,1.0848
1986,6,3,3,141,0.7788
1986,6,3,4,144,2.9143
1986,6,3,5,126,3.8116
1986,7,1,1,497,-10.2122
1986,7,1,2,260,-9.6691
1986,7,1,3,194,-6.1544
1986,7,1,4,187,-5.6172
1986,7,1,5,367,-6.8205
1986,7,2,1,115,-11.1180
1986,7,2,2,116,-11.1778
1986,7,2,3,99,-8.5853
1986,7,2,4,73,-8.2669
1986,7,2,5,110,-6.2707
1986,7,3,1,92,-8.6149
1986,7,3,2,110,-5.9774
1986,7,3,3,122,-6.0544
1986,7,3,4,154,-5.0091
1986,7,3,5,139,-3.7901
1986,8,1,1,803,0.8811
1986,8,1,2,278,2.2719
1986,8,1,3,125,2.0530
1986,8,1,4,138,3.7191
1986,8,1,5,189,2.8292
1986,8,2,1,145,3.3721
1986,8,2,2,109,4.8629
1986,8,2,3,93,4.0797
1986,8,2,4,75,4.4610
1986,8,2,5,85,6.9435
1986,8,3,1,83,4.7071
1986,8,3,2,115,4.7555
1986,8,3,3,146,4.8387
1986,8,3,4,147,7.6620
1986,8,3,5,127,11.1182
1986,9,1,1,574,-4.7974
1986,9,1,2,240,-5.9701
1986,9,1,3,213,-4.9892
1986,9,1,4,191,-5.3171
1986,9,1,5,314,-6.1114
1986,9,2,1,104,-4.9545
1986,9,2,2,102,-5.6665
1986,9,2,3,100,-3.2391
1986,9,2,4,72,-5.2948
1986,9,2,5,130,-6.2052
1986,9,3,1,81,-5.3449
1986,9,3,2,121,-5.5067
1986,9,3,3,124,-8.9250
1986,9,3,4,152,-8.0845
1986,9,3,5,132,-10.1025
1986,10,1,1,579,1.8631
1986,10,1,2,258,3.5368
1986,10,1,3,191,1.9019
1986,10,1,4,165,2.5579
1986,10,1,5,348,2.6196
1986,10,2,1,122,2.5581
1986,10,2,2,110,3.1988
1986,10,2,3,84,4.1846
1986,10,2,4,81,4.7860
1986,10,2,5,104,4.3655
1986,10,3,1,76,6.0716
1986,10,3,2,114,2.8262
1986,10,3,3,148,6.3995
1986,10,3,4,153,8.0572
1986,10,3,5,122,7.6341
1986,11,1,1,593,0.7029
1986,11,1,2,177,0.6511
1986,11,1,3,176,0.5608
1986,11,1,4,219,-0.1884
1986,11,1,5,394,1.3668
1986,11,2,1,91,-1.2864
1986,11,2,2,78,0.8276
1986,11,2,3,87,0.6853
1986,11,2,4,102,0.4574
1986,11,2,5,130,0.5831
1986,11,3,1,102,2.0483
1986,11,3,2,135,2.3732
1986,11,3,3,130,2.8869
1986,11,3,4,127,1.4915
1986,11,3,5,115,3.9747
1986,12,1,1,577,-3.6973
1986,12,1,2,234,-3.5802
1986,12,1,3,164,0.2811
1986,12,1,4,181,-1.2366
1986,12,1,5,394,-2.0641
1986,12,2,1,107,-3.9196
1986,12,2,2,91,-1.4438
1986,12,2,3,79,-2.9019
1986,12,2,4,95,-0.9032
1986,12,2,5,128,-2.3443
1986,12,3,1,99,-6.1129
1986,12,3,2,125,-2.7446
1986,12,3,3,128,-1.0115
1986,12,3,4,135,-1.9986
1986,12,3,5,117,-4.1524
1987,1,1,1,256,10.2905
1987,1,1,2,174,9.8293
1987,1,1,3,206,9.5298
1987,1,1,4,232,8.9134
1987,1,1,5,678,11.9238
1987,1,2,1,91,11.7504
1987,1,2,2,62,10.0458
1987,1,2,3,89,11.3967
1987,1,2,4,124,12.0823
1987,1,2,5,127,14.5666
1987,1,3,1,136,13.9349
1987,1,3,2,152,12.5935
1987,1,3,3,131,14.1762
1987,1,3,4,104,12.5412
1987,1,3,5,74,16.6957
1987,2,1,1,434,8.2592
1987,2,1,2,223,6.7563
1987,2,1,3,184,7.3144
1987,2,1,4,234,8.0074
1987,2,1,5,467,7.8545
1987,2,2,1,95,7.7542
1987,2,2,2,80,8.0848
1987,2,2,3,95,5.2559
1987,2,2,4,94,6.1751
1987,2,2,5,125,8.0958
1987,2,3,1,103,5.4066
1987,2,3,2,125,4.4454
1987,2,3,3,129,3.2015
1987,2,3,4,128,4.5120
1987,2,3,5,116,6.2765
1987,3,1,1,520,3.9816
1987,3,1,2,226,2.7659
1987,3,1,3,207,1.6845
1987,3,1,4,207,1.7723
1987,3,1,5,377,4.4534
1987,3,2,1,125,0.7450
1987,3,2,2,108,2.8767
1987,3,2,3,82,1.6290
1987,3,2,4,75,2.5306
1987,3,2,5,97,2.6527
1987,3,3,1,93,1.1001
1987,3,3,2,112,3.8204
1987,3,3,3,140,3.0103
1987,3,3,4,140,3.6314
1987,3,3,5,119,2.0870
1987,4,1,1,487,-2.4117
1987,4,1,2,244,-3.3384
1987,4,1,3,208,-3.3203
1987,4,1,4,188,-1.9395
1987,4,1,5,406,-1.8091
1987,4,2,1,83,-0.7326
1987,4,2,2,104,-0.7805
1987,4,2,3,75,-2.9071
1987,4,2,4,77,-5.2484
1987,4,2,5,146,-2.9070
1987,4,3,1,79,0.6965
1987,4,3,2,124,-1.8649
1987,4,3,3,130,-1.4705
1987,4,3,4,145,-0.5813
1987,4,3,5,121,0.4088
1987,5,1,1,401,1.6407
1987,5,1,2,193,1.0031
1987,5,1,3,195,-0.0586
1987,5,1,4,218,1.4027
1987,5,1,5,506,-0.2842
1987,5,2,1,101,0.2532
1987,5,2,2,84,2.0690
1987,5,2,3,83,-0.1969
1987,5,2,4,88,1.0680
1987,5,2,5,134,0.8509
1987,5,3,1,101,-0.0401
1987,5,3,2,124,0.6704
1987,5,3,3,134,0.9179
1987,5,3,4,137,1.5657
1987,5,3,5,103,2.0353
1987,6,1,1,527,2.7807
1987,6,1,2,254,2.1761
1987,6,1,3,227,1.4272
1987,6,1,4,164,2.1801
1987,6,1,5,343,1.3622
1987,6,2,1,92,3.5895
1987,6,2,2,88,3.5691
1987,6,2,3,90,4.8310
1987,6,2,4,100,3.2220
1987,6,2,5,107,4.6941
1987,6,3,1,98,3.8714
1987,6,3,2,114,4.3742
1987,6,3,3,129,5.5717
1987,6,3,4,124,4.7141
1987,6,3,5,139,4.7089
1987,7,1,1,476,5.9971
1987,7,1,2,250,4.1138
1987,7,1,3,210,2.7601
1987,7,1,4,186,4.3672
1987,7,1,5,368,3.1711
1987,7,2,1,88,4.2738
1987,7,2,2,84,4.6964
1987,7,2,3,95,5.2386
1987,7,2,4,97,2.9771
1987,7,2,5,114,4.0021
1987,7,3,1,101,3.9610
1987,7,3,2,117,6.7185
1987,7,3,3,122,4.9354
1987,7,3,4,126,5.5699
1987,7,3,5,126,4.2140
1987,8,1,1,754,2.6489
1987,8,1,2,219,1.9521
1987,8,1,3,133,2.0008
1987,8,1,4,136,0.6457
1987,8,1,5,245,1.2784
1987,8,2,1,132,3.6288
1987,8,2,2,99,3.4274
1987,8,2,3,73,1.5409
1987,8,2,4,85,3.1798
1987,8,2,5,87,2.8476
1987,8,3,1,85,2.4408
1987,8,3,2,124,3.9893
1987,8,3,3,127,4.2540
1987,8,3,4,133,3.9835
1987,8,3,5,122,3.0865
1987,9,1,1,485,-1.1083
1987,9,1,2,275,-0.5073
1987,9,1,3,195,-0.1697
1987,9,1,4,159,-0.4107
1987,9,1,5,377,-1.3545
1987,9,2,1,96,-1.7116
1987,9,2,2,78,-0.6308
1987,9,2,3,92,-0.7840
1987,9,2,4,79,-1.7718
1987,9,2,5,123,-1.1298
1987,9,3,1,94,1.4784
1987,9,3,2,127,-1.9432
1987,9,3,3,120,-1.8589
1987,9,3,4,130,-5.4078
1987,9,3,5,117,-3.5707
1987,10,1,1,579,-31.4541
1987,10,1,2,277,-27.2945
1987,10,1,3,198,-26.5220
1987,10,1,4,156,-29.9520
1987,10,1,5,282,-30.8105
1987,10,2,1,96,-32.0704
1987,10,2,2,108,-28.9153
1987,10,2,3,80,-25.5768
1987,10,2,4,90,-26.0724
1987,10,2,5,90,-28.3843
1987,10,3,1,71,-25.0945
1987,10,3,2,112,-21.7089
1987,10,3,3,135,-20.5478
1987,10,3,4,139,-20.1577
1987,10,3,5,127,-23.7984
1987,11,1,1,553,-5.4982
1987,11,1,2,179,-1.4083
1987,11,1,3,162,-5.0321
1987,11,1,4,184,-4.7082
1987,11,1,5,391,-4.6104
1987,11,2,1,84,-3.6699
1987,11,2,2,67,-1.1799
1987,11,2,3,93,-2.3033
1987,11,2,4,100,-4.7060
1987,11,2,5,134,-3.9030
1987,11,3,1,114,-8.5471
1987,11,3,2,129,-6.5183
1987,11,3,3,119,-7.1679
1987,11,3,4,120,-7.9409
1987,11,3,5,104,-8.6754
1987,12,1,1,588,3.3799
1987,12,1,2,209,5.2300
1987,12,1,3,137,4.4663
1987,12,1,4,161,6.8792
1987,12,1,5,369,6.6448
1987,12,2,1,111,6.8475
1987,12,2,2,94,10.5473
1987,12,2,3,86,7.8213
1987,12,2,4,89,8.4895
1987,12,2,5,114,11.2991
1987,12,3,1,93,7.3471
1987,12,3,2,122,7.7308
1987,12,3,3,123,8.1568
1987,12,3,4,124,7.5939
1987,12,3,5,120,8.1822
1988,1,1,1,261,7.2640
1988,1,1,2,137,5.3633
1988,1,1,3,136,4.6373
1988,1,1,4,259,7.1264
1988,1,1,5,687,7.6624
1988,1,2,1,89,3.8019
1988,1,2,2,68,3.8885
1988,1,2,3,83,2.9241
1988,1,2,4,118,4.3582
1988,1,2,5,135,2.0440
1988,1,3,1,124,3.2395
1988,1,3,2,133,3.8444
1988,1,3,3,137,4.9925
1988,1,3,4,112,4.3623
1988,1,3,5,73,-2.2321
1988,2,1,1,472,7.4055
1988,2,1,2,200,6.6860
1988,2,1,3,151,10.4240
1988,2,1,4,177,8.3944
1988,2,1,5,472,7.1228
1988,2,2,1,102,8.2491
1988,2,2,2,80,8.4105
1988,2,2,3,95,9.5776
1988,2,2,4,88,11.1449
1988,2,2,5,124,11.5915
1988,2,3,1,97,6.1846
1988,2,3,2,128,4.3873
1988,2,3,3,133,4.1827
1988,2,3,4,121,5.5359
1988,2,3,5,100,6.9543
1988,3,1,1,525,4.4906
1988,3,1,2,204,4.9509
1988,3,1,3,189,4.9855
1988,3,1,4,177,4.6802
1988,3,1,5,376,6.6572
1988,3,2,1,126,3.1147
1988,3,2,2,93,2.8799
1988,3,2,3,83,4.3368
1988,3,2,4,74,3.3949
1988,3,2,5,107,5.6569
1988,3,3,1,88,-2.8830
1988,3,3,2,116,-4.7276
1988,3,3,3,130,-1.7242
1988,3,3,4,134,-1.3580
1988,3,3,5,115,-2.3165
1988,4,1,1,395,0.9640
1988,4,1,2,271,2.1946
1988,4,1,3,205,3.3090
1988,4,1,4,198,1.6606
1988,4,1,5,413,3.1269
1988,4,2,1,90,4.0359
1988,4,2,2,86,1.7252
1988,4,2,3,87,1.7944
1988,4,2,4,82,1.3010
1988,4,2,5,149,1.6290
1988,4,3,1,84,-0.9386
1988,4,3,2,120,0.3941
1988,4,3,3,129,1.0195
1988,4,3,4,140,0.7537
1988,4,3,5,109,3.0073
1988,5,1,1,459,-2.0662
1988,5,1,2,202,-0.5510
1988,5,1,3,165,-1.3333
1988,5,1,4,210,-2.1970
1988,5,1,5,443,-2.5575
1988,5,2,1,92,-1.2555
1988,5,2,2,105,-0.5651
1988,5,2,3,88,-0.4889
1988,5,2,4,76,0.3863
1988,5,2,5,138,-1.0398
1988,5,3,1,96,-0.0874
1988,5,3,2,117,0.6475
1988,5,3,3,134,-0.4154
1988,5,3,4,127,-0.0564
1988,5,3,5,104,0.4894
1988,6,1,1,457,5.1111
1988,6,1,2,249,5.4570
1988,6,1,3,197,6.2073
1988,6,1,4,170,7.4369
1988,6,1,5,393,5.6614
1988,6,2,1,99,9.4943
1988,6,2,2,105,6.9595
1988,6,2,3,88,6.5771
1988,6,2,4,88,6.7021
1988,6,2,5,123,9.2003
1988,6,3,1,79,7.2580
1988,6,3,2,108,5.8781
1988,6,3,3,136,3.6545
1988,6,3,4,124,4.0264
1988,6,3,5,128,4.7765
1988,7,1,1,505,-0.8036
1988,7,1,2,238,0.0975
1988,7,1,3,201,-0.8920
1988,7,1,4,220,-0.1134
1988,7,1,5,344,0.1923
1988,7,2,1,116,-1.2191
1988,7,2,2,95,-0.5578
1988,7,2,3,86,-0.4723
1988,7,2,4,105,-2.3689
1988,7,2,5,112,0.5958
1988,7,3,1,76,-0.5351
1988,7,3,2,121,-0.1016
1988,7,3,3,131,-0.2788
1988,7,3,4,119,-1.6225
1988,7,3,5,134,-1.1852
1988,8,1,1,726,-1.9134
1988,8,1,2,249,-2.1218
1988,8,1,3,157,-2.8347
1988,8,1,4,145,-2.5762
1988,8,1,5,249,-3.6408
1988,8,2,1,152,-3.0203
1988,8,2,2,100,-3.6219
1988,8,2,3,90,-0.0143
1988,8,2,4,84,-3.7353
1988,8,2,5,98,-2.8845
1988,8,3,1,84,-3.4336
1988,8,3,2,110,-2.3999
1988,8,3,3,132,-4.2068
1988,8,3,4,133,-1.4174
1988,8,3,5,118,-3.7609
1988,9,1,1,553,2.2968
1988,9,1,2,238,1.8507
1988,9,1,3,223,2.9821
1988,9,1,4,174,0.7293
1988,9,1,5,369,2.1734
1988,9,2,1,128,2.3109
1988,9,2,2,95,3.7698
1988,9,2,3,84,3.6442
1988,9,2,4,105,2.4470
1988,9,2,5,123,4.0636
1988,9,3,1,98,3.8238
1988,9,3,2,120,5.1210
1988,9,3,3,145,3.9214
1988,9,3,4,120,3.4343
1988,9,3,5,88,4.0245
1988,10,1,1,689,-2.3344
1988,10,1,2,295,-0.5736
1988,10,1,3,223,-0.9323
1988,10,1,4,137,-2.7725
1988,10,1,5,234,-0.5034
1988,10,2,1,130,-1.9616
1988,10,2,2,118,-1.0658
1988,10,2,3,116,-0.3142
1988,10,2,4,76,-0.5672
1988,10,2,5,92,0.2337
1988,10,3,1,59,0.3043
1988,10,3,2,94,3.1903
1988,10,3,3,122,1.6550
1988,10,3,4,143,4.4155
1988,10,3,5,148,2.6963
1988,11,1,1,752,-4.6645
1988,11,1,2,247,-3.0743
1988,11,1,3,133,-3.4101
1988,11,1,4,128,-3.9490
1988,11,1,5,334,-4.2794
1988,11,2,1,120,-3.8409
1988,11,2,2,97,-2.6328
1988,11,2,3,89,-1.7069
1988,11,2,4,103,-2.2480
1988,11,2,5,123,-3.0085
1988,11,3,1,85,-1.3228
1988,11,3,2,124,-1.3415
1988,11,3,3,134,-1.1096
1988,11,3,4,130,-1.6171
1988,11,3,5,100,-1.0612
1988,12,1,1,703,3.8892
1988,12,1,2,190,3.0386
1988,12,1,3,196,2.9566
1988,12,1,4,153,4.6790
1988,12,1,5,385,5.1537
1988,12,2,1,129,2.7641
1988,12,2,2,91,5.0762
1988,12,2,3,86,4.4805
1988,12,2,4,79,4.7520
1988,12,2,5,134,5.9534
1988,12,3,1,86,0.8010
1988,12,3,2,130,2.3806
1988,12,3,3,133,1.3936
1988,12,3,4,118,2.9483
1988,12,3,5,103,2.8604
1989,1,1,1,390,5.0511
1989,1,1,2,223,3.8754
1989,1,1,3,201,6.5959
1989,1,1,4,219,4.9941
1989,1,1,5,636,4.5805
1989,1,2,1,98,4.0071
1989,1,2,2,89,3.8859
1989,1,2,3,93,4.8386
1989,1,2,4,84,6.1601
1989,1,2,5,158,4.6479
1989,1,3,1,81,6.2189
1989,1,3,2,130,5.8789
1989,1,3,3,122,6.5378
1989,1,3,4,132,6.5244
1989,1,3,5,104,8.4836
1989,2,1,1,518,-0.3137
1989,2,1,2,217,1.9511
1989,2,1,3,179,0.4509
1989,2,1,4,217,0.6745
1989,2,1,5,528,0.5906
1989,2,2,1,105,0.3675
1989,2,2,2,77,1.2190
1989,2,2,3,95,0.8915
1989,2,2,4,118,2.8000
1989,2,2,5,135,-0.9201
1989,2,3,1,95,-2.4940
1989,2,3,2,123,-2.8045
1989,2,3,3,131,-3.0653
1989,2,3,4,110,-1.3605
1989,2,3,5,112,-1.8714
1989,3,1,1,614,1.5603
1989,3,1,2,233,2.9189
1989,3,1,3,176,3.1397
1989,3,1,4,237,2.6448
1989,3,1,5,405,3.6849
1989,3,2,1,134,0.9814
1989,3,2,2,100,2.9384
1989,3,2,3,92,1.8702
1989,3,2,4,82,4.9142
1989,3,2,5,122,2.4448
1989,3,3,1,90,1.8636
1989,3,3,2,108,0.6385
1989,3,3,3,131,0.3149
1989,3,3,4,138,3.5512
1989,3,3,5,105,2.8500
1989,4,1,1,492,3.1388
1989,4,1,2,270,2.8259
1989,4,1,3,226,1.0371
1989,4,1,4,188,1.5990
1989,4,1,5,486,2.7539
1989,4,2,1,106,2.9059
1989,4,2,2,97,4.6304
1989,4,2,3,93,3.9786
1989,4,2,4,97,3.5641
1989,4,2,5,147,6.1872
1989,4,3,1,74,5.8902
1989,4,3,2,125,5.0281
1989,4,3,3,127,6.1227
1989,4,3,4,126,4.8910
1989,4,3,5,117,5.0104
1989,5,1,1,643,2.6945
1989,5,1,2,259,3.1788
1989,5,1,3,217,2.6698
1989,5,1,4,163,2.9752
1989,5,1,5,375,2.9436
1989,5,2,1,108,3.7015
1989,5,2,2,115,5.4494
1989,5,2,3,114,3.6697
1989,5,2,4,90,4.6180
1989,5,2,5,119,4.6595
1989,5,3,1,68,5.0575
1989,5,3,2,107,3.9924
1989,5,3,3,127,4.3567
1989,5,3,4,133,3.6188
1989,5,3,5,132,4.6697
1989,6,1,1,612,-2.6914
1989,6,1,2,305,-1.7081
1989,6,1,3,227,-0.9229
1989,6,1,4,181,-0.0602
1989,6,1,5,347,0.0914
1989,6,2,1,121,-5.4757
1989,6,2,2,101,-2.6457
1989,6,2,3,101,-0.4655
1989,6,2,4,83,1.0589
1989,6,2,5,125,-0.5444
1989,6,3,1,71,-2.0433
1989,6,3,2,102,-1.2185
1989,6,3,3,115,-0.6633
1989,6,3,4,139,0.3820
1989,6,3,5,141,-0.8476
1989,7,1,1,594,1.2277
1989,7,1,2,264,3.9116
1989,7,1,3,201,2.1831
1989,7,1,4,214,1.6726
1989,7,1,5,373,3.3685
1989,7,2,1,110,2.5832
1989,7,2,2,100,5.9823
1989,7,2,3,87,3.6992
1989,7,2,4,114,4.4390
1989,7,2,5,115,3.1317
1989,7,3,1,84,7.6811
1989,7,3,2,115,7.8134
1989,7,3,3,117,8.6323
1989,7,3,4,134,8.8971
1989,7,3,5,123,9.0467
1989,8,1,1,763,0.8040
1989,8,1,2,242,2.8598
1989,8,1,3,145,2.7743
1989,8,1,4,188,1.9248
1989,8,1,5,314,1.9486
1989,8,2,1,131,1.9164
1989,8,2,2,114,0.7163
1989,8,2,3,83,4.0073
1989,8,2,4,88,4.9035
1989,8,2,5,106,1.7151
1989,8,3,1,73,2.2751
1989,8,3,2,123,0.1032
1989,8,3,3,143,1.9267
1989,8,3,4,122,2.8567
1989,8,3,5,112,3.1025
1989,9,1,1,538,-0.4692
1989,9,1,2,213,0.1036
1989,9,1,3,157,0.2256
1989,9,1,4,224,-0.0856
1989,9,1,5,521,0.0418
1989,9,2,1,139,0.9017
1989,9,2,2,86,-2.5128
1989,9,2,3,82,-0.5473
1989,9,2,4,94,0.4278
1989,9,2,5,121,-0.2239
1989,9,3,1,86,-2.3289
1989,9,3,2,126,-0.8998
1989,9,3,3,140,-1.0905
1989,9,3,4,124,-0.3040
1989,9,3,5,95,1.4211
1989,10,1,1,659,-7.7084
1989,10,1,2,341,-6.8064
1989,10,1,3,245,-5.6245
1989,10,1,4,183,-3.6302
1989,10,1,5,214,-3.7575
1989,10,2,1,116,-6.8946
1989,10,2,2,130,-7.6316
1989,10,2,3,117,-5.7858
1989,10,2,4,82,-5.4977
1989,10,2,5,83,-4.1042
1989,10,3,1,49,-6.0487
1989,10,3,2,101,-5.5620
1989,10,3,3,124,-4.0444
1989,10,3,4,144,-1.1841
1989,10,3,5,148,-0.1862
1989,11,1,1,679,-0.5177
1989,11,1,2,260,-0.3898
1989,11,1,3,158,0.3697
1989,11,1,4,181,-1.1393
1989,11,1,5,347,0.9538
1989,11,2,1,128,0.9464
1989,11,2,2,91,0.6066
1989,11,2,3,82,1.1843
1989,11,2,4,105,0.7619
1989,11,2,5,129,1.4447
1989,11,3,1,69,2.1714
1989,11,3,2,121,1.3885
1989,11,3,3,125,1.7464
1989,11,3,4,144,2.9730
1989,11,3,5,108,3.2257
1989,12,1,1,736,-0.6830
1989,12,1,2,263,-1.6738
1989,12,1,3,171,-0.6872
1989,12,1,4,152,-1.4565
1989,12,1,5,296,0.4428
1989,12,2,1,114,0.6029
1989,12,2,2,83,2.5580
1989,12,2,3,94,0.9466
1989,12,2,4,89,1.4956
1989,12,2,5,156,1.6270
1989,12,3,1,78,4.3501
1989,12,3,2,109,1.9784
1989,12,3,3,133,3.3306
1989,12,3,4,125,3.6897
1989,12,3,5,118,0.0353
1990,1,1,1,420,-5.8014
1990,1,1,2,212,-7.3628
1990,1,1,3,175,-5.8291
1990,1,1,4,214,-7.6968
1990,1,1,5,585,-6.9526
1990,1,2,1,110,-7.2795
1990,1,2,2,87,-8.8450
1990,1,2,3,75,-9.6065
1990,1,2,4,96,-9.9948
1990,1,2,5,163,-9.4923
1990,1,3,1,91,-6.4777
1990,1,3,2,120,-7.1944
1990,1,3,3,138,-6.6852
1990,1,3,4,130,-6.4386
1990,1,3,5,92,-5.5218
1990,2,1,1,450,0.6155
1990,2,1,2,227,2.0436
1990,2,1,3,232,3.0373
1990,2,1,4,209,2.2544
1990,2,1,5,490,2.0139
1990,2,2,1,88,4.3850
1990,2,2,2,88,2.3819
1990,2,2,3,88,2.6553
1990,2,2,4,106,3.6283
1990,2,2,5,152,3.4614
1990,2,3,1,111,0.5953
1990,2,3,2,120,2.5465
1990,2,3,3,132,0.9284
1990,2,3,4,116,0.4419
1990,2,3,5,88,2.8664
1990,3,1,1,493,4.9934
1990,3,1,2,196,1.6889
1990,3,1,3,202,2.3891
1990,3,1,4,239,3.0808
1990,3,1,5,472,3.2595
1990,3,2,1,99,4.6174
1990,3,2,2,94,3.6023
1990,3,2,3,90,2.6891
1990,3,2,4,107,5.7140
1990,3,2,5,138,6.1339
1990,3,3,1,100,3.3862
1990,3,3,2,119,3.7314
1990,3,3,3,126,2.6500
1990,3,3,4,122,2.3468
1990,3,3,5,97,3.3227
1990,4,1,1,426,-3.0872
1990,4,1,2,252,-1.8192
1990,4,1,3,181,-4.7831
1990,4,1,4,262,-1.7051
1990,4,1,5,479,-1.4766
1990,4,2,1,92,-3.3426
1990,4,2,2,92,-2.3917
1990,4,2,3,76,-3.0371
1990,4,2,4,113,-3.1732
1990,4,2,5,157,-3.5576
1990,4,3,1,85,-3.8714
1990,4,3,2,122,-1.0424
1990,4,3,3,129,-2.4511
1990,4,3,4,125,-2.7112
1990,4,3,5,105,-1.8615
1990,5,1,1,660,5.3028
1990,5,1,2,255,5.3899
1990,5,1,3,164,2.3082
1990,5,1,4,158,4.7612
1990,5,1,5,351,5.0872
1990,5,2,1,123,9.1931
1990,5,2,2,123,7.5953
1990,5,2,3,100,7.3669
1990,5,2,4,90,7.4655
1990,5,2,5,101,8.7514
1990,5,3,1,66,9.0961
1990,5,3,2,122,9.3441
1990,5,3,3,119,7.6042
1990,5,3,4,126,9.5593
1990,5,3,5,137,10.1707
1990,6,1,1,641,0.2096
1990,6,1,2,244,0.9719
1990,6,1,3,167,1.6519
1990,6,1,4,164,2.2378
1990,6,1,5,371,1.4395
1990,6,2,1,125,0.1681
1990,6,2,2,97,-0.4097
1990,6,2,3,87,3.7501
1990,6,2,4,90,0.2491
1990,6,2,5,139,0.1428
1990,6,3,1,78,-1.7758
1990,6,3,2,118,-2.1573
1990,6,3,3,128,-0.2641
1990,6,3,4,137,0.4871
1990,6,3,5,116,0.9377
1990,7,1,1,544,-4.8218
1990,7,1,2,196,-5.5586
1990,7,1,3,202,-2.6640
1990,7,1,4,222,-3.9030
1990,7,1,5,417,-2.8929
1990,7,2,1,106,-3.7049
1990,7,2,2,93,-4.4220
1990,7,2,3,108,-1.8318
1990,7,2,4,90,-2.3353
1990,7,2,5,132,-1.1231
1990,7,3,1,96,-4.7437
1990,7,3,2,124,-1.1357
1990,7,3,3,146,0.8055
1990,7,3,4,127,1.2754
1990,7,3,5,83,-0.7894
1990,8,1,1,659,-13.7713
1990,8,1,2,242,-12.2649
1990,8,1,3,185,-11.2241
1990,8,1,4,150,-12.2541
1990,8,1,5,329,-11.7245
1990,8,2,1,133,-12.5303
1990,8,2,2,110,-12.6541
1990,8,2,3,99,-12.4034
1990,8,2,4,91,-11.1527
1990,8,2,5,101,-13.7308
1990,8,3,1,89,-11.5477
1990,8,3,2,93,-9.3044
1990,8,3,3,137,-9.7663
1990,8,3,4,133,-9.6107
1990,8,3,5,130,-5.5557
1990,9,1,1,525,-10.2588
1990,9,1,2,236,-9.7147
1990,9,1,3,173,-6.3188
1990,9,1,4,187,-6.2456
1990,9,1,5,456,-8.1676
1990,9,2,1,125,-9.4682
1990,9,2,2,85,-6.8399
1990,9,2,3,92,-6.8029
1990,9,2,4,89,-7.3907
1990,9,2,5,137,-7.8049
1990,9,3,1,85,-5.6160
1990,9,3,2,131,-4.7293
1990,9,3,3,133,-2.0462
1990,9,3,4,125,-4.9481
1990,9,3,5,107,-6.3579
1990,10,1,1,638,-6.3159
1990,10,1,2,333,-5.5306
1990,10,1,3,253,-7.7314
1990,10,1,4,192,-5.0917
1990,10,1,5,159,-6.0060
1990,10,2,1,127,-8.1927
1990,10,2,2,126,-6.9975
1990,10,2,3,114,-4.7154
1990,10,2,4,92,-3.3476
1990,10,2,5,78,-1.6787
1990,10,3,1,62,-9.5925
1990,10,3,2,97,-2.6467
1990,10,3,3,123,-1.2766
1990,10,3,4,139,-0.6206
1990,10,3,5,158,4.6607
1990,11,1,1,640,3.4439
1990,11,1,2,228,3.5199
1990,11,1,3,176,5.2308
1990,11,1,4,175,3.6872
1990,11,1,5,352,4.7984
1990,11,2,1,118,8.4403
1990,11,2,2,97,9.1467
1990,11,2,3,87,7.7436
1990,11,2,4,95,6.2763
1990,11,2,5,143,8.5822
1990,11,3,1,84,5.6415
1990,11,3,2,129,4.8657
1990,11,3,3,147,6.6060
1990,11,3,4,126,7.0427
1990,11,3,5,101,4.8347
1990,12,1,1,688,-1.4955
1990,12,1,2,264,0.5941
1990,12,1,3,158,3.2019
1990,12,1,4,164,0.8553
1990,12,1,5,306,0.0579
1990,12,2,1,112,1.9504
1990,12,2,2,80,5.7310
1990,12,2,3,90,6.9263
1990,12,2,4,94,7.9911
1990,12,2,5,159,5.3291
1990,12,3,1,94,0.8825
1990,12,3,2,128,2.2602
1990,12,3,3,133,2.2861
1990,12,3,4,131,3.6689
1990,12,3,5,102,5.4050
1991,1,1,1,443,10.5669
1991,1,1,2,238,8.6158
1991,1,1,3,150,7.2761
1991,1,1,4,199,10.2819
1991,1,1,5,531,12.1951
1991,1,2,1,144,5.9778
1991,1,2,2,105,6.3458
1991,1,2,3,85,11.3113
1991,1,2,4,89,8.2558
1991,1,2,5,134,7.2546
1991,1,3,1,71,5.6512
1991,1,3,2,114,2.2306
1991,1,3,3,140,4.7882
1991,1,3,4,150,3.6847
1991,1,3,5,116,7.0982
1991,2,1,1,462,11.2101
1991,2,1,2,232,10.8881
1991,2,1,3,226,13.0697
1991,2,1,4,232,10.0004
1991,2,1,5,421,15.9646
1991,2,2,1,91,9.3747
1991,2,2,2,80,9.2263
1991,2,2,3,106,10.6040
1991,2,2,4,122,12.2649
1991,2,2,5,148,11.0845
1991,2,3,1,118,5.1778
1991,2,3,2,140,7.2369
1991,2,3,3,124,7.5614
1991,2,3,4,111,7.5158
1991,2,3,5,96,7.4751
1991,3,1,1,409,9.0639
1991,3,1,2,216,9.4668
1991,3,1,3,209,6.2330
1991,3,1,4,274,8.6465
1991,3,1,5,474,7.1969
1991,3,2,1,88,5.5455
1991,3,2,2,82,5.2221
1991,3,2,3,90,4.4664
1991,3,2,4,107,4.6237
1991,3,2,5,177,4.2594
1991,3,3,1,112,-0.1688
1991,3,3,2,132,1.9829
1991,3,3,3,137,2.4803
1991,3,3,4,124,3.9012
1991,3,3,5,86,3.0368
1991,4,1,1,468,1.4489
1991,4,1,2,234,0.2897
1991,4,1,3,210,0.3764
1991,4,1,4,205,0.9008
1991,4,1,5,467,0.2018
1991,4,2,1,106,0.2967
1991,4,2,2,85,0.8329
1991,4,2,3,83,0.1087
1991,4,2,4,108,0.1332
1991,4,2,5,160,0.6825
1991,4,3,1,76,0.3297
1991,4,3,2,127,-0.6286
1991,4,3,3,142,-0.4225
1991,4,3,4,126,1.0331
1991,4,3,5,125,-0.5012
1991,5,1,1,590,4.3947
1991,5,1,2,250,2.1417
1991,5,1,3,173,2.1318
1991,5,1,4,150,1.5294
1991,5,1,5,435,4.1450
1991,5,2,1,143,4.3224
1991,5,2,2,116,4.3473
1991,5,2,3,81,3.3944
1991,5,2,4,83,6.0427
1991,5,2,5,122,5.6128
1991,5,3,1,70,7.3515
1991,5,3,2,113,5.2803
1991,5,3,3,134,3.7278
1991,5,3,4,149,2.8242
1991,5,3,5,130,4.6485
1991,6,1,1,600,-5.4692
1991,6,1,2,285,-2.6596
1991,6,1,3,179,-4.7113
1991,6,1,4,175,-1.5442
1991,6,1,5,369,-3.3730
1991,6,2,1,122,-6.7127
1991,6,2,2,96,-4.8706
1991,6,2,3,91,-3.3779
1991,6,2,4,94,-4.5527
1991,6,2,5,148,-3.7014
1991,6,3,1,95,-6.4464
1991,6,3,2,107,-4.6976
1991,6,3,3,131,-4.0345
1991,6,3,4,146,-3.3732
1991,6,3,5,115,-4.5631
1991,7,1,1,645,2.6805
1991,7,1,2,293,3.5328
1991,7,1,3,200,3.5296
1991,7,1,4,176,0.8245
1991,7,1,5,328,4.6192
1991,7,2,1,143,3.8667
1991,7,2,2,123,2.6756
1991,7,2,3,86,2.7297
1991,7,2,4,86,2.6131
1991,7,2,5,97,3.6828
1991,7,3,1,71,6.8501
1991,7,3,2,129,3.3991
1991,7,3,3,125,4.1169
1991,7,3,4,150,3.8791
1991,7,3,5,123,5.8560
1991,8,1,1,709,3.3822
1991,8,1,2,260,1.3878
1991,8,1,3,172,2.0690
1991,8,1,4,180,2.7810
1991,8,1,5,316,0.9787
1991,8,2,1,153,3.9286
1991,8,2,2,105,3.6071
1991,8,2,3,93,3.3714
1991,8,2,4,86,1.9873
1991,8,2,5,120,2.5714
1991,8,3,1,69,2.0350
1991,8,3,2,130,1.7448
1991,8,3,3,141,3.0843
1991,8,3,4,135,1.7407
1991,8,3,5,126,3.2529
1991,9,1,1,503,0.6473
1991,9,1,2,193,-2.2658
1991,9,1,3,228,2.9629
1991,9,1,4,242,1.5374
1991,9,1,5,464,-0.3675
1991,9,2,1,120,-2.0521
1991,9,2,2,109,-0.0740
1991,9,2,3,90,0.9369
1991,9,2,4,111,1.4620
1991,9,2,5,141,1.1262
1991,9,3,1,102,-2.3840
1991,9,3,2,120,-1.4223
1991,9,3,3,147,-0.7543
1991,9,3,4,133,-2.1523
1991,9,3,5,104,-0.8201
1991,10,1,1,626,1.8457
1991,10,1,2,333,4.4357
1991,10,1,3,221,2.1215
1991,10,1,4,258,2.1422
1991,10,1,5,223,3.5499
1991,10,2,1,143,2.9238
1991,10,2,2,129,0.8084
1991,10,2,3,113,1.7327
1991,10,2,4,96,0.5284
1991,10,2,5,80,2.5341
1991,10,3,1,60,6.4340
1991,10,3,2,107,1.2475
1991,10,3,3,130,1.0898
1991,10,3,4,150,1.0877
1991,10,3,5,159,1.8364
1991,11,1,1,684,-2.9200
1991,11,1,2,236,-3.8699
1991,11,1,3,190,-2.1867
1991,11,1,4,197,-3.6191
1991,11,1,5,369,-1.7982
1991,11,2,1,140,-6.8184
1991,11,2,2,107,-4.5938
1991,11,2,3,89,-3.5192
1991,11,2,4,91,-2.7147
1991,11,2,5,139,-2.9684
1991,11,3,1,82,-3.6770
1991,11,3,2,128,-4.6048
1991,11,3,3,141,-2.6040
1991,11,3,4,129,-3.0208
1991,11,3,5,129,-3.7028
1991,12,1,1,762,2.3338
1991,12,1,2,278,3.9303
1991,12,1,3,176,3.9852
1991,12,1,4,159,5.3956
1991,12,1,5,306,5.5641
1991,12,2,1,121,6.0677
1991,12,2,2,86,9.1964
1991,12,2,3,98,6.8859
1991,12,2,4,101,8.8089
1991,12,2,5,168,10.0588
1991,12,3,1,76,8.7950
1991,12,3,2,127,10.4498
1991,12,3,3,141,11.4346
1991,12,3,4,148,11.3119
1991,12,3,5,126,13.1187
1992,1,1,1,478,13.7535
1992,1,1,2,247,10.5730
1992,1,1,3,200,11.2650
1992,1,1,4,237,11.7373
1992,1,1,5,518,16.3828
1992,1,2,1,152,5.4624
1992,1,2,2,102,5.3402
1992,1,2,3,78,7.2747
1992,1,2,4,92,8.7909
1992,1,2,5,155,8.7403
1992,1,3,1,93,0.8160
1992,1,3,2,116,-1.7782
1992,1,3,3,151,-3.1754
1992,1,3,4,144,-2.2318
1992,1,3,5,120,2.2996
1992,2,1,1,459,4.0183
1992,2,1,2,239,4.6763
1992,2,1,3,232,4.5724
1992,2,1,4,272,3.6208
1992,2,1,5,475,5.2908
1992,2,2,1,65,0.6951
1992,2,2,2,83,1.6026
1992,2,2,3,126,2.4722
1992,2,2,4,132,2.7262
1992,2,2,5,186,2.6356
1992,2,3,1,131,-0.7126
1992,2,3,2,139,1.0191
1992,2,3,3,129,2.3419
1992,2,3,4,116,3.0105
1992,2,3,5,109,0.4119
1992,3,1,1,410,-0.9673
1992,3,1,2,225,-2.5607
1992,3,1,3,236,-1.0818
1992,3,1,4,286,-0.6744
1992,3,1,5,540,-1.6098
1992,3,2,1,95,-3.5598
1992,3,2,2,91,-2.4165
1992,3,2,3,107,-2.7998
1992,3,2,4,124,-1.7348
1992,3,2,5,169,-6.0132
1992,3,3,1,127,-2.2423
1992,3,3,2,137,-2.0174
1992,3,3,3,140,-1.2643
1992,3,3,4,132,-2.5451
1992,3,3,5,89,-3.9485
1992,4,1,1,542,-4.7659
1992,4,1,2,224,-4.7824
1992,4,1,3,198,-5.1660
1992,4,1,4,244,-3.9533
1992,4,1,5,516,-5.7015
1992,4,2,1,127,-6.2154
1992,4,2,2,81,-0.8898
1992,4,2,3,88,-1.2290
1992,4,2,4,106,-1.2063
1992,4,2,5,175,-3.4506
1992,4,3,1,81,-1.0467
1992,4,3,2,136,2.1001
1992,4,3,3,136,2.9701
1992,4,3,4,144,3.8086
1992,4,3,5,131,0.4458
1992,5,1,1,765,0.5273
1992,5,1,2,246,-0.1751
1992,5,1,3,168,-2.4206
1992,5,1,4,173,-0.7378
1992,5,1,5,378,0.1453
1992,5,2,1,138,0.7766
1992,5,2,2,122,-0.5700
1992,5,2,3,99,1.1396
1992,5,2,4,76,-1.0086
1992,5,2,5,135,2.6933
1992,5,3,1,56,-3.2158
1992,5,3,2,121,0.3232
1992,5,3,3,137,0.3899
1992,5,3,4,165,0.2299
1992,5,3,5,149,1.1856
1992,6,1,1,648,-6.7995
1992,6,1,2,254,-6.3229
1992,6,1,3,184,-4.5926
1992,6,1,4,210,-4.9635
1992,6,1,5,427,-5.9036
1992,6,2,1,139,-5.8114
1992,6,2,2,83,-3.6388
1992,6,2,3,107,-5.5989
1992,6,2,4,112,-3.0834
1992,6,2,5,146,-3.7761
1992,6,3,1,93,-5.7448
1992,6,3,2,144,-1.8975
1992,6,3,3,152,-1.8405
1992,6,3,4,121,-1.0142
1992,6,3,5,118,-1.5917
1992,7,1,1,650,2.0171
1992,7,1,2,289,4.1411
1992,7,1,3,224,1.3540
1992,7,1,4,198,1.1003
1992,7,1,5,343,2.8020
1992,7,2,1,144,1.8842
1992,7,2,2,111,5.1283
1992,7,2,3,118,4.6313
1992,7,2,4,98,5.4276
1992,7,2,5,107,2.5777
1992,7,3,1,101,4.6230
1992,7,3,2,120,2.7744
1992,7,3,3,138,5.1304
1992,7,3,4,146,4.2998
1992,7,3,5,124,4.0086
1992,8,1,1,619,-5.0538
1992,8,1,2,224,-1.5048
1992,8,1,3,246,-1.2805
1992,8,1,4,183,-2.7354
1992,8,1,5,433,-1.2900
1992,8,2,1,147,-3.1300
1992,8,2,2,130,-3.0534
1992,8,2,3,105,-3.0177
1992,8,2,4,75,-2.0496
1992,8,2,5,129,-1.2846
1992,8,3,1,81,-5.4800
1992,8,3,2,116,-3.1094
1992,8,3,3,149,-1.7421
1992,8,3,4,151,-0.7251
1992,8,3,5,135,-1.0057
1992,9,1,1,495,1.0868
1992,9,1,2,269,1.3860
1992,9,1,3,268,0.2147
1992,9,1,4,226,1.2799
1992,9,1,5,437,-0.6533
1992,9,2,1,131,2.7476
1992,9,2,2,128,1.7288
1992,9,2,3,118,2.4965
1992,9,2,4,102,0.9916
1992,9,2,5,128,1.9722
1992,9,3,1,101,0.9478
1992,9,3,2,111,0.2954
1992,9,3,3,139,1.0520
1992,9,3,4,143,-0.4114
1992,9,3,5,139,3.0563
1992,10,1,1,541,1.9627
1992,10,1,2,353,3.6700
1992,10,1,3,311,4.2273
1992,10,1,4,257,2.1424
1992,10,1,5,252,1.8667
1992,10,2,1,133,2.9709
1992,10,2,2,141,1.9946
1992,10,2,3,144,2.6776
1992,10,2,4,107,2.8991
1992,10,2,5,77,1.2129
1992,10,3,1,63,5.9556
1992,10,3,2,99,1.7366
1992,10,3,3,145,1.5174
1992,10,3,4,155,-0.7615
1992,10,3,5,176,0.3943
1992,11,1,1,784,8.9407
1992,11,1,2,268,7.7725
1992,11,1,3,179,7.0353
1992,11,1,4,160,9.8623
1992,11,1,5,339,9.0445
1992,11,2,1,125,7.9637
1992,11,2,2,107,7.8781
1992,11,2,3,110,5.5252
1992,11,2,4,89,5.2233
1992,11,2,5,156,6.9859
1992,11,3,1,87,2.9829
1992,11,3,2,123,3.0432
1992,11,3,3,143,3.2042
1992,11,3,4,152,3.3176
1992,11,3,5,131,4.4178
1992,12,1,1,843,2.4101
1992,12,1,2,233,4.7795
1992,12,1,3,189,3.1752
1992,12,1,4,144,4.6033
1992,12,1,5,310,3.3077
1992,12,2,1,122,3.2511
1992,12,2,2,99,1.6944
1992,12,2,3,92,3.1039
1992,12,2,4,100,4.2057
1992,12,2,5,167,3.5752
1992,12,3,1,71,1.3817
1992,12,3,2,139,0.6940
1992,12,3,3,141,0.7790
1992,12,3,4,140,1.3344
1992,12,3,5,154,1.6340
1993,1,1,1,434,4.7004
1993,1,1,2,206,2.3945
1993,1,1,3,240,8.5659
1993,1,1,4,233,3.6943
1993,1,1,5,597,6.0237
1993,1,2,1,135,1.0550
1993,1,2,2,105,1.1357
1993,1,2,3,90,3.2444
1993,1,2,4,99,1.0700
1993,1,2,5,158,4.5007
1993,1,3,1,112,0.8553
1993,1,3,2,150,-1.7164
1993,1,3,3,148,0.1759
1993,1,3,4,141,1.9083
1993,1,3,5,98,1.3250
1993,2,1,1,466,-1.7302
1993,2,1,2,202,-1.0088
1993,2,1,3,213,-3.6177
1993,2,1,4,281,-0.9196
1993,2,1,5,549,-2.7315
1993,2,2,1,87,-1.0702
1993,2,2,2,78,-2.3009
1993,2,2,3,102,-0.4812
1993,2,2,4,141,-0.2973
1993,2,2,5,173,-2.5124
1993,2,3,1,131,2.8999
1993,2,3,2,156,1.8070
1993,2,3,3,128,-0.2510
1993,2,3,4,125,-1.2420
1993,2,3,5,109,-1.5442
1993,3,1,1,378,1.9752
1993,3,1,2,169,2.9483
1993,3,1,3,275,2.2846
1993,3,1,4,266,0.5521
1993,3,1,5,649,1.6322
1993,3,2,1,81,3.9773
1993,3,2,2,79,1.9640
1993,3,2,3,110,1.8398
1993,3,2,4,119,1.0651
1993,3,2,5,169,1.9058
1993,3,3,1,133,2.5212
1993,3,3,2,153,1.9922
1993,3,3,3,151,1.8718
1993,3,3,4,134,1.3423
1993,3,3,5,81,3.7818
1993,4,1,1,479,-3.8143
1993,4,1,2,218,-2.9012
1993,4,1,3,164,-4.1740
1993,4,1,4,259,-4.0660
1993,4,1,5,602,-2.2998
1993,4,2,1,110,-1.0423
1993,4,2,2,98,-1.6046
1993,4,2,3,82,-2.1763
1993,4,2,4,109,-3.9514
1993,4,2,5,167,-4.3309
1993,4,3,1,90,-0.5387
1993,4,3,2,143,-2.5154
1993,4,3,3,142,-1.5374
1993,4,3,4,144,-2.6146
1993,4,3,5,132,-4.4872
1993,5,1,1,783,4.5191
1993,5,1,2,225,5.3299
1993,5,1,3,180,1.8176
1993,5,1,4,164,5.2228
1993,5,1,5,372,5.5273
1993,5,2,1,146,4.9817
1993,5,2,2,110,2.9623
1993,5,2,3,85,2.5246
1993,5,2,4,81,6.4780
1993,5,2,5,141,7.8642
1993,5,3,1,67,2.3857
1993,5,3,2,133,1.9483
1993,5,3,3,167,3.6395
1993,5,3,4,145,1.8175
1993,5,3,5,145,5.6657
1993,6,1,1,575,-1.0487
1993,6,1,2,215,0.4442
1993,6,1,3,214,1.1963
1993,6,1,4,183,-0.2764
1993,6,1,5,539,0.9458
1993,6,2,1,125,-0.7650
1993,6,2,2,98,-0.0160
1993,6,2,3,87,0.3358
1993,6,2,4,110,1.0234
1993,6,2,5,150,-1.1050
1993,6,3,1,104,-1.0926
1993,6,3,2,138,0.7241
1993,6,3,3,155,0.8336
1993,6,3,4,136,-1.5219
1993,6,3,5,125,-0.9580
1993,7,1,1,681,0.7351
1993,7,1,2,303,1.1267
1993,7,1,3,211,1.5684
1993,7,1,4,170,0.9201
1993,7,1,5,383,0.3791
1993,7,2,1,116,1.0204
1993,7,2,2,121,0.3308
1993,7,2,3,104,1.7697
1993,7,2,4,87,2.1479
1993,7,2,5,126,-0.6639
1993,7,3,1,100,-2.2702
1993,7,3,2,122,-1.5766
1993,7,3,3,142,1.5598
1993,7,3,4,157,0.3347
1993,7,3,5,140,-2.6902
1993,8,1,1,607,4.3763
1993,8,1,2,293,2.8035
1993,8,1,3,185,4.7199
1993,8,1,4,223,3.4610
1993,8,1,5,444,3.3556
1993,8,2,1,144,4.3794
1993,8,2,2,100,4.4302
1993,8,2,3,108,3.9184
1993,8,2,4,86,3.0297
1993,8,2,5,112,4.3820
1993,8,3,1,99,4.7671
1993,8,3,2,125,3.4473
1993,8,3,3,147,3.9475
1993,8,3,4,165,3.7176
1993,8,3,5,127,4.0334
1993,9,1,1,469,0.9123
1993,9,1,2,291,3.4133
1993,9,1,3,271,2.2575
1993,9,1,4,230,2.2146
1993,9,1,5,482,2.9453
1993,9,2,1,101,2.8474
1993,9,2,2,111,5.2940
1993,9,2,3,109,-0.5631
1993,9,2,4,98,0.3240
1993,9,2,5,126,1.8681
1993,9,3,1,106,-0.7893
1993,9,3,2,148,-1.0205
1993,9,3,3,142,-0.5952
1993,9,3,4,132,-1.4281
1993,9,3,5,146,-0.4579
1993,10,1,1,566,5.1148
1993,10,1,2,324,4.6141
1993,10,1,3,261,3.5802
1993,10,1,4,255,3.6350
1993,10,1,5,345,4.6433
1993,10,2,1,119,3.3509
1993,10,2,2,117,2.2646
1993,10,2,3,116,3.7144
1993,10,2,4,106,2.0638
1993,10,2,5,91,3.9357
1993,10,3,1,69,2.4697
1993,10,3,2,123,2.8758
1993,10,3,3,149,1.4758
1993,10,3,4,162,3.5327
1993,10,3,5,171,2.1267
1993,11,1,1,714,-1.4355
1993,11,1,2,299,-1.0393
1993,11,1,3,173,-1.4882
1993,11,1,4,193,-1.2200
1993,11,1,5,367,-4.0283
1993,11,2,1,145,-2.7638
1993,11,2,2,113,-0.5375
1993,11,2,3,64,-5.0148
1993,11,2,4,93,-2.3773
1993,11,2,5,150,-2.2495
1993,11,3,1,75,-2.9011
1993,11,3,2,138,-2.4561
1993,11,3,3,154,-0.5216
1993,11,3,4,153,0.1907
1993,11,3,5,157,0.7253
1993,12,1,1,866,0.9852
1993,12,1,2,238,1.4469
1993,12,1,3,172,0.6161
1993,12,1,4,154,0.2537
1993,12,1,5,330,1.4611
1993,12,2,1,110,3.1513
1993,12,2,2,95,3.7277
1993,12,2,3,101,4.1478
1993,12,2,4,86,6.0215
1993,12,2,5,152,5.6298
1993,12,3,1,77,1.8035
1993,12,3,2,134,1.3778
1993,12,3,3,156,1.8443
1993,12,3,4,160,1.0452
1993,12,3,5,153,1.1736
1994,1,1,1,284,5.1026
1994,1,1,2,205,5.3864
1994,1,1,3,300,5.2699
1994,1,1,4,268,5.4330
1994,1,1,5,701,5.8222
1994,1,2,1,91,2.1522
1994,1,2,2,98,1.5048
1994,1,2,3,94,1.7484
1994,1,2,4,118,3.4727
1994,1,2,5,144,3.6263
1994,1,3,1,124,0.1403
1994,1,3,2,164,1.9340
1994,1,3,3,149,3.4608
1994,1,3,4,143,4.4990
1994,1,3,5,104,5.3826
1994,2,1,1,443,-0.8459
1994,2,1,2,174,-0.2401
1994,2,1,3,166,0.3310
1994,2,1,4,310,0.0855
1994,2,1,5,658,0.2285
1994,2,2,1,103,-1.4373
1994,2,2,2,68,-0.0722
1994,2,2,3,92,0.0607
1994,2,2,4,116,0.9794
1994,2,2,5,172,0.1854
1994,2,3,1,133,-3.5973
1994,2,3,2,150,-2.8769
1994,2,3,3,149,-1.0551
1994,2,3,4,149,-2.0840
1994,2,3,5,103,0.7474
1994,3,1,1,447,-5.4101
1994,3,1,2,215,-4.4237
1994,3,1,3,179,-4.1701
1994,3,1,4,280,-3.9709
1994,3,1,5,602,-4.3716
1994,3,2,1,120,-5.1067
1994,3,2,2,85,-4.3518
1994,3,2,3,100,-5.9070
1994,3,2,4,102,-3.8862
1994,3,2,5,159,-6.0047
1994,3,3,1,125,-3.3814
1994,3,3,2,146,-4.2571
1994,3,3,3,158,-4.2795
1994,3,3,4,150,-5.0797
1994,3,3,5,113,-4.2465
1994,4,1,1,582,-1.1538
1994,4,1,2,252,0.7189
1994,4,1,3,200,-0.1079
1994,4,1,4,202,-1.2657
1994,4,1,5,495,-2.1989
1994,4,2,1,149,-0.8770
1994,4,2,2,110,0.8804
1994,4,2,3,110,1.7491
1994,4,2,4,83,-0.1731
1994,4,2,5,110,-0.2098
1994,4,3,1,81,-1.4734
1994,4,3,2,123,-0.3262
1994,4,3,3,152,2.4811
1994,4,3,4,178,0.9055
1994,4,3,5,154,0.8371
1994,5,1,1,768,-0.4278
1994,5,1,2,229,-0.9545
1994,5,1,3,152,-0.2610
1994,5,1,4,189,0.4896
1994,5,1,5,392,0.4083
1994,5,2,1,132,-1.0155
1994,5,2,2,110,-2.3976
1994,5,2,3,87,-0.9014
1994,5,2,4,95,-0.8613
1994,5,2,5,139,-2.2528
1994,5,3,1,80,-1.5168
1994,5,3,2,143,-0.0919
1994,5,3,3,145,1.1102
1994,5,3,4,150,1.2672
1994,5,3,5,166,1.2870
1994,6,1,1,519,-4.7674
1994,6,1,2,249,-3.0638
1994,6,1,3,242,-3.2674
1994,6,1,4,243,-2.2632
1994,6,1,5,463,-2.7045
1994,6,2,1,124,-3.9976
1994,6,2,2,115,-3.8721
1994,6,2,3,110,-0.5161
1994,6,2,4,88,-1.8149
1994,6,2,5,129,-3.2413
1994,6,3,1,110,-4.5115
1994,6,3,2,147,-2.4285
1994,6,3,3,151,-2.4558
1994,6,3,4,155,-1.8572
1994,6,3,5,130,-2.4480
1994,7,1,1,745,1.4036
1994,7,1,2,306,0.2031
1994,7,1,3,208,1.2174
1994,7,1,4,146,2.2028
1994,7,1,5,341,2.9634
1994,7,2,1,140,1.9287
1994,7,2,2,110,1.8943
1994,7,2,3,103,1.1220
1994,7,2,4,86,0.9786
1994,7,2,5,112,1.4075
1994,7,3,1,92,4.1772
1994,7,3,2,135,2.5651
1994,7,3,3,148,4.1852
1994,7,3,4,157,3.7567
1994,7,3,5,155,2.7058
1994,8,1,1,661,3.3336
1994,8,1,2,267,4.1859
1994,8,1,3,176,6.3037
1994,8,1,4,202,2.3203
1994,8,1,5,447,2.3224
1994,8,2,1,140,6.6093
1994,8,2,2,134,6.6955
1994,8,2,3,72,5.7356
1994,8,2,4,94,4.2346
1994,8,2,5,121,8.5779
1994,8,3,1,91,3.6341
1994,8,3,2,130,4.4713
1994,8,3,3,159,4.2607
1994,8,3,4,159,3.7868
1994,8,3,5,147,4.6971
1994,9,1,1,459,-0.3394
1994,9,1,2,286,1.9785
1994,9,1,3,258,0.4321
1994,9,1,4,230,0.7908
1994,9,1,5,515,1.7991
1994,9,2,1,109,-2.4323
1994,9,2,2,99,0.6216
1994,9,2,3,94,-1.5153
1994,9,2,4,107,-0.2996
1994,9,2,5,152,-1.5947
1994,9,3,1,114,-2.7650
1994,9,3,2,142,-0.7609
1994,9,3,3,140,-1.7602
1994,9,3,4,150,-2.6843
1994,9,3,5,142,-1.2773
1994,10,1,1,570,0.5481
1994,10,1,2,272,0.0508
1994,10,1,3,250,0.7653
1994,10,1,4,199,3.0251
1994,10,1,5,455,0.8106
1994,10,2,1,130,-1.9356
1994,10,2,2,113,-0.2388
1994,10,2,3,110,1.9841
1994,10,2,4,85,1.5233
1994,10,2,5,124,0.1422
1994,10,3,1,80,4.0204
1994,10,3,2,134,-1.0346
1994,10,3,3,150,2.4786
1994,10,3,4,147,2.3828
1994,10,3,5,180,3.1185
1994,11,1,1,651,-3.7523
1994,11,1,2,232,-3.3667
1994,11,1,3,176,-1.0509
1994,11,1,4,207,-1.6668
1994,11,1,5,480,-2.5310
1994,11,2,1,124,-5.1022
1994,11,2,2,89,-2.9967
1994,11,2,3,94,-3.6684
1994,11,2,4,94,-3.5093
1994,11,2,5,167,-2.8365
1994,11,3,1,105,-5.7827
1994,11,3,2,144,-3.6988
1994,11,3,3,154,-2.6899
1994,11,3,4,153,-1.6990
1994,11,3,5,133,-2.1609
1994,12,1,1,797,-0.5020
1994,12,1,2,267,-1.4711
1994,12,1,3,143,-0.5071
1994,12,1,4,147,-0.2412
1994,12,1,5,381,-0.6832
1994,12,2,1,129,2.8353
1994,12,2,2,116,1.2032
1994,12,2,3,90,3.5088
1994,12,2,4,96,3.5513
1994,12,2,5,148,2.0239
1994,12,3,1,82,1.1044
1994,12,3,2,133,0.7937
1994,12,3,3,156,1.3818
1994,12,3,4,160,0.7645
1994,12,3,5,165,2.8498
1995,1,1,1,250,0.2036
1995,1,1,2,181,1.9887
1995,1,1,3,232,2.2811
1995,1,1,4,322,2.9587
1995,1,1,5,727,2.6172
1995,1,2,1,93,-1.5006
1995,1,2,2,86,-0.8312
1995,1,2,3,108,-1.1639
1995,1,2,4,133,-2.1405
1995,1,2,5,161,-0.2994
1995,1,3,1,147,4.3328
1995,1,3,2,159,2.5703
1995,1,3,3,147,1.3308
1995,1,3,4,144,-0.0762
1995,1,3,5,107,-1.2776
1995,2,1,1,520,2.0374
1995,2,1,2,196,3.1627
1995,2,1,3,176,2.9794
1995,2,1,4,243,3.5430
1995,2,1,5,591,2.3949
1995,2,2,1,105,3.3828
1995,2,2,2,92,3.0639
1995,2,2,3,98,4.6446
1995,2,2,4,118,3.0166
1995,2,2,5,158,4.3526
1995,2,3,1,132,2.6024
1995,2,3,2,156,3.1080
1995,2,3,3,151,3.9274
1995,2,3,4,142,5.4602
1995,2,3,5,118,5.8187
1995,3,1,1,471,1.5357
1995,3,1,2,209,0.6423
1995,3,1,3,218,1.8665
1995,3,1,4,240,1.7776
1995,3,1,5,590,1.1883
1995,3,2,1,118,1.5855
1995,3,2,2,94,2.8572
1995,3,2,3,81,1.0829
1995,3,2,4,99,1.9855
1995,3,2,5,164,1.8154
1995,3,3,1,134,4.0497
1995,3,3,2,152,2.9130
1995,3,3,3,143,1.9662
1995,3,3,4,157,3.5641
1995,3,3,5,122,2.5315
1995,4,1,1,565,3.9730
1995,4,1,2,221,2.1199
1995,4,1,3,187,3.0809
1995,4,1,4,200,3.5525
1995,4,1,5,520,3.8385
1995,4,2,1,167,2.5873
1995,4,2,2,109,3.6946
1995,4,2,3,93,1.7950
1995,4,2,4,91,2.2680
1995,4,2,5,117,2.3982
1995,4,3,1,104,4.3875
1995,4,3,2,130,3.5177
1995,4,3,3,169,2.8468
1995,4,3,4,158,2.8875
1995,4,3,5,154,2.5510
1995,5,1,1,658,1.7036
1995,5,1,2,203,1.0089
1995,5,1,3,187,2.8496
1995,5,1,4,210,5.8209
1995,5,1,5,435,2.3659
1995,5,2,1,147,1.7431
1995,5,2,2,97,2.2498
1995,5,2,3,111,0.8232
1995,5,2,4,91,0.0798
1995,5,2,5,151,0.4440
1995,5,3,1,82,2.0427
1995,5,3,2,152,4.2705
1995,5,3,3,143,2.5833
1995,5,3,4,168,2.6379
1995,5,3,5,169,4.5704
1995,6,1,1,483,5.8544
1995,6,1,2,275,4.7754
1995,6,1,3,232,3.8515
1995,6,1,4,218,6.1541
1995,6,1,5,490,5.9409
1995,6,2,1,115,5.9134
1995,6,2,2,118,4.4987
1995,6,2,3,109,4.1175
1995,6,2,4,110,4.7577
1995,6,2,5,143,5.8802
1995,6,3,1,111,4.1385
1995,6,3,2,160,3.2396
1995,6,3,3,151,2.4687
1995,6,3,4,159,2.5059
1995,6,3,5,132,3.0957
1995,7,1,1,627,5.5596
1995,7,1,2,276,4.2256
1995,7,1,3,206,4.4242
1995,7,1,4,161,3.7001
1995,7,1,5,402,5.0720
1995,7,2,1,160,5.9880
1995,7,2,2,113,5.8489
1995,7,2,3,115,4.7390
1995,7,2,4,84,3.4890
1995,7,2,5,136,6.5347
1995,7,3,1,114,4.2478
1995,7,3,2,146,3.4538
1995,7,3,3,161,3.3413
1995,7,3,4,149,1.7908
1995,7,3,5,162,6.0628
1995,8,1,1,606,4.6377
1995,8,1,2,271,3.6730
1995,8,1,3,205,3.8622
1995,8,1,4,150,4.9771
1995,8,1,5,445,5.3025
1995,8,2,1,166,-0.1771
1995,8,2,2,96,0.9928
1995,8,2,3,112,1.8129
1995,8,2,4,105,0.4754
1995,8,2,5,137,2.6286
1995,8,3,1,100,0.0823
1995,8,3,2,147,-0.1523
1995,8,3,3,147,0.0492
1995,8,3,4,175,-0.7592
1995,8,3,5,156,1.3467
1995,9,1,1,478,3.5491
1995,9,1,2,228,2.0487
1995,9,1,3,233,1.3794
1995,9,1,4,218,2.0283
1995,9,1,5,508,2.1077
1995,9,2,1,140,1.5777
1995,9,2,2,90,1.5302
1995,9,2,3,126,2.1147
1995,9,2,4,101,1.0889
1995,9,2,5,170,1.2121
1995,9,3,1,119,1.5950
1995,9,3,2,163,4.3465
1995,9,3,3,148,5.1851
1995,9,3,4,155,2.9548
1995,9,3,5,149,3.1179
1995,10,1,1,517,-6.5244
1995,10,1,2,278,-5.1812
1995,10,1,3,196,-2.8756
1995,10,1,4,191,-5.5483
1995,10,1,5,482,-6.3854
1995,10,2,1,139,-7.6980
1995,10,2,2,125,-5.5003
1995,10,2,3,90,-4.2670
1995,10,2,4,91,-4.6382
1995,10,2,5,175,-5.6717
1995,10,3,1,100,-2.0103
1995,10,3,2,135,-0.2669
1995,10,3,3,158,-2.4246
1995,10,3,4,172,0.4999
1995,10,3,5,169,1.4468
1995,11,1,1,545,0.9509
1995,11,1,2,218,1.2276
1995,11,1,3,183,2.4597
1995,11,1,4,229,1.5589
1995,11,1,5,474,1.0229
1995,11,2,1,149,6.0070
1995,11,2,2,101,4.2753
1995,11,2,3,97,5.1025
1995,11,2,4,96,2.2067
1995,11,2,5,183,4.9210
1995,11,3,1,120,4.4019
1995,11,3,2,153,2.6185
1995,11,3,3,162,5.1817
1995,11,3,4,153,2.1823
1995,11,3,5,148,4.4772
1995,12,1,1,773,1.0880
1995,12,1,2,197,0.6853
1995,12,1,3,150,1.2625
1995,12,1,4,196,2.0426
1995,12,1,5,336,1.2343
1995,12,2,1,149,3.7411
1995,12,2,2,114,0.9894
1995,12,2,3,92,0.7454
1995,12,2,4,102,1.9601
1995,12,2,5,158,1.9567
1995,12,3,1,98,3.7182
1995,12,3,2,131,1.6091
1995,12,3,3,159,2.8849
1995,12,3,4,182,0.5527
1995,12,3,5,166,0.4066
1996,1,1,1,232,2.5965
1996,1,1,2,180,1.4251
1996,1,1,3,256,0.3058
1996,1,1,4,319,1.4095
1996,1,1,5,660,1.6977
1996,1,2,1,80,2.3476
1996,1,2,2,105,-0.5715
1996,1,2,3,124,0.4228
1996,1,2,4,123,-0.3786
1996,1,2,5,180,0.1373
1996,1,3,1,177,3.1501
1996,1,3,2,156,0.9250
1996,1,3,3,146,5.4612
1996,1,3,4,142,3.0082
1996,1,3,5,115,2.3888
1996,2,1,1,485,3.5744
1996,2,1,2,151,1.3568
1996,2,1,3,183,2.6682
1996,2,1,4,265,4.2111
1996,2,1,5,559,3.9952
1996,2,2,1,131,2.0985
1996,2,2,2,95,2.7180
1996,2,2,3,96,3.2835
1996,2,2,4,114,2.9277
1996,2,2,5,169,6.2641
1996,2,3,1,155,-0.6584
1996,2,3,2,157,0.7309
1996,2,3,3,165,0.1243
1996,2,3,4,135,3.2485
1996,2,3,5,124,4.2392
1996,3,1,1,461,1.5931
1996,3,1,2,209,2.2742
1996,3,1,3,169,1.6869
1996,3,1,4,224,2.6901
1996,3,1,5,557,3.2922
1996,3,2,1,137,2.1283
1996,3,2,2,107,2.6437
1996,3,2,3,92,2.4116
1996,3,2,4,111,2.0772
1996,3,2,5,172,1.7599
1996,3,3,1,137,-1.8503
1996,3,3,2,160,1.4056
1996,3,3,3,168,1.9556
1996,3,3,4,144,1.2148
1996,3,3,5,124,1.3404
1996,4,1,1,590,8.6818
1996,4,1,2,260,6.8285
1996,4,1,3,230,7.0605
1996,4,1,4,170,7.8007
1996,4,1,5,383,8.4817
1996,4,2,1,181,7.5260
1996,4,2,2,126,3.0527
1996,4,2,3,90,3.9050
1996,4,2,4,74,6.8540
1996,4,2,5,132,8.1494
1996,4,3,1,127,5.1300
1996,4,3,2,146,2.6586
1996,4,3,3,140,1.4009
1996,4,3,4,165,0.5082
1996,4,3,5,151,2.8828
1996,5,1,1,539,8.6864
1996,5,1,2,205,5.7151
1996,5,1,3,211,6.5357
1996,5,1,4,203,5.1966
1996,5,1,5,470,10.0006
1996,5,2,1,140,4.7087
1996,5,2,2,120,3.6236
1996,5,2,3,99,4.2606
1996,5,2,4,102,4.1785
1996,5,2,5,152,5.2158
1996,5,3,1,119,2.1279
1996,5,3,2,135,1.8882
1996,5,3,3,156,2.3421
1996,5,3,4,165,3.2653
1996,5,3,5,166,2.9846
1996,6,1,1,520,-7.0788
1996,6,1,2,245,-4.2134
1996,6,1,3,196,-4.3467
1996,6,1,4,217,-3.5898
1996,6,1,5,449,-5.0175
1996,6,2,1,161,-5.9460
1996,6,2,2,107,-3.0806
1996,6,2,3,109,-1.6690
1996,6,2,4,124,-2.8887
1996,6,2,5,126,-3.9373
1996,6,3,1,134,-2.8669
1996,6,3,2,149,-0.2917
1996,6,3,3,161,0.8366
1996,6,3,4,159,1.0211
1996,6,3,5,138,-0.0854
1996,7,1,1,636,-8.4629
1996,7,1,2,258,-6.5565
1996,7,1,3,185,-7.3554
1996,7,1,4,149,-8.5161
1996,7,1,5,390,-9.2303
1996,7,2,1,188,-9.9226
1996,7,2,2,98,-8.0189
1996,7,2,3,115,-9.2303
1996,7,2,4,97,-8.0782
1996,7,2,5,143,-11.7261
1996,7,3,1,103,-4.6861
1996,7,3,2,162,-5.2688
1996,7,3,3,139,-5.2428
1996,7,3,4,164,-4.5395
1996,7,3,5,176,-5.2028
1996,8,1,1,637,2.6626
1996,8,1,2,231,3.5640
1996,8,1,3,153,2.9156
1996,8,1,4,192,3.9322
1996,8,1,5,418,6.3203
1996,8,2,1,140,6.5326
1996,8,2,2,111,5.4295
1996,8,2,3,94,4.1200
1996,8,2,4,104,5.1480
1996,8,2,5,195,7.2264
1996,8,3,1,94,3.1484
1996,8,3,2,153,1.8189
1996,8,3,3,160,2.9083
1996,8,3,4,169,2.9722
1996,8,3,5,165,1.3631
1996,9,1,1,416,1.3277
1996,9,1,2,211,0.6549
1996,9,1,3,198,0.9098
1996,9,1,4,192,1.5030
1996,9,1,5,639,2.8419
1996,9,2,1,113,2.2588
1996,9,2,2,97,2.5138
1996,9,2,3,91,1.9957
1996,9,2,4,119,0.8036
1996,9,2,5,205,5.1497
1996,9,3,1,131,5.0151
1996,9,3,2,143,5.3659
1996,9,3,3,154,5.0673
1996,9,3,4,157,3.6455
1996,9,3,5,161,9.0160
1996,10,1,1,504,-2.5780
1996,10,1,2,216,-0.6260
1996,10,1,3,195,0.3350
1996,10,1,4,205,-1.0844
1996,10,1,5,529,-3.0466
1996,10,2,1,133,2.4115
1996,10,2,2,105,0.8866
1996,10,2,3,93,-0.5719
1996,10,2,4,109,-0.4454
1996,10,2,5,194,-1.2642
1996,10,3,1,97,3.3604
1996,10,3,2,148,3.1596
1996,10,3,3,163,1.9928
1996,10,3,4,153,1.2087
1996,10,3,5,182,-0.3962
1996,11,1,1,418,3.3950
1996,11,1,2,233,3.6519
1996,11,1,3,173,0.7462
1996,11,1,4,243,3.1337
1996,11,1,5,594,3.3030
1996,11,2,1,129,5.2240
1996,11,2,2,107,4.9947
1996,11,2,3,99,3.3086
1996,11,2,4,101,4.9590
1996,11,2,5,193,2.2094
1996,11,3,1,136,6.0051
1996,11,3,2,163,6.8941
1996,11,3,3,165,6.1404
1996,11,3,4,145,6.9472
1996,11,3,5,143,9.0430
1996,12,1,1,785,-0.9686
1996,12,1,2,253,1.7004
1996,12,1,3,137,1.8437
1996,12,1,4,197,2.9377
1996,12,1,5,297,0.3761
1996,12,2,1,155,2.1632
1996,12,2,2,99,0.1891
1996,12,2,3,115,1.9440
1996,12,2,4,118,2.7065
1996,12,2,5,157,3.8147
1996,12,3,1,103,-2.8305
1996,12,3,2,159,-0.3398
1996,12,3,3,154,-0.1911
1996,12,3,4,186,-1.7180
1996,12,3,5,153,-3.0664
1997,1,1,1,251,4.1381
1997,1,1,2,155,1.7359
1997,1,1,3,204,4.5311
1997,1,1,4,282,5.6063
1997,1,1,5,773,6.2839
1997,1,2,1,128,1.2598
1997,1,2,2,92,3.1510
1997,1,2,3,100,2.0161
1997,1,2,4,130,4.7072
1997,1,2,5,183,2.9636
1997,1,3,1,152,6.1144
1997,1,3,2,171,4.5973
1997,1,3,3,172,5.4233
1997,1,3,4,158,6.3407
1997,1,3,5,113,7.9633
1997,2,1,1,610,-2.3765
1997,2,1,2,189,-2.4611
1997,2,1,3,191,-3.2649
1997,2,1,4,211,-2.0468
1997,2,1,5,482,-1.6587
1997,2,2,1,180,-3.0014
1997,2,2,2,84,-1.0309
1997,2,2,3,101,-0.6634
1997,2,2,4,118,-2.0144
1997,2,2,5,135,-3.7976
1997,2,3,1,140,1.7301
1997,2,3,2,162,0.1414
1997,2,3,3,179,-1.4054
1997,2,3,4,135,0.7087
1997,2,3,5,158,-3.0864
1997,3,1,1,617,-5.8437
1997,3,1,2,209,-4.7481
1997,3,1,3,194,-3.4423
1997,3,1,4,226,-2.0210
1997,3,1,5,446,-4.7268
1997,3,2,1,176,-4.6015
1997,3,2,2,107,-2.0929
1997,3,2,3,88,-1.4094
1997,3,2,4,99,-3.3019
1997,3,2,5,141,-3.2107
1997,3,3,1,138,-4.8660
1997,3,3,2,160,-4.3187
1997,3,3,3,163,-3.2944
1997,3,3,4,171,-3.5436
1997,3,3,5,149,-3.2141
1997,4,1,1,673,-5.7711
1997,4,1,2,321,-4.7565
1997,4,1,3,212,-4.1367
1997,4,1,4,183,-3.3994
1997,4,1,5,325,-4.3092
1997,4,2,1,153,-1.4345
1997,4,2,2,138,2.8499
1997,4,2,3,110,0.7840
1997,4,2,4,93,0.7820
1997,4,2,5,118,-0.4678
1997,4,3,1,147,1.0944
1997,4,3,2,162,5.6041
1997,4,3,3,145,6.2492
1997,4,3,4,163,6.2127
1997,4,3,5,172,5.0314
1997,5,1,1,588,9.6705
1997,5,1,2,230,10.0558
1997,5,1,3,183,9.8398
1997,5,1,4,195,11.3088
1997,5,1,5,539,11.9704
1997,5,2,1,142,11.1477
1997,5,2,2,124,11.3377
1997,5,2,3,98,13.0860
1997,5,2,4,83,14.4717
1997,5,2,5,155,14.6334
1997,5,3,1,117,6.7507
1997,5,3,2,147,7.3268
1997,5,3,3,170,6.5710
1997,5,3,4,173,6.0291
1997,5,3,5,185,6.7051
1997,6,1,1,584,2.1364
1997,6,1,2,244,5.5110
1997,6,1,3,205,3.9929
1997,6,1,4,178,4.6914
1997,6,1,5,533,4.4680
1997,6,2,1,130,5.8789
1997,6,2,2,122,4.1856
1997,6,2,3,100,3.6368
1997,6,2,4,105,5.3095
1997,6,2,5,149,4.6963
1997,6,3,1,123,3.6408
1997,6,3,2,145,4.2784
1997,6,3,3,175,5.4836
1997,6,3,4,165,2.7273
1997,6,3,5,188,2.5875
1997,7,1,1,633,3.8481
1997,7,1,2,278,6.0531
1997,7,1,3,178,2.9160
1997,7,1,4,188,6.2282
1997,7,1,5,471,5.0864
1997,7,2,1,138,5.4605
1997,7,2,2,118,5.1437
1997,7,2,3,102,5.8865
1997,7,2,4,94,6.8634
1997,7,2,5,153,7.1653
1997,7,3,1,119,7.3483
1997,7,3,2,163,8.9702
1997,7,3,3,169,5.1871
1997,7,3,4,169,5.8426
1997,7,3,5,177,9.9063
1997,8,1,1,597,5.4621
1997,8,1,2,249,3.8977
1997,8,1,3,171,4.5738
1997,8,1,4,200,2.8192
1997,8,1,5,525,5.9851
1997,8,2,1,123,2.2523
1997,8,2,2,108,3.9190
1997,8,2,3,81,3.2675
1997,8,2,4,106,2.8274
1997,8,2,5,176,4.4008
1997,8,3,1,114,-4.5736
1997,8,3,2,159,-3.7474
1997,8,3,3,180,-6.3263
1997,8,3,4,162,-4.5777
1997,8,3,5,189,-1.5330
1997,9,1,1,488,8.4462
1997,9,1,2,209,6.8938
1997,9,1,3,189,6.9118
1997,9,1,4,228,9.8319
1997,9,1,5,638,10.0122
1997,9,2,1,128,8.3928
1997,9,2,2,88,7.9256
1997,9,2,3,94,6.2211
1997,9,2,4,99,6.3017
1997,9,2,5,185,7.9354
1997,9,3,1,134,3.6473
1997,9,3,2,153,4.8388
1997,9,3,3,162,5.6237
1997,9,3,4,172,5.1367
1997,9,3,5,175,4.3173
1997,10,1,1,586,-3.3741
1997,10,1,2,225,-2.2747
1997,10,1,3,189,-2.8282
1997,10,1,4,230,-2.6920
1997,10,1,5,518,-2.1426
1997,10,2,1,140,-6.0630
1997,10,2,2,123,-3.2647
1997,10,2,3,100,-3.6675
1997,10,2,4,89,-1.5280
1997,10,2,5,150,-4.5529
1997,10,3,1,112,-7.3117
1997,10,3,2,138,-4.1862
1997,10,3,3,157,-3.4649
1997,10,3,4,177,-5.5308
1997,10,3,5,200,-1.3195
1997,11,1,1,566,-3.3259
1997,11,1,2,246,-1.0075
1997,11,1,3,214,-1.4672
1997,11,1,4,215,-0.0901
1997,11,1,5,507,-2.6617
1997,11,2,1,112,-2.2799
1997,11,2,2,106,2.1072
1997,11,2,3,92,-1.6438
1997,11,2,4,97,-0.5832
1997,11,2,5,191,-1.0455
1997,11,3,1,148,4.0180
1997,11,3,2,153,3.5088
1997,11,3,3,170,3.8641
1997,11,3,4,166,6.1655
1997,11,3,5,153,3.6394
1997,12,1,1,754,-4.8507
1997,12,1,2,272,-2.0583
1997,12,1,3,170,-0.2217
1997,12,1,4,193,-2.6235
1997,12,1,5,366,-2.6937
1997,12,2,1,126,-3.4068
1997,12,2,2,96,-0.1355
1997,12,2,3,88,1.7463
1997,12,2,4,113,2.3672
1997,12,2,5,177,2.0209
1997,12,3,1,138,-1.8390
1997,12,3,2,167,2.0065
1997,12,3,3,175,3.2092
1997,12,3,4,170,0.1177
1997,12,3,5,137,-0.1147
1998,1,1,1,425,-1.1164
1998,1,1,2,212,1.2982
1998,1,1,3,173,-1.0909
1998,1,1,4,242,-0.3626
1998,1,1,5,709,-0.0918
1998,1,2,1,161,-2.3825
1998,1,2,2,115,-0.5209
1998,1,2,3,79,-0.8602
1998,1,2,4,102,-0.4064
1998,1,2,5,139,1.5133
1998,1,3,1,142,2.3084
1998,1,3,2,150,1.1905
1998,1,3,3,185,2.3560
1998,1,3,4,158,-0.9723
1998,1,3,5,150,4.4378
1998,2,1,1,667,5.9747
1998,2,1,2,209,4.4455
1998,2,1,3,209,5.4376
1998,2,1,4,218,5.8768
1998,2,1,5,453,6.5704
1998,2,2,1,162,6.4803
1998,2,2,2,83,6.0450
1998,2,2,3,93,6.5300
1998,2,2,4,106,8.2761
1998,2,2,5,149,11.0363
1998,2,3,1,129,5.7676
1998,2,3,2,164,3.1035
1998,2,3,3,158,8.8017
1998,2,3,4,162,8.0876
1998,2,3,5,167,8.6440
1998,3,1,1,640,3.7019
1998,3,1,2,235,4.7349
1998,3,1,3,204,3.5698
1998,3,1,4,228,5.7001
1998,3,1,5,442,4.3176
1998,3,2,1,149,3.0438
1998,3,2,2,97,4.7802
1998,3,2,3,110,3.6073
1998,3,2,4,90,2.6736
1998,3,2,5,145,3.4592
1998,3,3,1,131,1.9942
1998,3,3,2,154,4.4612
1998,3,3,3,169,5.7047
1998,3,3,4,178,4.2214
1998,3,3,5,159,6.2004
1998,4,1,1,564,1.8411
1998,4,1,2,222,2.0279
1998,4,1,3,223,1.0274
1998,4,1,4,254,2.5465
1998,4,1,5,490,3.0306
1998,4,2,1,147,1.3966
1998,4,2,2,93,-0.4573
1998,4,2,3,79,-1.5482
1998,4,2,4,108,1.0056
1998,4,2,5,167,0.3295
1998,4,3,1,153,-0.9650
1998,4,3,2,151,-0.4356
1998,4,3,3,174,-1.3734
1998,4,3,4,153,1.8546
1998,4,3,5,158,4.4027
1998,5,1,1,439,-4.4783
1998,5,1,2,217,-3.3714
1998,5,1,3,165,-3.7681
1998,5,1,4,232,-3.0321
1998,5,1,5,696,-5.5891
1998,5,2,1,119,-5.2302
1998,5,2,2,96,-3.5456
1998,5,2,3,96,-4.6193
1998,5,2,4,108,-5.4920
1998,5,2,5,182,-5.5694
1998,5,3,1,133,-2.9955
1998,5,3,2,160,-1.5915
1998,5,3,3,160,-3.1991
1998,5,3,4,175,0.2376
1998,5,3,5,159,-3.7488
1998,6,1,1,607,-3.5709
1998,6,1,2,260,-1.8639
1998,6,1,3,198,-2.7887
1998,6,1,4,225,-2.6474
1998,6,1,5,477,-3.1695
1998,6,2,1,138,-2.8406
1998,6,2,2,113,-1.6582
1998,6,2,3,98,0.0780
1998,6,2,4,116,0.1487
1998,6,2,5,127,-3.7669
1998,6,3,1,118,0.5021
1998,6,3,2,144,2.2018
1998,6,3,3,176,6.0384
1998,6,3,4,163,2.0251
1998,6,3,5,194,5.4394
1998,7,1,1,604,-7.6094
1998,7,1,2,266,-7.3499
1998,7,1,3,179,-6.3908
1998,7,1,4,225,-6.5191
1998,7,1,5,443,-6.7517
1998,7,2,1,161,-11.3040
1998,7,2,2,124,-8.5754
1998,7,2,3,92,-5.6445
1998,7,2,4,94,-8.4327
1998,7,2,5,139,-9.3163
1998,7,3,1,136,-0.3000
1998,7,3,2,148,-3.3092
1998,7,3,3,169,-1.1815
1998,7,3,4,168,-3.2885
1998,7,3,5,178,1.4347
1998,8,1,1,616,-19.0707
1998,8,1,2,191,-16.7473
1998,8,1,3,167,-20.5294
1998,8,1,4,210,-16.9763
1998,8,1,5,557,-21.9566
1998,8,2,1,129,-17.4059
1998,8,2,2,85,-12.9762
1998,8,2,3,91,-17.3870
1998,8,2,4,111,-17.0050
1998,8,2,5,190,-23.6754
1998,8,3,1,123,-11.8859
1998,8,3,2,150,-10.9177
1998,8,3,3,154,-12.1232
1998,8,3,4,156,-13.5763
1998,8,3,5,208,-15.6164
1998,9,1,1,497,3.3427
1998,9,1,2,222,1.4091
1998,9,1,3,199,2.9291
1998,9,1,4,254,5.3997
1998,9,1,5,591,7.5355
1998,9,2,1,120,5.5991
1998,9,2,2,93,5.8898
1998,9,2,3,110,4.4915
1998,9,2,4,116,6.2602
1998,9,2,5,157,10.1710
1998,9,3,1,134,2.7395
1998,9,3,2,144,7.0109
1998,9,3,3,155,7.2989
1998,9,3,4,157,5.8029
1998,9,3,5,199,13.7953
1998,10,1,1,638,3.8707
1998,10,1,2,290,2.7752
1998,10,1,3,210,2.7146
1998,10,1,4,181,5.0957
1998,10,1,5,416,4.2901
1998,10,2,1,145,6.6869
1998,10,2,2,122,4.5564
1998,10,2,3,106,6.1770
1998,10,2,4,83,11.1154
1998,10,2,5,150,7.1319
1998,10,3,1,119,10.2693
1998,10,3,2,155,9.7820
1998,10,3,3,165,7.0136
1998,10,3,4,179,6.3480
1998,10,3,5,189,6.6108
1998,11,1,1,702,5.7264
1998,11,1,2,253,6.6377
1998,11,1,3,186,9.7308
1998,11,1,4,213,7.3932
1998,11,1,5,367,14.4627
1998,11,2,1,171,3.5495
1998,11,2,2,96,2.9506
1998,11,2,3,115,4.9055
1998,11,2,4,109,3.3225
1998,11,2,5,137,4.7265
1998,11,3,1,116,4.1125
1998,11,3,2,157,1.8702
1998,11,3,3,170,7.2286
1998,11,3,4,186,6.1804
1998,11,3,5,173,8.0608
1998,12,1,1,785,-0.9099
1998,12,1,2,272,-0.8030
1998,12,1,3,138,-0.3504
1998,12,1,4,166,1.7979
1998,12,1,5,365,1.4965
1998,12,2,1,134,3.1502
1998,12,2,2,104,2.4708
1998,12,2,3,102,4.6149
1998,12,2,4,116,3.4915
1998,12,2,5,189,5.6416
1998,12,3,1,175,8.7072
1998,12,3,2,178,6.9221
1998,12,3,3,172,4.5186
1998,12,3,4,155,4.8862
1998,12,3,5,133,10.1831
1999,1,1,1,397,5.6899
1999,1,1,2,217,2.3195
1999,1,1,3,190,2.0281
1999,1,1,4,219,3.6748
1999,1,1,5,714,7.1745
1999,1,2,1,184,1.4034
1999,1,2,2,111,-2.0429
1999,1,2,3,91,-3.9272
1999,1,2,4,116,-3.0181
1999,1,2,5,155,2.3225
1999,1,3,1,153,3.5053
1999,1,3,2,158,1.1325
1999,1,3,3,168,3.5250
1999,1,3,4,166,2.1327
1999,1,3,5,168,8.4010
1999,2,1,1,584,-7.2541
1999,2,1,2,223,-6.0387
1999,2,1,3,202,-7.5870
1999,2,1,4,229,-4.8774
1999,2,1,5,459,-5.1652
1999,2,2,1,174,-7.8447
1999,2,2,2,98,-8.2730
1999,2,2,3,121,-9.0644
1999,2,2,4,101,-6.2477
1999,2,2,5,170,-8.0360
1999,2,3,1,131,-1.3330
1999,2,3,2,176,-3.5188
1999,2,3,3,158,-5.2737
1999,2,3,4,180,-6.3579
1999,2,3,5,176,-3.7059
1999,3,1,1,628,-4.9462
1999,3,1,2,245,-2.2511
1999,3,1,3,207,-5.2276
1999,3,1,4,223,-4.7187
1999,3,1,5,402,-0.9283
1999,3,2,1,177,-3.1093
1999,3,2,2,111,-2.5674
1999,3,2,3,96,-0.5549
1999,3,2,4,110,-1.2879
1999,3,2,5,159,6.1231
1999,3,3,1,167,-1.5632
1999,3,3,2,173,1.6196
1999,3,3,3,165,2.5528
1999,3,3,4,172,4.9108
1999,3,3,5,147,12.2520
1999,4,1,1,667,7.2776
1999,4,1,2,237,12.1841
1999,4,1,3,179,8.0461
1999,4,1,4,210,11.4496
1999,4,1,5,405,12.2694
1999,4,2,1,167,6.8481
1999,4,2,2,113,10.8775
1999,4,2,3,104,12.0157
1999,4,2,4,117,15.2842
1999,4,2,5,171,14.2008
1999,4,3,1,149,3.4910
1999,4,3,2,155,4.2486
1999,4,3,3,162,3.8187
1999,4,3,4,158,5.8330
1999,4,3,5,188,0.2661
1999,5,1,1,464,4.9169
1999,5,1,2,186,3.7990
1999,5,1,3,206,2.3069
1999,5,1,4,207,5.4166
1999,5,1,5,644,6.4553
1999,5,2,1,141,5.2931
1999,5,2,2,78,5.0749
1999,5,2,3,104,4.0656
1999,5,2,4,107,5.4167
1999,5,2,5,234,4.4326
1999,5,3,1,146,-1.2181
1999,5,3,2,167,-2.0278
1999,5,3,3,176,-1.0681
1999,5,3,4,163,-1.1271
1999,5,3,5,156,-2.1178
1999,6,1,1,631,1.6904
1999,6,1,2,254,5.4732
1999,6,1,3,189,7.7903
1999,6,1,4,212,5.7921
1999,6,1,5,444,2.5787
1999,6,2,1,157,10.0985
1999,6,2,2,113,6.9532
1999,6,2,3,118,5.3307
1999,6,2,4,105,5.4417
1999,6,2,5,168,6.7207
1999,6,3,1,140,3.0364
1999,6,3,2,162,3.9613
1999,6,3,3,166,6.6244
1999,6,3,4,181,4.6007
1999,6,3,5,160,7.5902
1999,7,1,1,681,0.5010
1999,7,1,2,242,2.6556
1999,7,1,3,173,2.2859
1999,7,1,4,235,-0.1720
1999,7,1,5,368,2.4664
1999,7,2,1,169,-1.1178
1999,7,2,2,131,0.1011
1999,7,2,3,85,-1.3758
1999,7,2,4,120,-1.7621
1999,7,2,5,161,-0.4621
1999,7,3,1,118,-2.6897
1999,7,3,2,145,-2.3248
1999,7,3,3,169,-4.1801
1999,7,3,4,158,-2.8295
1999,7,3,5,202,0.6091
1999,8,1,1,486,-2.6316
1999,8,1,2,201,-4.0335
1999,8,1,3,196,-2.3651
1999,8,1,4,235,-3.3149
1999,8,1,5,571,-2.0510
1999,8,2,1,108,-3.6385
1999,8,2,2,97,-4.4891
1999,8,2,3,85,-2.5408
1999,8,2,4,133,-2.8679
1999,8,2,5,226,-1.7225
1999,8,3,1,148,-2.5995
1999,8,3,2,163,1.2689
1999,8,3,3,160,3.2037
1999,8,3,4,149,-4.4178
1999,8,3,5,177,3.7137
1999,9,1,1,472,-3.0171
1999,9,1,2,208,-2.0285
1999,9,1,3,188,-3.4174
1999,9,1,4,224,-3.9441
1999,9,1,5,589,-0.9332
1999,9,2,1,150,-1.5638
1999,9,2,2,97,0.1450
1999,9,2,3,96,-0.6950
1999,9,2,4,119,-1.6032
1999,9,2,5,188,-0.0378
1999,9,3,1,120,-3.5567
1999,9,3,2,159,-0.0706
1999,9,3,3,159,-2.8777
1999,9,3,4,158,-4.3345
1999,9,3,5,194,-2.0429
1999,10,1,1,565,-1.6949
1999,10,1,2,293,-1.8010
1999,10,1,3,225,-4.3391
1999,10,1,4,202,-2.5102
1999,10,1,5,376,-1.0963
1999,10,2,1,197,-3.5191
1999,10,2,2,136,-2.6594
1999,10,2,3,95,-3.2311
1999,10,2,4,93,-0.9994
1999,10,2,5,127,-2.4022
1999,10,3,1,146,1.6174
1999,10,3,2,127,7.1847
1999,10,3,3,158,6.5607
1999,10,3,4,168,3.9050
1999,10,3,5,194,5.7537
1999,11,1,1,768,10.5113
1999,11,1,2,256,4.6548
1999,11,1,3,164,6.3951
1999,11,1,4,161,10.8106
1999,11,1,5,299,8.5377
1999,11,2,1,187,8.2677
1999,11,2,2,144,6.1202
1999,11,2,3,97,2.7612
1999,11,2,4,91,4.4174
1999,11,2,5,136,9.3040
1999,11,3,1,101,1.2558
1999,11,3,2,134,6.5125
1999,11,3,3,157,0.6429
1999,11,3,4,197,3.7210
1999,11,3,5,204,4.7815
1999,12,1,1,755,13.1014
1999,12,1,2,261,5.7955
1999,12,1,3,178,6.8081
1999,12,1,4,141,3.4564
1999,12,1,5,296,8.8365
1999,12,2,1,170,11.6359
1999,12,2,2,110,8.8598
1999,12,2,3,86,3.9877
1999,12,2,4,116,3.8282
1999,12,2,5,168,6.5359
1999,12,3,1,190,15.4288
1999,12,3,2,159,8.6505
1999,12,3,3,173,0.2745
1999,12,3,4,150,6.5482
1999,12,3,5,135,5.9201
2000,1,1,1,355,8.4034
2000,1,1,2,229,4.9645
2000,1,1,3,203,4.7838
2000,1,1,4,218,4.9231
2000,1,1,5,589,12.3282
2000,1,2,1,166,-2.7600
2000,1,2,2,118,-4.5238
2000,1,2,3,105,-2.3361
2000,1,2,4,104,-2.0000
2000,1,2,5,167,1.4549
2000,1,3,1,129,1.0467
2000,1,3,2,135,-5.2720
2000,1,3,3,173,-6.8423
2000,1,3,4,169,-5.6300
2000,1,3,5,223,-2.9880
2000,2,1,1,558,16.7296
2000,2,1,2,245,5.1916
2000,2,1,3,200,7.3577
2000,2,1,4,179,8.6135
2000,2,1,5,377,23.3139
2000,2,2,1,178,19.0036
2000,2,2,2,94,8.1502
2000,2,2,3,119,8.4848
2000,2,2,4,103,5.6865
2000,2,2,5,187,13.3160
2000,2,3,1,144,2.0305
2000,2,3,2,151,-0.6852
2000,2,3,3,165,-7.3354
2000,2,3,4,179,4.2043
2000,2,3,5,186,6.8822
2000,3,1,1,535,-0.5140
2000,3,1,2,210,3.2177
2000,3,1,3,169,0.4155
2000,3,1,4,224,-1.6824
2000,3,1,5,358,1.1017
2000,3,2,1,190,-4.4765
2000,3,2,2,120,4.0679
2000,3,2,3,110,-0.1820
2000,3,2,4,97,3.0110
2000,3,2,5,172,4.0460
2000,3,3,1,195,4.6506
2000,3,3,2,157,6.9218
2000,3,3,3,164,7.3312
2000,3,3,4,173,10.9773
2000,3,3,5,180,9.9219
2000,4,1,1,484,-12.2433
2000,4,1,2,185,-6.6878
2000,4,1,3,225,-6.7768
2000,4,1,4,229,-5.3725
2000,4,1,5,382,-11.3798
2000,4,2,1,169,-6.5802
2000,4,2,2,104,-2.0152
2000,4,2,3,121,-2.9853
2000,4,2,4,113,-3.2011
2000,4,2,5,193,-4.8433
2000,4,3,1,148,-5.0008
2000,4,3,2,149,-1.5667
2000,4,3,3,147,-1.8429
2000,4,3,4,162,0.6747
2000,4,3,5,235,-6.5584
2000,5,1,1,412,-8.3172
2000,5,1,2,209,-4.5856
2000,5,1,3,160,-5.2456
2000,5,1,4,222,-3.6867
2000,5,1,5,544,-7.4592
2000,5,2,1,135,-5.1706
2000,5,2,2,94,-1.0305
2000,5,2,3,96,0.6355
2000,5,2,4,126,-2.0146
2000,5,2,5,231,-6.9955
2000,5,3,1,151,-7.1843
2000,5,3,2,154,-1.3843
2000,5,3,3,151,-1.2215
2000,5,3,4,159,-0.4878
2000,5,3,5,194,-8.3203
2000,6,1,1,568,9.8368
2000,6,1,2,255,8.4568
2000,6,1,3,197,1.8280
2000,6,1,4,176,4.8456
2000,6,1,5,397,7.2827
2000,6,2,1,189,16.0634
2000,6,2,2,104,4.1449
2000,6,2,3,104,7.2255
2000,6,2,4,99,2.6201
2000,6,2,5,152,11.7488
2000,6,3,1,128,2.3891
2000,6,3,2,152,3.5984
2000,6,3,3,164,0.5329
2000,6,3,4,166,1.1692
2000,6,3,5,185,9.0640
2000,7,1,1,533,-1.4451
2000,7,1,2,253,-1.7844
2000,7,1,3,195,1.8673
2000,7,1,4,203,0.1445
2000,7,1,5,376,1.6516
2000,7,2,1,185,-2.8218
2000,7,2,2,107,0.5603
2000,7,2,3,106,-0.8038
2000,7,2,4,109,0.6274
2000,7,2,5,142,-3.3780
2000,7,3,1,130,-6.2143
2000,7,3,2,142,-0.0736
2000,7,3,3,147,-2.4181
2000,7,3,4,153,-4.0642
2000,7,3,5,232,-1.7758
2000,8,1,1,488,8.1978
2000,8,1,2,192,4.6920
2000,8,1,3,187,4.5112
2000,8,1,4,244,7.2675
2000,8,1,5,439,8.1414
2000,8,2,1,158,8.1904
2000,8,2,2,110,6.7993
2000,8,2,3,107,5.9489
2000,8,2,4,121,11.0925
2000,8,2,5,176,9.5804
2000,8,3,1,149,5.0931
2000,8,3,2,158,8.5986
2000,8,3,3,164,2.2222
2000,8,3,4,161,1.8564
2000,8,3,5,156,11.4606
2000,9,1,1,486,-5.3683
2000,9,1,2,279,-2.5739
2000,9,1,3,202,-1.1008
2000,9,1,4,189,-0.7101
2000,9,1,5,391,-4.1734
2000,9,2,1,156,-2.9764
2000,9,2,2,122,-4.8523
2000,9,2,3,103,-1.8390
2000,9,2,4,98,-1.7610
2000,9,2,5,189,-2.4884
2000,9,3,1,116,-5.6613
2000,9,3,2,108,-6.3951
2000,9,3,3,176,-3.8785
2000,9,3,4,158,-2.3366
2000,9,3,5,236,-8.6453
2000,10,1,1,619,-6.3786
2000,10,1,2,280,-6.5600
2000,10,1,3,159,-3.7952
2000,10,1,4,191,-7.1197
2000,10,1,5,281,-6.0142
2000,10,2,1,201,-4.8902
2000,10,2,2,143,0.6219
2000,10,2,3,108,-2.0612
2000,10,2,4,88,-1.5998
2000,10,2,5,134,-3.7503
2000,10,3,1,121,-2.8784
2000,10,3,2,159,1.3614
2000,10,3,3,155,0.9766
2000,10,3,4,166,-2.3715
2000,10,3,5,185,2.9991
2000,11,1,1,645,-13.2225
2000,11,1,2,245,-5.4633
2000,11,1,3,183,-7.3898
2000,11,1,4,144,-10.5700
2000,11,1,5,323,-15.5576
2000,11,2,1,166,-12.4497
2000,11,2,2,130,-3.0177
2000,11,2,3,107,-4.5287
2000,11,2,4,110,-6.2630
2000,11,2,5,159,-10.6089
2000,11,3,1,110,-15.7819
2000,11,3,2,132,-5.1551
2000,11,3,3,162,-5.2526
2000,11,3,4,155,-5.7491
2000,11,3,5,219,-10.2498
2000,12,1,1,716,-4.7948
2000,12,1,2,237,-0.5977
2000,12,1,3,184,-0.1171
2000,12,1,4,153,3.9634
2000,12,1,5,269,-1.6465
2000,12,2,1,188,7.7020
2000,12,2,2,120,7.6903
2000,12,2,3,102,8.0700
2000,12,2,4,95,8.8629
2000,12,2,5,172,9.4965
2000,12,3,1,140,3.9426
2000,12,3,2,136,-3.7818
2000,12,3,3,145,-2.5576
2000,12,3,4,163,0.1692
2000,12,3,5,170,3.3506
2001,1,1,1,242,24.5433
2001,1,1,2,196,17.9965
2001,1,1,3,237,18.0799
2001,1,1,4,241,18.7371
2001,1,1,5,655,30.0630
2001,1,2,1,138,8.8835
2001,1,2,2,91,9.4500
2001,1,2,3,103,7.3455
2001,1,2,4,120,10.7420
2001,1,2,5,215,19.3473
2001,1,3,1,125,-3.7203
2001,1,3,2,135,-2.2280
2001,1,3,3,149,1.2651
2001,1,3,4,139,3.2621
2001,1,3,5,205,6.6664
2001,2,1,1,479,-6.8408
2001,2,1,2,254,-3.6677
2001,2,1,3,216,-1.1951
2001,2,1,4,210,-7.3674
2001,2,1,5,398,-5.9183
2001,2,2,1,196,-8.4327
2001,2,2,2,109,-4.8475
2001,2,2,3,115,-4.7129
2001,2,2,4,106,-3.9361
2001,2,2,5,124,-6.6454
2001,2,3,1,152,-19.4232
2001,2,3,2,138,-8.0519
2001,2,3,3,145,-3.9155
2001,2,3,4,164,-4.8799
2001,2,3,5,160,-12.9752
2001,3,1,1,621,-5.5766
2001,3,1,2,255,-0.4766
2001,3,1,3,188,-1.8330
2001,3,1,4,236,-6.7237
2001,3,1,5,302,-6.4098
2001,3,2,1,179,-7.1826
2001,3,2,2,102,-4.6754
2001,3,2,3,111,-2.0982
2001,3,2,4,107,-3.4152
2001,3,2,5,139,-2.4424
2001,3,3,1,133,-5.8511
2001,3,3,2,147,-5.8519
2001,3,3,3,131,-9.6900
2001,3,3,4,161,-6.8556
2001,3,3,5,164,-5.9400
2001,4,1,1,534,9.9279
2001,4,1,2,256,3.7626
2001,4,1,3,240,4.0306
2001,4,1,4,199,7.1569
2001,4,1,5,366,7.2964
2001,4,2,1,137,5.2645
2001,4,2,2,99,7.0734
2001,4,2,3,117,9.5239
2001,4,2,4,123,7.9040
2001,4,2,5,170,11.9921
2001,4,3,1,157,4.7101
2001,4,3,2,141,6.9059
2001,4,3,3,162,6.4949
2001,4,3,4,132,12.4086
2001,4,3,5,145,14.0611
2001,5,1,1,373,11.2796
2001,5,1,2,167,14.6401
2001,5,1,3,188,7.9747
2001,5,1,4,217,11.1314
2001,5,1,5,644,8.2993
2001,5,2,1,120,3.2540
2001,5,2,2,81,3.2081
2001,5,2,3,81,3.2813
2001,5,2,4,128,5.1117
2001,5,2,5,229,4.8636
2001,5,3,1,156,-1.0428
2001,5,3,2,152,0.4919
2001,5,3,3,156,0.2304
2001,5,3,4,134,1.0123
2001,5,3,5,147,1.2471
2001,6,1,1,622,2.1496
2001,6,1,2,266,0.6562
2001,6,1,3,198,3.0764
2001,6,1,4,172,0.8475
2001,6,1,5,320,1.0956
2001,6,2,1,179,6.5199
2001,6,2,2,114,2.3423
2001,6,2,3,105,2.1876
2001,6,2,4,96,5.9473
2001,6,2,5,183,5.1391
2001,6,3,1,121,0.1690
2001,6,3,2,126,-3.4445
2001,6,3,3,157,-2.2071
2001,6,3,4,165,-2.0809
2001,6,3,5,164,-3.2654
2001,7,1,1,470,-3.2201
2001,7,1,2,271,-1.7861
2001,7,1,3,209,-1.3782
2001,7,1,4,201,-0.8053
2001,7,1,5,414,-1.1876
2001,7,2,1,207,-6.1310
2001,7,2,2,123,-1.1693
2001,7,2,3,83,-2.1205
2001,7,2,4,108,-4.4500
2001,7,2,5,165,-6.0687
2001,7,3,1,105,-3.5638
2001,7,3,2,131,0.7689
2001,7,3,3,163,0.4875
2001,7,3,4,145,0.2527
2001,7,3,5,195,-3.5643
2001,8,1,1,449,-3.8556
2001,8,1,2,252,-1.3085
2001,8,1,3,238,-3.5086
2001,8,1,4,239,-0.2458
2001,8,1,5,407,-3.0172
2001,8,2,1,135,-3.8906
2001,8,2,2,115,-2.6616
2001,8,2,3,107,-1.2928
2001,8,2,4,125,-1.3817
2001,8,2,5,190,-4.7864
2001,8,3,1,119,-8.9183
2001,8,3,2,146,-3.3806
2001,8,3,3,159,-4.6843
2001,8,3,4,140,-6.3509
2001,8,3,5,170,-8.0327
2001,9,1,1,518,-16.4024
2001,9,1,2,246,-14.0877
2001,9,1,3,212,-12.8728
2001,9,1,4,207,-12.2531
2001,9,1,5,401,-15.0831
2001,9,2,1,113,-17.8688
2001,9,2,2,94,-14.5009
2001,9,2,3,119,-13.9190
2001,9,2,4,124,-13.9303
2001,9,2,5,206,-17.7116
2001,9,3,1,102,-11.2927
2001,9,3,2,133,-7.1205
2001,9,3,3,127,-4.5747
2001,9,3,4,144,-8.3912
2001,9,3,5,223,-11.7514
2001,10,1,1,576,9.2799
2001,10,1,2,258,4.9146
2001,10,1,3,218,7.5172
2001,10,1,4,218,9.3551
2001,10,1,5,324,9.8208
2001,10,2,1,166,6.8646
2001,10,2,2,117,9.4785
2001,10,2,3,99,7.1698
2001,10,2,4,121,8.7932
2001,10,2,5,157,14.0663
2001,10,3,1,109,4.5125
2001,10,3,2,123,6.3534
2001,10,3,3,152,4.8815
2001,10,3,4,161,0.5009
2001,10,3,5,179,3.1474
2001,11,1,1,479,5.2963
2001,11,1,2,214,8.3242
2001,11,1,3,197,6.9588
2001,11,1,4,189,8.2752
2001,11,1,5,502,12.3159
2001,11,2,1,139,5.6183
2001,11,2,2,101,9.2393
2001,11,2,3,99,5.4641
2001,11,2,4,126,8.1908
2001,11,2,5,209,13.5829
2001,11,3,1,106,3.1267
2001,11,3,2,126,3.4164
2001,11,3,3,138,7.3684
2001,11,3,4,147,5.0776
2001,11,3,5,219,11.9709
2001,12,1,1,641,5.4365
2001,12,1,2,201,7.3582
2001,12,1,3,176,7.4526
2001,12,1,4,186,8.2873
2001,12,1,5,373,10.2276
2001,12,2,1,138,7.8062
2001,12,2,2,114,4.7601
2001,12,2,3,106,7.5957
2001,12,2,4,108,6.7665
2001,12,2,5,217,9.1796
2001,12,3,1,97,0.4416
2001,12,3,2,126,-0.6715
2001,12,3,3,140,1.6424
2001,12,3,4,164,2.1185
2001,12,3,5,212,0.6348
2002,1,1,1,156,3.2773
2002,1,1,2,169,3.1518
2002,1,1,3,144,2.3392
2002,1,1,4,264,2.2112
2002,1,1,5,847,1.2049
2002,1,2,1,116,-0.4578
2002,1,2,2,106,0.4206
2002,1,2,3,89,1.0761
2002,1,2,4,111,0.6149
2002,1,2,5,268,-2.5266
2002,1,3,1,127,1.3965
2002,1,3,2,127,-1.4741
2002,1,3,3,138,2.0388
2002,1,3,4,150,-3.4732
2002,1,3,5,191,0.4142
2002,2,1,1,331,-3.1163
2002,2,1,2,193,-0.9234
2002,2,1,3,204,-1.1019
2002,2,1,4,232,-2.0283
2002,2,1,5,633,-8.4579
2002,2,2,1,111,-0.9048
2002,2,2,2,98,1.2359
2002,2,2,3,111,0.4181
2002,2,2,4,110,0.7423
2002,2,2,5,226,-6.4471
2002,2,3,1,113,-3.9603
2002,2,3,2,141,-2.5226
2002,2,3,3,130,0.5947
2002,2,3,4,143,-0.8843
2002,2,3,5,215,-3.7454
2002,3,1,1,745,9.4349
2002,3,1,2,274,10.7326
2002,3,1,3,211,9.3404
2002,3,1,4,185,11.4044
2002,3,1,5,206,14.0145
2002,3,2,1,226,9.0513
2002,3,2,2,113,9.8429
2002,3,2,3,85,11.3391
2002,3,2,4,118,9.8884
2002,3,2,5,108,9.2623
2002,3,3,1,109,4.8762
2002,3,3,2,134,2.3835
2002,3,3,3,173,3.2221
2002,3,3,4,148,4.0645
2002,3,3,5,159,2.8610
2002,4,1,1,822,-0.6737
2002,4,1,2,227,1.9222
2002,4,1,3,182,4.0296
2002,4,1,4,180,5.9922
2002,4,1,5,209,3.1445
2002,4,2,1,204,-3.5435
2002,4,2,2,127,0.4540
2002,4,2,3,102,1.1275
2002,4,2,4,94,1.7467
2002,4,2,5,124,-1.1630
2002,4,3,1,154,-8.0849
2002,4,3,2,139,-8.8966
2002,4,3,3,138,-3.9723
2002,4,3,4,140,-5.4153
2002,4,3,5,146,-4.6895
2002,5,1,1,553,-3.9097
2002,5,1,2,249,-2.4869
2002,5,1,3,217,-1.8447
2002,5,1,4,236,-0.4957
2002,5,1,5,389,-2.9424
2002,5,2,1,148,-5.8141
2002,5,2,2,93,-5.8357
2002,5,2,3,98,-2.7778
2002,5,2,4,109,-2.8911
2002,5,2,5,182,-5.8861
2002,5,3,1,134,-0.9179
2002,5,3,2,153,-1.3551
2002,5,3,3,132,-0.3597
2002,5,3,4,149,-1.0875
2002,5,3,5,139,-1.6854
2002,6,1,1,389,-3.0687
2002,6,1,2,228,0.0504
2002,6,1,3,232,-5.3814
2002,6,1,4,319,-3.8355
2002,6,1,5,483,-9.1445
2002,6,2,1,88,-4.6551
2002,6,2,2,73,-1.4344
2002,6,2,3,99,-3.3204
2002,6,2,4,117,-3.7202
2002,6,2,5,230,-8.1998
2002,6,3,1,115,-7.5764
2002,6,3,2,140,-3.1271
2002,6,3,3,125,-3.9960
2002,6,3,4,146,-13.6404
2002,6,3,5,180,-7.2944
2002,7,1,1,482,-16.8354
2002,7,1,2,233,-13.2508
2002,7,1,3,224,-14.0790
2002,7,1,4,267,-13.4409
2002,7,1,5,423,-17.1856
2002,7,2,1,167,-18.2885
2002,7,2,2,90,-14.0568
2002,7,2,3,94,-14.8565
2002,7,2,4,113,-14.2053
2002,7,2,5,134,-15.3371
2002,7,3,1,112,-9.7465
2002,7,3,2,123,-8.0377
2002,7,3,3,138,-5.7505
2002,7,3,4,145,-9.8665
2002,7,3,5,178,-6.2986
2002,8,1,1,464,-2.9220
2002,8,1,2,237,-1.5712
2002,8,1,3,256,-1.8062
2002,8,1,4,246,1.3886
2002,8,1,5,438,-1.7478
2002,8,2,1,125,2.9355
2002,8,2,2,100,-2.0445
2002,8,2,3,103,0.4939
2002,8,2,4,102,-0.6153
2002,8,2,5,157,-1.2243
2002,8,3,1,126,-0.9803
2002,8,3,2,134,1.3674
2002,8,3,3,135,0.0505
2002,8,3,4,139,0.2742
2002,8,3,5,169,-0.1797
2002,9,1,1,464,-9.4611
2002,9,1,2,290,-8.4290
2002,9,1,3,255,-6.4459
2002,9,1,4,209,-8.1229
2002,9,1,5,409,-9.3532
2002,9,2,1,114,-11.4797
2002,9,2,2,95,-6.0847
2002,9,2,3,99,-6.1782
2002,9,2,4,109,-6.4058
2002,9,2,5,175,-8.9254
2002,9,3,1,115,-11.7895
2002,9,3,2,128,-11.2264
2002,9,3,3,143,-9.2597
2002,9,3,4,142,-10.0811
2002,9,3,5,177,-10.2931
2002,10,1,1,639,4.1838
2002,10,1,2,316,1.7975
2002,10,1,3,209,2.9597
2002,10,1,4,212,4.8642
2002,10,1,5,274,6.7048
2002,10,2,1,140,3.8560
2002,10,2,2,109,4.9911
2002,10,2,3,103,3.4841
2002,10,2,4,102,5.1130
2002,10,2,5,131,6.5704
2002,10,3,1,83,12.5048
2002,10,3,2,122,5.8518
2002,10,3,3,139,6.9708
2002,10,3,4,172,8.0111
2002,10,3,5,182,9.4878
2002,11,1,1,533,14.4970
2002,11,1,2,278,12.7998
2002,11,1,3,200,10.5110
2002,11,1,4,195,12.6435
2002,11,1,5,418,19.3203
2002,11,2,1,132,10.5353
2002,11,2,2,122,10.9069
2002,11,2,3,102,10.9968
2002,11,2,4,87,4.9274
2002,11,2,5,149,11.4544
2002,11,3,1,92,9.6518
2002,11,3,2,124,8.8471
2002,11,3,3,150,6.1140
2002,11,3,4,168,4.2333
2002,11,3,5,189,6.1720
2002,12,1,1,760,-3.9559
2002,12,1,2,256,-3.9930
2002,12,1,3,174,-4.2729
2002,12,1,4,132,-3.0796
2002,12,1,5,304,-8.7745
2002,12,2,1,118,-7.7776
2002,12,2,2,105,-5.1693
2002,12,2,3,93,-2.9890
2002,12,2,4,107,-3.5976
2002,12,2,5,180,-7.5519
2002,12,3,1,90,-7.4757
2002,12,3,2,130,-4.1696
2002,12,3,3,157,-4.2068
2002,12,3,4,132,-7.4163
2002,12,3,5,210,-8.2552
2003,1,1,1,91,-3.3308
2003,1,1,2,129,-1.8926
2003,1,1,3,196,-3.4181
2003,1,1,4,252,-1.2762
2003,1,1,5,966,-1.5284
2003,1,2,1,95,-4.5156
2003,1,2,2,89,-2.0810
2003,1,2,3,101,-5.2761
2003,1,2,4,117,-4.6086
2003,1,2,5,197,-3.5562
2003,1,3,1,139,-3.4032
2003,1,3,2,154,-3.6456
2003,1,3,3,132,-4.2528
2003,1,3,4,124,-2.9133
2003,1,3,5,161,-1.5286
2003,2,1,1,380,-4.4929
2003,2,1,2,187,-3.8301
2003,2,1,3,199,-3.8781
2003,2,1,4,213,-3.5328
2003,2,1,5,638,-4.0028
2003,2,2,1,112,-4.4814
2003,2,2,2,104,-3.1277
2003,2,2,3,92,-4.2238
2003,2,2,4,89,-4.4757
2003,2,2,5,206,-3.8638
2003,2,3,1,130,-2.9069
2003,2,3,2,126,-1.1114
2003,2,3,3,145,-0.9721
2003,2,3,4,148,-0.9031
2003,2,3,5,160,-0.1861
2003,3,1,1,772,1.6765
2003,3,1,2,239,2.0350
2003,3,1,3,175,-1.6676
2003,3,1,4,202,1.7362
2003,3,1,5,219,0.4657
2003,3,2,1,199,-0.4121
2003,3,2,2,117,0.9098
2003,3,2,3,92,1.4259
2003,3,2,4,81,1.8947
2003,3,2,5,121,1.9028
2003,3,3,1,112,0.2545
2003,3,3,2,138,-0.0101
2003,3,3,3,144,0.7328
2003,3,3,4,171,3.6758
2003,3,3,5,141,1.6903
2003,4,1,1,695,10.4722
2003,4,1,2,279,8.7248
2003,4,1,3,191,9.9583
2003,4,1,4,153,10.5964
2003,4,1,5,277,13.9711
2003,4,2,1,123,8.6856
2003,4,2,2,111,9.8465
2003,4,2,3,107,10.6403
2003,4,2,4,114,13.5736
2003,4,2,5,156,12.6559
2003,4,3,1,141,6.8141
2003,4,3,2,149,9.1653
2003,4,3,3,129,4.6307
2003,4,3,4,142,4.8004
2003,4,3,5,139,10.4442
2003,5,1,1,461,16.3541
2003,5,1,2,236,13.9067
2003,5,1,3,185,12.6247
2003,5,1,4,237,12.0317
2003,5,1,5,484,14.7722
2003,5,2,1,169,15.6140
2003,5,2,2,104,7.8505
2003,5,2,3,83,9.1032
2003,5,2,4,102,8.8647
2003,5,2,5,148,13.9409
2003,5,3,1,174,6.7182
2003,5,3,2,141,3.7870
2003,5,3,3,131,2.6957
2003,5,3,4,133,6.4350
2003,5,3,5,116,9.1026
2003,6,1,1,339,5.8737
2003,6,1,2,254,5.2404
2003,6,1,3,214,7.5860
2003,6,1,4,300,5.9289
2003,6,1,5,481,6.3022
2003,6,2,1,84,3.1076
2003,6,2,2,73,0.0096
2003,6,2,3,91,4.6002
2003,6,2,4,106,2.0840
2003,6,2,5,262,2.0708
2003,6,3,1,118,0.0758
2003,6,3,2,134,0.6507
2003,6,3,3,143,3.3415
2003,6,3,4,126,1.8782
2003,6,3,5,184,0.8597
2003,7,1,1,432,9.9790
2003,7,1,2,286,8.0683
2003,7,1,3,227,7.4234
2003,7,1,4,239,5.7716
2003,7,1,5,422,11.0059
2003,7,2,1,187,5.9544
2003,7,2,2,108,5.3512
2003,7,2,3,74,6.3462
2003,7,2,4,111,6.9648
2003,7,2,5,121,5.0412
2003,7,3,1,134,2.1674
2003,7,3,2,120,0.0231
2003,7,3,3,152,-0.0447
2003,7,3,4,134,1.5502
2003,7,3,5,172,3.8408
2003,8,1,1,510,5.6985
2003,8,1,2,290,4.2482
2003,8,1,3,237,6.6786
2003,8,1,4,226,2.5850
2003,8,1,5,338,4.6169
2003,8,2,1,141,5.6772
2003,8,2,2,104,4.6508
2003,8,2,3,102,7.2327
2003,8,2,4,99,5.9330
2003,8,2,5,148,6.4549
2003,8,3,1,138,4.0069
2003,8,3,2,142,3.8130
2003,8,3,3,135,0.1138
2003,8,3,4,130,2.6071
2003,8,3,5,178,5.5177
2003,9,1,1,460,2.5179
2003,9,1,2,295,4.2396
2003,9,1,3,273,1.5758
2003,9,1,4,250,0.7180
2003,9,1,5,300,3.7628
2003,9,2,1,134,-5.4950
2003,9,2,2,107,-2.6225
2003,9,2,3,114,-3.0864
2003,9,2,4,99,-2.4764
2003,9,2,5,148,-2.3208
2003,9,3,1,132,-4.5447
2003,9,3,2,130,-2.5063
2003,9,3,3,135,0.2225
2003,9,3,4,148,-0.9351
2003,9,3,5,180,-2.2465
2003,10,1,1,535,9.9485
2003,10,1,2,261,8.7235
2003,10,1,3,239,8.3020
2003,10,1,4,197,8.0384
2003,10,1,5,324,10.9623
2003,10,2,1,134,7.9175
2003,10,2,2,119,7.8221
2003,10,2,3,101,8.3659
2003,10,2,4,104,8.3738
2003,10,2,5,158,10.9580
2003,10,3,1,71,2.5248
2003,10,3,2,113,5.7624
2003,10,3,3,135,5.4479
2003,10,3,4,176,3.7267
2003,10,3,5,222,7.5440
2003,11,1,1,495,6.3374
2003,11,1,2,223,3.8586
2003,11,1,3,173,4.5234
2003,11,1,4,195,6.8602
2003,11,1,5,452,3.3751
2003,11,2,1,117,3.3676
2003,11,2,2,78,5.8533
2003,11,2,3,120,3.5565
2003,11,2,4,111,5.0475
2003,11,2,5,194,1.7349
2003,11,3,1,91,0.6763
2003,11,3,2,139,1.8839
2003,11,3,3,148,0.7014
2003,11,3,4,155,2.0266
2003,11,3,5,183,0.6643
2003,12,1,1,648,3.2779
2003,12,1,2,226,4.2567
2003,12,1,3,178,4.9120
2003,12,1,4,146,6.1986
2003,12,1,5,333,1.9698
2003,12,2,1,107,4.2830
2003,12,2,2,82,4.4806
2003,12,2,3,100,3.3517
2003,12,2,4,126,3.7090
2003,12,2,5,197,3.6917
2003,12,3,1,114,5.4185
2003,12,3,2,125,6.2329
2003,12,3,3,139,4.7836
2003,12,3,4,152,2.7425
2003,12,3,5,187,3.5834
2004,1,1,1,98,4.7633
2004,1,1,2,105,5.4623
2004,1,1,3,168,4.4157
2004,1,1,4,277,7.9472
2004,1,1,5,885,9.3785
2004,1,2,1,98,3.1573
2004,1,2,2,87,2.6522
2004,1,2,3,109,0.9607
2004,1,2,4,108,1.9781
2004,1,2,5,212,5.6367
2004,1,3,1,145,2.2794
2004,1,3,2,131,-0.0956
2004,1,3,3,133,1.5147
2004,1,3,4,138,0.9522
2004,1,3,5,155,1.8959
2004,2,1,1,392,1.2499
2004,2,1,2,204,1.1126
2004,2,1,3,191,2.7400
2004,2,1,4,217,0.4182
2004,2,1,5,501,-0.2331
2004,2,2,1,130,0.4108
2004,2,2,2,96,2.4453
2004,2,2,3,87,1.7248
2004,2,2,4,106,1.0464
2004,2,2,5,204,0.4301
2004,2,3,1,150,-1.4970
2004,2,3,2,138,2.5965
2004,2,3,3,140,2.3227
2004,2,3,4,126,1.5277
2004,2,3,5,156,0.4647
2004,3,1,1,650,-0.8760
2004,3,1,2,247,-0.1699
2004,3,1,3,185,0.4063
2004,3,1,4,189,-0.2134
2004,3,1,5,243,2.1557
2004,3,2,1,173,-0.4116
2004,3,2,2,120,1.6275
2004,3,2,3,97,1.5308
2004,3,2,4,112,1.5912
2004,3,2,5,117,2.4241
2004,3,3,1,132,-1.9280
2004,3,3,2,131,-2.3859
2004,3,3,3,144,-1.7883
2004,3,3,4,152,-1.2703
2004,3,3,5,151,0.0541
2004,4,1,1,673,-4.4060
2004,4,1,2,220,-1.5050
2004,4,1,3,188,-2.8358
2004,4,1,4,189,-3.5527
2004,4,1,5,258,-3.8015
2004,4,2,1,147,-4.1816
2004,4,2,2,109,-3.7139
2004,4,2,3,104,-2.5300
2004,4,2,4,103,-2.7919
2004,4,2,5,137,-3.7306
2004,4,3,1,167,-0.9502
2004,4,3,2,151,-0.9588
2004,4,3,3,138,-0.2993
2004,4,3,4,123,0.2021
2004,4,3,5,137,-1.4103
2004,5,1,1,444,-0.4001
2004,5,1,2,222,1.0486
2004,5,1,3,194,0.6761
2004,5,1,4,212,-1.7284
2004,5,1,5,466,-1.0031
2004,5,2,1,165,3.8854
2004,5,2,2,111,0.2197
2004,5,2,3,88,-0.4179
2004,5,2,4,84,1.4404
2004,5,2,5,144,1.5347
2004,5,3,1,173,3.6705
2004,5,3,2,138,0.5865
2004,5,3,3,141,1.3688
2004,5,3,4,140,0.5013
2004,5,3,5,122,-0.9798
2004,6,1,1,287,2.4302
2004,6,1,2,243,3.3940
2004,6,1,3,222,5.6334
2004,6,1,4,325,4.6090
2004,6,1,5,464,3.3244
2004,6,2,1,74,6.8810
2004,6,2,2,58,5.0315
2004,6,2,3,92,5.3158
2004,6,2,4,127,4.2787
2004,6,2,5,231,4.2004
2004,6,3,1,150,3.3272
2004,6,3,2,156,1.9308
2004,6,3,3,139,1.0060
2004,6,3,4,137,1.6118
2004,6,3,5,144,4.0631
2004,7,1,1,450,-11.2611
2004,7,1,2,242,-9.0181
2004,7,1,3,225,-7.9614
2004,7,1,4,248,-6.4529
2004,7,1,5,391,-6.9860
2004,7,2,1,177,-9.7358
2004,7,2,2,112,-6.2169
2004,7,2,3,73,-5.6986
2004,7,2,4,103,-4.2434
2004,7,2,5,116,-5.5853
2004,7,3,1,134,-5.8861
2004,7,3,2,120,-3.2536
2004,7,3,3,139,-1.8422
2004,7,3,4,147,-2.9925
2004,7,3,5,177,-5.8079
2004,8,1,1,518,-2.5345
2004,8,1,2,263,-2.9272
2004,8,1,3,199,-2.7286
2004,8,1,4,228,-1.4497
2004,8,1,5,372,-1.4352
2004,8,2,1,127,-3.0968
2004,8,2,2,103,-1.1852
2004,8,2,3,98,-1.6865
2004,8,2,4,92,0.6192
2004,8,2,5,152,-1.5877
2004,8,3,1,115,-0.9865
2004,8,3,2,138,-0.4728
2004,8,3,3,146,-1.5191
2004,8,3,4,154,0.1533
2004,8,3,5,162,0.6489
2004,9,1,1,474,4.6217
2004,9,1,2,253,3.9770
2004,9,1,3,271,3.5772
2004,9,1,4,265,3.9939
2004,9,1,5,328,3.9569
2004,9,2,1,138,4.4312
2004,9,2,2,97,6.8365
2004,9,2,3,112,5.1538
2004,9,2,4,107,6.0579
2004,9,2,5,115,6.6933
2004,9,3,1,151,2.3936
2004,9,3,2,131,2.7170
2004,9,3,3,120,2.5790
2004,9,3,4,151,0.5081
2004,9,3,5,156,1.1279
2004,10,1,1,464,1.1908
2004,10,1,2,295,0.7146
2004,10,1,3,214,1.1597
2004,10,1,4,200,0.7067
2004,10,1,5,409,0.7734
2004,10,2,1,120,-0.2543
2004,10,2,2,108,1.4611
2004,10,2,3,86,1.6441
2004,10,2,4,91,1.3101
2004,10,2,5,177,4.9937
2004,10,3,1,66,1.4448
2004,10,3,2,112,-0.0277
2004,10,3,3,136,1.5296
2004,10,3,4,164,0.5987
2004,10,3,5,232,3.0657
2004,11,1,1,446,10.6430
2004,11,1,2,233,7.9051
2004,11,1,3,192,9.0271
2004,11,1,4,229,9.9552
2004,11,1,5,486,8.8841
2004,11,2,1,119,9.1143
2004,11,2,2,100,7.9633
2004,11,2,3,89,9.0142
2004,11,2,4,102,9.3658
2004,11,2,5,174,9.4033
2004,11,3,1,105,5.3343
2004,11,3,2,139,4.0607
2004,11,3,3,142,3.4815
2004,11,3,4,157,3.7473
2004,11,3,5,169,4.9069
2004,12,1,1,587,6.7260
2004,12,1,2,279,4.3653
2004,12,1,3,193,6.9292
2004,12,1,4,188,7.1142
2004,12,1,5,349,5.1737
2004,12,2,1,110,3.7976
2004,12,2,2,108,3.9811
2004,12,2,3,93,2.6629
2004,12,2,4,101,3.5566
2004,12,2,5,171,2.5296
2004,12,3,1,152,4.1968
2004,12,3,2,123,1.6504
2004,12,3,3,133,3.1664
2004,12,3,4,149,2.4904
2004,12,3,5,152,4.2893
2005,1,1,1,144,-3.3190
2005,1,1,2,117,-2.2769
2005,1,1,3,158,-2.5690
2005,1,1,4,314,-3.6909
2005,1,1,5,860,-5.7828
2005,1,2,1,120,-3.5017
2005,1,2,2,86,-2.9916
2005,1,2,3,87,-1.3143
2005,1,2,4,102,-3.7780
2005,1,2,5,182,-4.0595
2005,1,3,1,139,-1.8635
2005,1,3,2,154,-0.8662
2005,1,3,3,149,-1.2371
2005,1,3,4,140,-3.7284
2005,1,3,5,133,-5.3652
2005,2,1,1,419,-0.3335
2005,2,1,2,231,0.4488
2005,2,1,3,194,2.4975
2005,2,1,4,231,3.5057
2005,2,1,5,516,-0.7228
2005,2,2,1,132,0.6471
2005,2,2,2,83,2.8519
2005,2,2,3,88,2.6370
2005,2,2,4,99,4.2286
2005,2,2,5,164,3.3491
2005,2,3,1,137,0.3328
2005,2,3,2,147,2.5815
2005,2,3,3,149,6.2788
2005,2,3,4,131,0.1085
2005,2,3,5,156,4.4875
2005,3,1,1,688,-4.2983
2005,3,1,2,255,-3.3848
2005,3,1,3,203,-1.5784
2005,3,1,4,156,-3.0948
2005,3,1,5,310,-4.0842
2005,3,2,1,151,-2.3758
2005,3,2,2,103,-2.4796
2005,3,2,3,87,-0.8952
2005,3,2,4,88,-0.1733
2005,3,2,5,138,-0.2852
2005,3,3,1,156,-0.3892
2005,3,3,2,119,-0.5583
2005,3,3,3,142,-1.7471
2005,3,3,4,154,-1.2148
2005,3,3,5,146,-2.3040
2005,4,1,1,691,-7.9573
2005,4,1,2,220,-5.3498
2005,4,1,3,216,-5.9324
2005,4,1,4,167,-7.9231
2005,4,1,5,314,-7.2318
2005,4,2,1,124,-5.6876
2005,4,2,2,93,-6.0195
2005,4,2,3,77,-7.8142
2005,4,2,4,120,-7.0999
2005,4,2,5,160,-5.9541
2005,4,3,1,156,-2.1531
2005,4,3,2,144,-2.3248
2005,4,3,3,145,-1.8471
2005,4,3,4,136,-2.6082
2005,4,3,5,137,-3.7258
2005,5,1,1,493,5.3471
2005,5,1,2,195,5.1151
2005,5,1,3,206,6.3485
2005,5,1,4,221,4.9890
2005,5,1,5,517,6.7938
2005,5,2,1,158,8.2532
2005,5,2,2,102,7.7261
2005,5,2,3,98,8.8171
2005,5,2,4,82,7.8611
2005,5,2,5,126,6.9861
2005,5,3,1,148,5.5260
2005,5,3,2,146,2.8668
2005,5,3,3,147,3.3658
2005,5,3,4,152,3.2736
2005,5,3,5,128,4.1021
2005,6,1,1,278,6.4243
2005,6,1,2,163,3.7781
2005,6,1,3,218,4.0663
2005,6,1,4,306,5.1784
2005,6,1,5,676,3.9415
2005,6,2,1,79,3.2454
2005,6,2,2,66,3.7160
2005,6,2,3,95,3.3235
2005,6,2,4,109,3.2654
2005,6,2,5,209,2.2070
2005,6,3,1,173,1.9710
2005,6,3,2,171,-0.5396
2005,6,3,3,139,-0.8808
2005,6,3,4,128,0.2169
2005,6,3,5,112,-0.5641
2005,7,1,1,479,7.3417
2005,7,1,2,283,9.2099
2005,7,1,3,234,7.2597
2005,7,1,4,247,9.2061
2005,7,1,5,399,7.9205
2005,7,2,1,150,6.0581
2005,7,2,2,102,6.0013
2005,7,2,3,90,7.3185
2005,7,2,4,91,7.1537
2005,7,2,5,128,9.3755
2005,7,3,1,140,4.7039
2005,7,3,2,135,4.2588
2005,7,3,3,137,4.2416
2005,7,3,4,145,4.8120
2005,7,3,5,166,4.8267
2005,8,1,1,558,-1.5425
2005,8,1,2,259,-2.5446
2005,8,1,3,195,-0.2127
2005,8,1,4,205,-2.1777
2005,8,1,5,409,-1.5692
2005,8,2,1,123,-1.8849
2005,8,2,2,106,-1.1860
2005,8,2,3,115,-1.0072
2005,8,2,4,99,-1.9017
2005,8,2,5,150,-1.7429
2005,8,3,1,127,-2.3975
2005,8,3,2,126,-0.1902
2005,8,3,3,150,-1.0325
2005,8,3,4,158,-0.2222
2005,8,3,5,157,2.3928
2005,9,1,1,425,0.5437
2005,9,1,2,261,1.0743
2005,9,1,3,297,0.1271
2005,9,1,4,269,-0.5773
2005,9,1,5,393,0.1317
2005,9,2,1,188,1.0078
2005,9,2,2,92,0.1590
2005,9,2,3,102,1.0332
2005,9,2,4,91,1.6098
2005,9,2,5,113,-0.8838
2005,9,3,1,157,0.8054
2005,9,3,2,140,-0.8099
2005,9,3,3,117,1.7515
2005,9,3,4,138,0.6544
2005,9,3,5,163,1.0981
2005,10,1,1,520,-5.2257
2005,10,1,2,246,-4.1182
2005,10,1,3,187,-1.4087
2005,10,1,4,225,-5.2395
2005,10,1,5,459,-1.2793
2005,10,2,1,135,-3.3287
2005,10,2,2,98,-3.3396
2005,10,2,3,81,-5.1416
2005,10,2,4,112,-2.1012
2005,10,2,5,174,-3.3521
2005,10,3,1,84,-3.6568
2005,10,3,2,110,-5.0694
2005,10,3,3,145,-2.5283
2005,10,3,4,157,-0.8398
2005,10,3,5,211,-2.0892
2005,11,1,1,591,2.9174
2005,11,1,2,214,3.9392
2005,11,1,3,185,3.1632
2005,11,1,4,205,4.7343
2005,11,1,5,427,6.9359
2005,11,2,1,141,4.6888
2005,11,2,2,85,4.5580
2005,11,2,3,101,4.8608
2005,11,2,4,110,5.4621
2005,11,2,5,162,6.8473
2005,11,3,1,135,2.8750
2005,11,3,2,137,2.9932
2005,11,3,3,144,3.2547
2005,11,3,4,138,5.2055
2005,11,3,5,158,5.7679
2005,12,1,1,707,0.6949
2005,12,1,2,262,0.2531
2005,12,1,3,190,0.0568
2005,12,1,4,180,-1.5208
2005,12,1,5,270,0.7782
2005,12,2,1,172,-0.7427
2005,12,2,2,110,1.0348
2005,12,2,3,87,-0.7920
2005,12,2,4,97,-0.5263
2005,12,2,5,126,-0.8698
2005,12,3,1,164,-2.0726
2005,12,3,2,143,0.2622
2005,12,3,3,159,0.1480
2005,12,3,4,135,1.1758
2005,12,3,5,118,2.9449
2006,1,1,1,191,9.2952
2006,1,1,2,119,8.8586
2006,1,1,3,188,8.2914
2006,1,1,4,301,11.1126
2006,1,1,5,811,10.3118
2006,1,2,1,110,9.5459
2006,1,2,2,92,7.7326
2006,1,2,3,92,8.2077
2006,1,2,4,110,9.1899
2006,1,2,5,182,9.7498
2006,1,3,1,152,2.8945
2006,1,3,2,156,2.7149
2006,1,3,3,142,4.0332
2006,1,3,4,136,3.1642
2006,1,3,5,126,3.5251
2006,2,1,1,841,0.7829
2006,2,1,2,239,2.5875
2006,2,1,3,167,-1.7936
2006,2,1,4,149,-0.6047
2006,2,1,5,195,0.5664
2006,2,2,1,212,1.1182
2006,2,2,2,113,-0.7619
2006,2,2,3,78,-1.9729
2006,2,2,4,82,-1.3449
2006,2,2,5,102,-1.9425
2006,2,3,1,181,-0.0544
2006,2,3,2,128,1.4460
2006,2,3,3,131,0.4023
2006,2,3,4,134,-0.0237
2006,2,3,5,138,-3.6123
2006,3,1,1,536,6.4598
2006,3,1,2,216,4.8088
2006,3,1,3,197,4.6189
2006,3,1,4,200,4.9205
2006,3,1,5,427,4.6032
2006,3,2,1,137,5.1167
2006,3,2,2,75,3.9441
2006,3,2,3,94,5.1554
2006,3,2,4,97,3.4342
2006,3,2,5,186,4.6269
2006,3,3,1,146,1.9346
2006,3,3,2,151,1.8698
2006,3,3,3,145,1.7974
2006,3,3,4,150,1.8135
2006,3,3,5,124,0.7252
2006,4,1,1,505,-0.7060
2006,4,1,2,226,1.5619
2006,4,1,3,178,0.3767
2006,4,1,4,219,0.4172
2006,4,1,5,447,-0.3391
2006,4,2,1,115,1.1809
2006,4,2,2,93,0.4529
2006,4,2,3,93,1.8036
2006,4,2,4,109,-1.0958
2006,4,2,5,170,1.1014
2006,4,3,1,150,0.0052
2006,4,3,2,148,1.2401
2006,4,3,3,150,0.5465
2006,4,3,4,137,-0.0578
2006,4,3,5,132,-0.1511
2006,5,1,1,394,-5.0175
2006,5,1,2,181,-4.5657
2006,5,1,3,172,-6.6446
2006,5,1,4,198,-7.1253
2006,5,1,5,625,-6.9402
2006,5,2,1,132,-5.0701
2006,5,2,2,98,-5.2358
2006,5,2,3,76,-4.3113
2006,5,2,4,93,-5.5858
2006,5,2,5,178,-6.3047
2006,5,3,1,115,-2.4496
2006,5,3,2,138,-2.3555
2006,5,3,3,162,-3.0942
2006,5,3,4,161,-2.5570
2006,5,3,5,135,-3.6872
2006,6,1,1,457,-1.2096
2006,6,1,2,212,-0.8071
2006,6,1,3,179,-1.2860
2006,6,1,4,261,-0.6975
2006,6,1,5,461,-0.9569
2006,6,2,1,118,-1.6192
2006,6,2,2,82,-2.2880
2006,6,2,3,84,-0.7765
2006,6,2,4,102,-0.8349
2006,6,2,5,192,-0.3688
2006,6,3,1,181,0.4636
2006,6,3,2,161,0.2245
2006,6,3,3,149,0.1591
2006,6,3,4,134,-0.6423
2006,6,3,5,77,0.5414
2006,7,1,1,491,-5.1335
2006,7,1,2,208,-3.7464
2006,7,1,3,199,-3.4966
2006,7,1,4,212,-4.4719
2006,7,1,5,431,-4.0220
2006,7,2,1,166,-3.0130
2006,7,2,2,114,-3.4825
2006,7,2,3,96,-4.5150
2006,7,2,4,83,-3.6378
2006,7,2,5,119,-4.4481
2006,7,3,1,139,-4.0784
2006,7,3,2,119,1.4693
2006,7,3,3,136,2.7871
2006,7,3,4,149,-1.5976
2006,7,3,5,154,-1.6157
2006,8,1,1,584,3.3945
2006,8,1,2,217,2.7328
2006,8,1,3,183,4.4491
2006,8,1,4,201,3.8157
2006,8,1,5,355,3.0919
2006,8,2,1,160,3.3338
2006,8,2,2,113,3.8557
2006,8,2,3,94,2.7831
2006,8,2,4,83,3.5056
2006,8,2,5,125,3.3922
2006,8,3,1,130,6.4985
2006,8,3,2,141,1.4264
2006,8,3,3,156,1.1858
2006,8,3,4,135,2.7910
2006,8,3,5,131,1.0067
2006,9,1,1,382,1.4577
2006,9,1,2,251,1.2384
2006,9,1,3,221,0.6660
2006,9,1,4,248,1.0083
2006,9,1,5,429,0.0735
2006,9,2,1,172,2.1649
2006,9,2,2,81,1.4285
2006,9,2,3,89,0.0185
2006,9,2,4,100,2.3424
2006,9,2,5,134,0.1161
2006,9,3,1,153,2.6964
2006,9,3,2,144,3.8099
2006,9,3,3,134,1.3697
2006,9,3,4,138,1.5502
2006,9,3,5,123,0.0402
2006,10,1,1,367,8.3143
2006,10,1,2,231,5.9454
2006,10,1,3,208,4.7618
2006,10,1,4,198,6.4157
2006,10,1,5,520,6.9793
2006,10,2,1,100,5.0421
2006,10,2,2,88,5.8403
2006,10,2,3,89,6.4450
2006,10,2,4,94,3.9843
2006,10,2,5,199,6.0795
2006,10,3,1,101,1.4606
2006,10,3,2,116,3.6937
2006,10,3,3,127,2.6611
2006,10,3,4,134,4.3880
2006,10,3,5,216,4.6819
2006,11,1,1,338,1.8579
2006,11,1,2,198,3.1671
2006,11,1,3,220,2.2161
2006,11,1,4,201,3.2898
2006,11,1,5,570,2.2311
2006,11,2,1,80,4.0909
2006,11,2,2,90,3.8759
2006,11,2,3,97,3.5115
2006,11,2,4,117,1.9626
2006,11,2,5,171,3.2101
2006,11,3,1,150,1.9231
2006,11,3,2,132,1.7314
2006,11,3,3,132,2.0322
2006,11,3,4,134,3.6230
2006,11,3,5,149,3.4831
2006,12,1,1,503,1.6663
2006,12,1,2,210,0.5192
2006,12,1,3,145,3.7125
2006,12,1,4,162,1.9868
2006,12,1,5,500,1.2328
2006,12,2,1,164,-1.1198
2006,12,2,2,108,0.6115
2006,12,2,3,85,-0.3005
2006,12,2,4,69,0.7985
2006,12,2,5,132,0.0337
2006,12,3,1,170,-0.3174
2006,12,3,2,143,1.3066
2006,12,3,3,141,1.4843
2006,12,3,4,145,0.2863
2006,12,3,5,94,-1.1879
2007,1,1,1,340,2.7406
2007,1,1,2,172,1.6129
2007,1,1,3,158,2.8108
2007,1,1,4,231,1.8905
2007,1,1,5,617,1.6201
2007,1,2,1,137,2.3981
2007,1,2,2,106,1.9677
2007,1,2,3,80,0.7904
2007,1,2,4,75,2.9118
2007,1,2,5,148,1.8104
2007,1,3,1,129,2.6194
2007,1,3,2,136,2.8965
2007,1,3,3,143,0.6783
2007,1,3,4,155,1.5972
2007,1,3,5,125,3.7691
2007,2,1,1,665,0.2801
2007,2,1,2,256,-0.6879
2007,2,1,3,159,-0.7153
2007,2,1,4,203,0.8790
2007,2,1,5,212,2.7842
2007,2,2,1,174,1.5566
2007,2,2,2,102,-0.3550
2007,2,2,3,77,-0.6044
2007,2,2,4,85,-0.8920
2007,2,2,5,109,-0.8326
2007,2,3,1,126,-2.8006
2007,2,3,2,125,-1.1570
2007,2,3,3,159,-1.1720
2007,2,3,4,141,-0.7278
2007,2,3,5,132,-0.7671
2007,3,1,1,492,0.2378
2007,3,1,2,193,1.5012
2007,3,1,3,172,0.1040
2007,3,1,4,176,0.4718
2007,3,1,5,433,1.5661
2007,3,2,1,122,0.4317
2007,3,2,2,89,1.6620
2007,3,2,3,92,-0.1393
2007,3,2,4,115,1.6531
2007,3,2,5,151,2.4344
2007,3,3,1,125,1.1206
2007,3,3,2,137,1.6323
2007,3,3,3,133,1.7437
2007,3,3,4,146,1.1710
2007,3,3,5,139,2.4721
2007,4,1,1,516,2.5692
2007,4,1,2,252,0.2458
2007,4,1,3,150,0.2010
2007,4,1,4,169,1.6039
2007,4,1,5,388,1.9361
2007,4,2,1,149,2.9206
2007,4,2,2,74,2.2506
2007,4,2,3,101,2.6865
2007,4,2,4,97,3.0151
2007,4,2,5,136,2.8446
2007,4,3,1,148,4.0977
2007,4,3,2,144,4.7149
2007,4,3,3,138,4.2671
2007,4,3,4,136,5.0075
2007,4,3,5,108,3.6519
2007,5,1,1,448,3.3603
2007,5,1,2,190,3.6221
2007,5,1,3,143,3.9603
2007,5,1,4,172,3.7817
2007,5,1,5,508,3.5002
2007,5,2,1,114,3.1788
2007,5,2,2,92,4.9367
2007,5,2,3,83,3.8475
2007,5,2,4,93,4.0238
2007,5,2,5,175,4.1847
2007,5,3,1,100,2.8006
2007,5,3,2,123,3.4797
2007,5,3,3,137,5.0359
2007,5,3,4,148,3.9720
2007,5,3,5,161,4.6631
2007,6,1,1,473,1.1250
2007,6,1,2,151,-1.0194
2007,6,1,3,162,0.1343
2007,6,1,4,222,-0.1133
2007,6,1,5,435,0.0785
2007,6,2,1,140,-0.4456
2007,6,2,2,71,-2.1546
2007,6,2,3,75,-2.1990
2007,6,2,4,113,-2.1429
2007,6,2,5,165,-0.8925
2007,6,3,1,187,-0.7211
2007,6,3,2,148,-0.8812
2007,6,3,3,136,-1.3600
2007,6,3,4,123,-1.3642
2007,6,3,5,75,-2.6989
2007,7,1,1,403,-6.9554
2007,7,1,2,200,-6.2086
2007,7,1,3,178,-5.0600
2007,7,1,4,176,-4.6692
2007,7,1,5,457,-5.0702
2007,7,2,1,123,-5.4190
2007,7,2,2,107,-6.8638
2007,7,2,3,84,-5.1549
2007,7,2,4,96,-4.2691
2007,7,2,5,153,-3.1798
2007,7,3,1,124,-5.6375
2007,7,3,2,110,-1.7283
2007,7,3,3,131,-2.1191
2007,7,3,4,154,-0.9263
2007,7,3,5,148,-0.2454
2007,8,1,1,499,-0.3987
2007,8,1,2,209,-0.2485
2007,8,1,3,142,-1.2677
2007,8,1,4,189,-0.9589
2007,8,1,5,352,-1.5286
2007,8,2,1,150,1.6938
2007,8,2,2,111,1.2773
2007,8,2,3,81,3.2812
2007,8,2,4,107,0.2745
2007,8,2,5,125,1.6443
2007,8,3,1,104,3.0543
2007,8,3,2,146,1.6026
2007,8,3,3,148,1.2105
2007,8,3,4,133,1.6171
2007,8,3,5,137,0.3703
2007,9,1,1,330,0.6065
2007,9,1,2,179,-0.6593
2007,9,1,3,196,-0.3213
2007,9,1,4,228,-0.5878
2007,9,1,5,435,2.9470
2007,9,2,1,134,-0.3893
2007,9,2,2,74,0.0745
2007,9,2,3,85,0.1392
2007,9,2,4,125,0.6862
2007,9,2,5,158,2.2482
2007,9,3,1,147,2.5398
2007,9,3,2,133,3.3251
2007,9,3,3,131,4.4613
2007,9,3,4,126,3.7675
2007,9,3,5,127,7.3628
2007,10,1,1,389,1.9640
2007,10,1,2,197,2.4163
2007,10,1,3,180,1.7911
2007,10,1,4,193,4.2650
2007,10,1,5,397,1.3707
2007,10,2,1,109,4.0809
2007,10,2,2,86,3.3445
2007,10,2,3,99,3.5230
2007,10,2,4,80,3.4643
2007,10,2,5,194,1.9892
2007,10,3,1,103,2.3703
2007,10,3,2,113,1.6658
2007,10,3,3,113,3.9991
2007,10,3,4,137,4.4220
2007,10,3,5,199,2.0914
2007,11,1,1,354,-8.6903
2007,11,1,2,169,-8.7315
2007,11,1,3,149,-8.5614
2007,11,1,4,195,-8.8868
2007,11,1,5,476,-9.7909
2007,11,2,1,82,-5.9783
2007,11,2,2,84,-5.0572
2007,11,2,3,102,-6.5131
2007,11,2,4,117,-7.6425
2007,11,2,5,180,-8.7234
2007,11,3,1,132,-0.4842
2007,11,3,2,137,-3.2407
2007,11,3,3,126,-4.4533
2007,11,3,4,120,-3.9008
2007,11,3,5,149,-8.0570
2007,12,1,1,449,-1.9041
2007,12,1,2,181,-0.1340
2007,12,1,3,156,-0.3519
2007,12,1,4,120,0.4007
2007,12,1,5,413,0.8105
2007,12,2,1,184,-0.9389
2007,12,2,2,111,-1.5220
2007,12,2,3,74,-1.6571
2007,12,2,4,74,0.0674
2007,12,2,5,119,0.5263
2007,12,3,1,159,-0.5616
2007,12,3,2,127,0.0482
2007,12,3,3,129,1.9929
2007,12,3,4,140,-0.7749
2007,12,3,5,116,-0.1736
2008,1,1,1,263,-8.2684
2008,1,1,2,164,-5.1150
2008,1,1,3,145,-7.7462
2008,1,1,4,214,-7.6958
2008,1,1,5,518,-8.4182
2008,1,2,1,117,-5.6035
2008,1,2,2,83,-6.0985
2008,1,2,3,97,-6.5386
2008,1,2,4,101,-6.6407
2008,1,2,5,168,-8.8127
2008,1,3,1,126,-7.8434
2008,1,3,2,138,-4.5546
2008,1,3,3,129,-6.4587
2008,1,3,4,138,-5.8802
2008,1,3,5,134,-11.4769
2008,2,1,1,544,-4.5699
2008,2,1,2,150,-3.1495
2008,2,1,3,163,-1.0845
2008,2,1,4,170,-0.0465
2008,2,1,5,283,-3.1554
2008,2,2,1,173,-1.9417
2008,2,2,2,96,-1.8151
2008,2,2,3,83,-3.4723
2008,2,2,4,90,-2.0848
2008,2,2,5,122,-1.9123
2008,2,3,1,95,-7.1885
2008,2,3,2,128,1.6926
2008,2,3,3,137,-1.7425
2008,2,3,4,143,-0.6662
2008,2,3,5,154,1.3880
2008,3,1,1,454,0.2478
2008,3,1,2,161,1.8408
2008,3,1,3,138,2.5204
2008,3,1,4,173,-0.1587
2008,3,1,5,375,-1.2938
2008,3,2,1,146,1.2107
2008,3,2,2,79,-1.3169
2008,3,2,3,83,2.7603
2008,3,2,4,90,-0.6591
2008,3,2,5,169,-0.1432
2008,3,3,1,111,0.2666
2008,3,3,2,135,0.0726
2008,3,3,3,142,-1.2817
2008,3,3,4,141,2.6837
2008,3,3,5,128,-0.8675
2008,4,1,1,471,1.7714
2008,4,1,2,197,2.9627
2008,4,1,3,146,2.3470
2008,4,1,4,140,1.4454
2008,4,1,5,342,1.5462
2008,4,2,1,153,3.6731
2008,4,2,2,89,3.1313
2008,4,2,3,107,4.8075
2008,4,2,4,89,5.7551
2008,4,2,5,133,6.3847
2008,4,3,1,102,5.6302
2008,4,3,2,132,7.1854
2008,4,3,3,131,3.0489
2008,4,3,4,137,2.1322
2008,4,3,5,146,5.1626
2008,5,1,1,426,3.6696
2008,5,1,2,150,5.8152
2008,5,1,3,134,6.1063
2008,5,1,4,158,0.5833
2008,5,1,5,420,5.3325
2008,5,2,1,106,5.9152
2008,5,2,2,92,2.7565
2008,5,2,3,89,4.8929
2008,5,2,4,102,4.0630
2008,5,2,5,185,7.5965
2008,5,3,1,93,2.0467
2008,5,3,2,131,0.6721
2008,5,3,3,127,4.8648
2008,5,3,4,138,5.3107
2008,5,3,5,155,4.7989
2008,6,1,1,390,-10.4399
2008,6,1,2,157,-9.6287
2008,6,1,3,161,-9.0634
2008,6,1,4,201,-8.6400
2008,6,1,5,360,-8.5145
2008,6,2,1,137,-11.1094
2008,6,2,2,78,-9.2127
2008,6,2,3,95,-9.0282
2008,6,2,4,120,-9.5312
2008,6,2,5,135,-8.1228
2008,6,3,1,143,-7.5216
2008,6,3,2,150,-6.2158
2008,6,3,3,142,-6.8948
2008,6,3,4,110,-3.5774
2008,6,3,5,107,-5.3708
2008,7,1,1,401,4.2164
2008,7,1,2,155,5.0051
2008,7,1,3,129,5.8484
2008,7,1,4,179,7.0850
2008,7,1,5,394,3.3259
2008,7,2,1,144,3.9778
2008,7,2,2,89,3.9573
2008,7,2,3,106,2.6361
2008,7,2,4,80,0.5567
2008,7,2,5,148,3.2413
2008,7,3,1,109,0.0322
2008,7,3,2,141,-0.5189
2008,7,3,3,146,1.2379
2008,7,3,4,130,-5.9615
2008,7,3,5,136,-3.1129
2008,8,1,1,441,3.7274
2008,8,1,2,160,3.2414
2008,8,1,3,115,4.8158
2008,8,1,4,161,4.2343
2008,8,1,5,358,1.9771
2008,8,2,1,128,3.9912
2008,8,2,2,95,4.9361
2008,8,2,3,95,4.2494
2008,8,2,4,95,4.8025
2008,8,2,5,166,4.0931
2008,8,3,1,92,1.1636
2008,8,3,2,129,1.3908
2008,8,3,3,157,2.7690
2008,8,3,4,140,2.3308
2008,8,3,5,141,1.1287
2008,9,1,1,327,-9.9721
2008,9,1,2,152,-9.7858
2008,9,1,3,124,-9.3587
2008,9,1,4,158,-8.8967
2008,9,1,5,465,-9.9320
2008,9,2,1,140,-9.5979
2008,9,2,2,87,-8.7717
2008,9,2,3,97,-8.1601
2008,9,2,4,87,-9.7502
2008,9,2,5,169,-11.8484
2008,9,3,1,109,-10.0134
2008,9,3,2,126,-7.5940
2008,9,3,3,139,-8.1591
2008,9,3,4,153,-7.7703
2008,9,3,5,129,-16.4941
2008,10,1,1,382,-22.1494
2008,10,1,2,175,-25.5879
2008,10,1,3,140,-24.3970
2008,10,1,4,194,-24.8687
2008,10,1,5,354,-22.0759
2008,10,2,1,92,-25.9926
2008,10,2,2,81,-19.5285
2008,10,2,3,96,-24.3640
2008,10,2,4,126,-19.6830
2008,10,2,5,158,-22.0810
2008,10,3,1,130,-12.3107
2008,10,3,2,123,-16.7406
2008,10,3,3,120,-17.9319
2008,10,3,4,129,-15.3804
2008,10,3,5,153,-16.5211
2008,11,1,1,418,-15.3304
2008,11,1,2,131,-19.1355
2008,11,1,3,129,-16.0543
2008,11,1,4,164,-17.6527
2008,11,1,5,342,-20.2755
2008,11,2,1,114,-11.7871
2008,11,2,2,87,-12.2673
2008,11,2,3,91,-11.7749
2008,11,2,4,112,-11.0377
2008,11,2,5,183,-14.8563
2008,11,3,1,131,-2.3580
2008,11,3,2,159,-7.0006
2008,11,3,3,141,-4.5384
2008,11,3,4,129,-7.7781
2008,11,3,5,112,-12.9093
2008,12,1,1,355,5.9981
2008,12,1,2,145,7.3849
2008,12,1,3,119,5.2537
2008,12,1,4,155,6.1828
2008,12,1,5,415,3.2014
2008,12,2,1,172,6.4929
2008,12,2,2,105,7.8436
2008,12,2,3,74,3.1010
2008,12,2,4,88,8.6537
2008,12,2,5,140,4.9725
2008,12,3,1,141,1.2202
2008,12,3,2,147,2.1410
2008,12,3,3,146,-0.1586
2008,12,3,4,137,1.2462
2008,12,3,5,106,3.7215
2009,1,1,1,286,-9.0957
2009,1,1,2,123,-11.5965
2009,1,1,3,141,-10.3024
2009,1,1,4,201,-10.4636
2009,1,1,5,442,-5.6574
2009,1,2,1,121,-8.8759
2009,1,2,2,81,-10.2527
2009,1,2,3,107,-7.1514
2009,1,2,4,96,-11.3904
2009,1,2,5,166,-5.4046
2009,1,3,1,132,-7.4260
2009,1,3,2,133,-6.2874
2009,1,3,3,135,-6.4368
2009,1,3,4,150,-2.9355
2009,1,3,5,124,-1.6294
2009,2,1,1,450,-13.3490
2009,2,1,2,160,-15.1472
2009,2,1,3,135,-16.8278
2009,2,1,4,142,-14.5082
2009,2,1,5,288,-10.6633
2009,2,2,1,167,-12.3334
2009,2,2,2,107,-10.9934
2009,2,2,3,98,-12.3141
2009,2,2,4,83,-13.2625
2009,2,2,5,129,-12.5083
2009,2,3,1,123,-8.7083
2009,2,3,2,123,-10.0310
2009,2,3,3,133,-7.1701
2009,2,3,4,151,-9.4449
2009,2,3,5,143,-11.5044
2009,3,1,1,408,10.3832
2009,3,1,2,166,7.0685
2009,3,1,3,135,9.9723
2009,3,1,4,134,17.2260
2009,3,1,5,315,13.2716
2009,3,2,1,166,12.2031
2009,3,2,2,91,10.1535
2009,3,2,3,76,10.3314
2009,3,2,4,97,11.3726
2009,3,2,5,164,10.0465
2009,3,3,1,103,11.2260
2009,3,3,2,165,5.4210
2009,3,3,3,151,8.9535
2009,3,3,4,139,8.6687
2009,3,3,5,118,8.0286
2009,4,1,1,438,32.5436
2009,4,1,2,200,25.9788
2009,4,1,3,138,24.1296
2009,4,1,4,135,20.2636
2009,4,1,5,251,24.4710
2009,4,2,1,182,23.6174
2009,4,2,2,132,25.5440
2009,4,2,3,93,25.3400
2009,4,2,4,68,20.0503
2009,4,2,5,115,29.2943
2009,4,3,1,97,13.1279
2009,4,3,2,121,9.9616
2009,4,3,3,149,11.0435
2009,4,3,4,158,6.4918
2009,4,3,5,149,3.8403
2009,5,1,1,557,9.8998
2009,5,1,2,112,9.6215
2009,5,1,3,110,9.5829
2009,5,1,4,142,10.8504
2009,5,1,5,274,13.5414
2009,5,2,1,133,3.0455
2009,5,2,2,94,2.0009
2009,5,2,3,75,4.9799
2009,5,2,4,109,2.9666
2009,5,2,5,144,4.7942
2009,5,3,1,81,6.2613
2009,5,3,2,134,3.2012
2009,5,3,3,151,3.6773
2009,5,3,4,161,3.6014
2009,5,3,5,142,3.9889
2009,6,1,1,439,6.7665
2009,6,1,2,155,7.4334
2009,6,1,3,143,6.2492
2009,6,1,4,181,6.7679
2009,6,1,5,282,6.6133
2009,6,2,1,121,2.1160
2009,6,2,2,84,4.0747
2009,6,2,3,106,3.2424
2009,6,2,4,108,1.7622
2009,6,2,5,143,-1.3984
2009,6,3,1,132,1.3056
2009,6,3,2,145,0.3568
2009,6,3,3,151,2.9850
2009,6,3,4,133,0.4070
2009,6,3,5,101,-5.5654
2009,7,1,1,429,14.3665
2009,7,1,2,177,14.5624
2009,7,1,3,160,8.1115
2009,7,1,4,145,8.9550
2009,7,1,5,263,8.0452
2009,7,2,1,161,12.6532
2009,7,2,2,113,11.7970
2009,7,2,3,90,10.1782
2009,7,2,4,89,12.3567
2009,7,2,5,96,7.5866
2009,7,3,1,101,7.8792
2009,7,3,2,139,9.3047
2009,7,3,3,135,7.2430
2009,7,3,4,142,7.0030
2009,7,3,5,146,6.3971
2009,8,1,1,479,6.4378
2009,8,1,2,179,3.2441
2009,8,1,3,117,5.3598
2009,8,1,4,134,3.9166
2009,8,1,5,270,3.3504
2009,8,2,1,111,3.6664
2009,8,2,2,110,3.2209
2009,8,2,3,92,3.7885
2009,8,2,4,83,1.7580
2009,8,2,5,143,1.9400
2009,8,3,1,81,3.5140
2009,8,3,2,151,2.6941
2009,8,3,3,135,2.1023
2009,8,3,4,145,1.6250
2009,8,3,5,157,1.6579
2009,9,1,1,350,8.1063
2009,9,1,2,204,6.9704
2009,9,1,3,137,7.6808
2009,9,1,4,168,7.1661
2009,9,1,5,330,8.8623
2009,9,2,1,114,6.4044
2009,9,2,2,101,5.8214
2009,9,2,3,82,6.1503
2009,9,2,4,101,6.1313
2009,9,2,5,137,9.3570
2009,9,3,1,80,2.6468
2009,9,3,2,126,2.7945
2009,9,3,3,140,2.7439
2009,9,3,4,161,4.6308
2009,9,3,5,155,6.5237
2009,10,1,1,395,-8.8778
2009,10,1,2,185,-7.4946
2009,10,1,3,159,-9.2945
2009,10,1,4,143,-7.4204
2009,10,1,5,314,-7.5424
2009,10,2,1,105,-7.6940
2009,10,2,2,89,-6.0927
2009,10,2,3,91,-7.2439
2009,10,2,4,101,-6.5690
2009,10,2,5,148,-6.4657
2009,10,3,1,109,1.0982
2009,10,3,2,128,-2.5748
2009,10,3,3,140,-2.3127
2009,10,3,4,127,-1.3472
2009,10,3,5,153,-0.8208
2009,11,1,1,462,2.8095
2009,11,1,2,165,-0.0014
2009,11,1,3,133,-0.5135
2009,11,1,4,146,3.4959
2009,11,1,5,279,0.9589
2009,11,2,1,119,2.4810
2009,11,2,2,101,2.5030
2009,11,2,3,73,1.1272
2009,11,2,4,101,3.3837
2009,11,2,5,146,3.4463
2009,11,3,1,112,5.8176
2009,11,3,2,139,6.1028
2009,11,3,3,144,6.2307
2009,11,3,4,128,5.3411
2009,11,3,5,137,7.4317
2009,12,1,1,310,7.0821
2009,12,1,2,139,8.5491
2009,12,1,3,114,7.6731
2009,12,1,4,157,8.8757
2009,12,1,5,451,9.0192
2009,12,2,1,135,10.3114
2009,12,2,2,96,7.9519
2009,12,2,3,72,9.0718
2009,12,2,4,94,8.3709
2009,12,2,5,140,9.0111
2009,12,3,1,113,4.9591
2009,12,3,2,140,3.4580
2009,12,3,3,145,1.4366
2009,12,3,4,138,2.3805
2009,12,3,5,131,3.4389
2010,1,1,1,402,-3.2496
2010,1,1,2,162,-1.7312
2010,1,1,3,160,-3.8891
2010,1,1,4,168,-2.5635
2010,1,1,5,277,-2.1679
2010,1,2,1,173,-5.0515
2010,1,2,2,86,-3.5737
2010,1,2,3,83,-3.7288
2010,1,2,4,93,-4.2588
2010,1,2,5,114,-3.4536
2010,1,3,1,142,-3.8601
2010,1,3,2,136,-4.3913
2010,1,3,3,142,-3.3635
2010,1,3,4,115,-3.2559
2010,1,3,5,127,-5.0394
2010,2,1,1,380,5.0920
2010,2,1,2,195,7.0481
2010,2,1,3,164,3.9269
2010,2,1,4,146,4.0810
2010,2,1,5,285,5.0439
2010,2,2,1,157,5.8529
2010,2,2,2,110,5.4259
2010,2,2,3,81,4.3816
2010,2,2,4,77,2.4044
2010,2,2,5,121,5.5583
2010,2,3,1,93,3.3811
2010,2,3,2,134,2.5625
2010,2,3,3,151,3.8495
2010,2,3,4,153,2.5947
2010,2,3,5,130,4.1096
2010,3,1,1,426,8.3095
2010,3,1,2,163,10.1468
2010,3,1,3,124,8.8461
2010,3,1,4,151,5.9570
2010,3,1,5,302,8.1644
2010,3,2,1,124,8.2369
2010,3,2,2,82,7.5202
2010,3,2,3,85,5.7507
2010,3,2,4,103,7.4273
2010,3,2,5,153,8.4187
2010,3,3,1,121,4.6769
2010,3,3,2,158,5.2855
2010,3,3,3,146,4.4647
2010,3,3,4,132,6.7108
2010,3,3,5,102,7.6777
2010,4,1,1,484,9.0020
2010,4,1,2,171,10.7489
2010,4,1,3,152,5.4756
2010,4,1,4,114,10.3213
2010,4,1,5,250,8.4177
2010,4,2,1,164,5.3724
2010,4,2,2,93,5.6646
2010,4,2,3,86,5.6738
2010,4,2,4,66,8.0960
2010,4,2,5,117,7.6627
2010,4,3,1,72,2.3024
2010,4,3,2,136,2.2695
2010,4,3,3,158,1.2063
2010,4,3,4,139,0.8113
2010,4,3,5,165,2.3952
2010,5,1,1,474,-10.5927
2010,5,1,2,136,-9.1458
2010,5,1,3,124,-6.6164
2010,5,1,4,163,-6.5110
2010,5,1,5,262,-8.9361
2010,5,2,1,101,-8.3623
2010,5,2,2,89,-7.5838
2010,5,2,3,101,-7.0405
2010,5,2,4,108,-7.0227
2010,5,2,5,134,-7.2641
2010,5,3,1,98,-7.7846
2010,5,3,2,148,-7.6520
2010,5,3,3,144,-7.0204
2010,5,3,4,142,-8.3399
2010,5,3,5,131,-7.6791
2010,6,1,1,301,-12.9669
2010,6,1,2,183,-7.5946
2010,6,1,3,174,-7.9905
2010,6,1,4,209,-6.9613
2010,6,1,5,291,-4.9513
2010,6,2,1,123,-10.6296
2010,6,2,2,106,-8.5104
2010,6,2,3,88,-7.4847
2010,6,2,4,112,-6.9131
2010,6,2,5,102,-6.4629
2010,6,3,1,105,-6.3126
2010,6,3,2,162,-4.7241
2010,6,3,3,146,-4.5873
2010,6,3,4,143,-4.4656
2010,6,3,5,117,-6.2977
2010,7,1,1,344,7.4676
2010,7,1,2,165,8.0777
2010,7,1,3,138,9.6172
2010,7,1,4,159,7.5431
2010,7,1,5,344,7.8062
2010,7,2,1,118,7.5394
2010,7,2,2,90,7.8328
2010,7,2,3,86,8.0617
2010,7,2,4,91,8.7575
2010,7,2,5,160,5.8223
2010,7,3,1,100,8.6358
2010,7,3,2,143,6.5579
2010,7,3,3,136,8.5304
2010,7,3,4,147,6.1179
2010,7,3,5,147,5.7277
2010,8,1,1,430,-8.7791
2010,8,1,2,159,-8.3843
2010,8,1,3,137,-10.7102
2010,8,1,4,121,-9.6296
2010,8,1,5,293,-8.8205
2010,8,2,1,116,-8.7271
2010,8,2,2,87,-6.4017
2010,8,2,3,87,-6.6956
2010,8,2,4,92,-6.5441
2010,8,2,5,171,-7.3379
2010,8,3,1,99,-3.5799
2010,8,3,2,146,-4.6617
2010,8,3,3,154,-3.0718
2010,8,3,4,145,-2.0967
2010,8,3,5,130,-6.0493
2010,9,1,1,388,12.9266
2010,9,1,2,177,12.8505
2010,9,1,3,123,13.9480
2010,9,1,4,149,13.4718
2010,9,1,5,314,14.3904
2010,9,2,1,128,14.9850
2010,9,2,2,98,13.9065
2010,9,2,3,82,13.1777
2010,9,2,4,102,10.8451
2010,9,2,5,137,12.6191
2010,9,3,1,92,14.2202
2010,9,3,2,128,12.1284
2010,9,3,3,147,9.8947
2010,9,3,4,150,9.0969
2010,9,3,5,156,8.3656
2010,10,1,1,316,4.1998
2010,10,1,2,205,4.6992
2010,10,1,3,171,3.8536
2010,10,1,4,180,4.8330
2010,10,1,5,281,6.6613
2010,10,2,1,98,3.5808
2010,10,2,2,101,3.2907
2010,10,2,3,89,3.1870
2010,10,2,4,101,3.9725
2010,10,2,5,152,4.5625
2010,10,3,1,99,4.0921
2010,10,3,2,127,3.5401
2010,10,3,3,144,4.0653
2010,10,3,4,157,4.7703
2010,10,3,5,148,3.9170
2010,11,1,1,459,3.7577
2010,11,1,2,186,5.6305
2010,11,1,3,178,4.4306
2010,11,1,4,138,3.1863
2010,11,1,5,190,3.0684
2010,11,2,1,124,4.7344
2010,11,2,2,131,5.0678
2010,11,2,3,104,2.7935
2010,11,2,4,87,3.5681
2010,11,2,5,107,2.8611
2010,11,3,1,63,4.1850
2010,11,3,2,126,-0.3316
2010,11,3,3,167,-1.6305
2010,11,3,4,158,0.6041
2010,11,3,5,152,2.0761
2010,12,1,1,372,10.0051
2010,12,1,2,146,10.2308
2010,12,1,3,129,9.8287
2010,12,1,4,154,8.3223
2010,12,1,5,345,9.4446
2010,12,2,1,129,7.7948
2010,12,2,2,92,7.5152
2010,12,2,3,93,6.3825
2010,12,2,4,101,7.0514
2010,12,2,5,140,7.4902
2010,12,3,1,110,6.1509
2010,12,3,2,150,4.8623
2010,12,3,3,147,6.4904
2010,12,3,4,151,6.7046
2010,12,3,5,106,7.0081
2011,1,1,1,279,-2.5390
2011,1,1,2,140,0.2108
2011,1,1,3,138,-2.7354
2011,1,1,4,193,0.2327
2011,1,1,5,382,-0.7780
2011,1,2,1,147,-0.2617
2011,1,2,2,101,0.5341
2011,1,2,3,96,-0.3945
2011,1,2,4,97,0.1990
2011,1,2,5,118,1.2671
2011,1,3,1,98,3.9734
2011,1,3,2,132,0.1286
2011,1,3,3,154,2.9695
2011,1,3,4,130,3.5156
2011,1,3,5,149,2.3456
2011,2,1,1,321,6.4132
2011,2,1,2,189,4.2173
2011,2,1,3,171,3.0189
2011,2,1,4,146,6.3372
2011,2,1,5,314,5.3863
2011,2,2,1,114,4.0866
2011,2,2,2,103,4.2944
2011,2,2,3,84,5.2521
2011,2,2,4,97,4.8176
2011,2,2,5,145,5.8058
2011,2,3,1,63,2.1167
2011,2,3,2,126,4.1473
2011,2,3,3,157,4.4069
2011,2,3,4,162,3.7243
2011,2,3,5,155,1.8983
2011,3,1,1,384,1.4056
2011,3,1,2,154,2.4686
2011,3,1,3,136,3.0299
2011,3,1,4,147,4.5193
2011,3,1,5,333,4.0043
2011,3,2,1,95,2.9533
2011,3,2,2,67,2.9270
2011,3,2,3,89,2.5352
2011,3,2,4,123,3.1822
2011,3,2,5,151,2.9187
2011,3,3,1,93,-0.1053
2011,3,3,2,161,0.3323
2011,3,3,3,153,0.2985
2011,3,3,4,153,1.8180
2011,3,3,5,104,0.1245
2011,4,1,1,372,1.9651
2011,4,1,2,159,2.6614
2011,4,1,3,200,2.9648
2011,4,1,4,196,2.1815
2011,4,1,5,214,0.4752
2011,4,2,1,106,3.5634
2011,4,2,2,116,2.7110
2011,4,2,3,92,1.8218
2011,4,2,4,117,1.8163
2011,4,2,5,105,2.8314
2011,4,3,1,130,4.4098
2011,4,3,2,159,3.2793
2011,4,3,3,141,3.7813
2011,4,3,4,134,1.6472
2011,4,3,5,97,2.3583
2011,5,1,1,380,-1.9424
2011,5,1,2,157,-1.0975
2011,5,1,3,151,-0.6569
2011,5,1,4,174,-1.1313
2011,5,1,5,276,-3.6208
2011,5,2,1,154,0.4861
2011,5,2,2,102,-2.8531
2011,5,2,3,80,0.0155
2011,5,2,4,80,-2.7246
2011,5,2,5,120,-1.7173
2011,5,3,1,105,-0.7420
2011,5,3,2,139,-1.2281
2011,5,3,3,156,-0.3883
2011,5,3,4,149,-0.7076
2011,5,3,5,110,-3.4290
2011,6,1,1,229,-4.7886
2011,6,1,2,188,-2.9580
2011,6,1,3,164,-1.5189
2011,6,1,4,151,-1.5490
2011,6,1,5,398,-2.3667
2011,6,2,1,111,-2.4717
2011,6,2,2,122,-2.2533
2011,6,2,3,89,-0.6980
2011,6,2,4,99,-1.6012
2011,6,2,5,124,-1.9386
2011,6,3,1,81,-2.7039
2011,6,3,2,143,-1.2869
2011,6,3,3,157,-1.8633
2011,6,3,4,161,-1.4018
2011,6,3,5,115,-0.7904
2011,7,1,1,375,-3.3831
2011,7,1,2,137,-1.1421
2011,7,1,3,170,-2.6410
2011,7,1,4,169,-1.9295
2011,7,1,5,263,-3.2564
2011,7,2,1,123,-4.6061
2011,7,2,2,98,-4.3855
2011,7,2,3,87,-4.1129
2011,7,2,4,123,-4.6726
2011,7,2,5,123,-4.4266
2011,7,3,1,116,0.5531
2011,7,3,2,141,-0.5993
2011,7,3,3,161,-3.0248
2011,7,3,4,126,-4.2804
2011,7,3,5,115,1.5298
2011,8,1,1,388,-11.5030
2011,8,1,2,146,-9.9944
2011,8,1,3,150,-10.0434
2011,8,1,4,142,-8.6491
2011,8,1,5,287,-12.6601
2011,8,2,1,110,-10.2337
2011,8,2,2,96,-8.0738
2011,8,2,3,95,-7.0591
2011,8,2,4,109,-8.2383
2011,8,2,5,144,-9.2555
2011,8,3,1,118,-7.2795
2011,8,3,2,134,-4.4909
2011,8,3,3,158,-4.2731
2011,8,3,4,135,-3.0482
2011,8,3,5,109,-8.5806
2011,9,1,1,362,-11.9653
2011,9,1,2,164,-10.9685
2011,9,1,3,132,-11.5694
2011,9,1,4,135,-11.5614
2011,9,1,5,326,-10.5877
2011,9,2,1,103,-13.1428
2011,9,2,2,89,-11.4897
2011,9,2,3,112,-11.5825
2011,9,2,4,104,-10.5793
2011,9,2,5,136,-10.4476
2011,9,3,1,104,-9.7100
2011,9,3,2,141,-8.7219
2011,9,3,3,130,-5.6106
2011,9,3,4,143,-5.7602
2011,9,3,5,140,-4.9791
2011,10,1,1,320,17.4742
2011,10,1,2,234,16.1853
2011,10,1,3,151,15.4156
2011,10,1,4,156,15.4360
2011,10,1,5,250,11.9763
2011,10,2,1,113,22.6551
2011,10,2,2,124,16.2800
2011,10,2,3,98,17.6587
2011,10,2,4,89,13.8280
2011,10,2,5,125,14.6488
2011,10,3,1,76,18.3109
2011,10,3,2,125,12.3467
2011,10,3,3,146,13.8978
2011,10,3,4,163,8.3798
2011,10,3,5,155,8.5707
2011,11,1,1,470,-3.1586
2011,11,1,2,219,0.6991
2011,11,1,3,130,-0.4093
2011,11,1,4,118,-3.2331
2011,11,1,5,176,-4.2772
2011,11,2,1,144,-2.0442
2011,11,2,2,136,0.3246
2011,11,2,3,107,-0.8360
2011,11,2,4,68,-0.1443
2011,11,2,5,93,3.6857
2011,11,3,1,60,-0.9447
2011,11,3,2,131,-0.7775
2011,11,3,3,166,-0.3620
2011,11,3,4,167,-0.0514
2011,11,3,5,139,1.8710
2011,12,1,1,353,0.9539
2011,12,1,2,135,2.3681
2011,12,1,3,119,1.3808
2011,12,1,4,198,0.8048
2011,12,1,5,313,0.6542
2011,12,2,1,95,-0.1872
2011,12,2,2,90,-1.4619
2011,12,2,3,80,-0.0060
2011,12,2,4,119,-0.5052
2011,12,2,5,159,1.0400
2011,12,3,1,124,1.8809
2011,12,3,2,153,1.2974
2011,12,3,3,148,1.1111
2011,12,3,4,151,-1.7102
2011,12,3,5,93,-1.6067
2012,1,1,1,301,9.6952
2012,1,1,2,138,9.1615
2012,1,1,3,141,6.6137
2012,1,1,4,148,6.8841
2012,1,1,5,386,10.1249
2012,1,2,1,176,9.2451
2012,1,2,2,106,9.4499
2012,1,2,3,79,4.9231
2012,1,2,4,77,8.3996
2012,1,2,5,118,8.7448
2012,1,3,1,96,8.8625
2012,1,3,2,131,4.6785
2012,1,3,3,151,1.0551
2012,1,3,4,140,4.6138
2012,1,3,5,144,4.9436
2012,2,1,1,332,2.7293
2012,2,1,2,179,0.7417
2012,2,1,3,145,1.4795
2012,2,1,4,192,0.4441
2012,2,1,5,258,1.9318
2012,2,2,1,120,4.1696
2012,2,2,2,98,2.9045
2012,2,2,3,77,3.6460
2012,2,2,4,116,2.4256
2012,2,2,5,145,4.4284
2012,2,3,1,77,4.3168
2012,2,3,2,121,3.1081
2012,2,3,3,159,3.1574
2012,2,3,4,150,4.9300
2012,2,3,5,153,4.4191
2012,3,1,1,384,4.0898
2012,3,1,2,152,3.0504
2012,3,1,3,117,1.9559
2012,3,1,4,164,4.8427
2012,3,1,5,297,3.8659
2012,3,2,1,104,1.5205
2012,3,2,2,87,2.4262
2012,3,2,3,82,2.0055
2012,3,2,4,128,2.1639
2012,3,2,5,140,2.5016
2012,3,3,1,108,1.3698
2012,3,3,2,151,2.0961
2012,3,3,3,156,1.7077
2012,3,3,4,149,2.8352
2012,3,3,5,99,5.1779
2012,4,1,1,326,-2.4252
2012,4,1,2,187,-2.7128
2012,4,1,3,177,-2.0930
2012,4,1,4,174,-2.3680
2012,4,1,5,248,-3.1043
2012,4,2,1,104,-2.0100
2012,4,2,2,101,-1.9973
2012,4,2,3,109,0.2442
2012,4,2,4,114,-2.4558
2012,4,2,5,109,-0.7374
2012,4,3,1,133,0.3417
2012,4,3,2,178,-0.2304
2012,4,3,3,152,-1.3056
2012,4,3,4,127,-1.7443
2012,4,3,5,80,0.3290
2012,5,1,1,314,-6.9947
2012,5,1,2,173,-8.7054
2012,5,1,3,108,-5.0603
2012,5,1,4,213,-4.4097
2012,5,1,5,306,-9.5476
2012,5,2,1,116,-6.5312
2012,5,2,2,99,-4.6485
2012,5,2,3,92,-8.7136
2012,5,2,4,89,-7.2141
2012,5,2,5,131,-8.2420
2012,5,3,1,107,-5.0062
2012,5,3,2,149,-4.1664
2012,5,3,3,154,-4.9770
2012,5,3,4,173,-6.7229
2012,5,3,5,96,-7.0269
2012,6,1,1,180,6.2436
2012,6,1,2,202,6.4305
2012,6,1,3,171,4.4540
2012,6,1,4,180,6.0350
2012,6,1,5,375,7.4451
2012,6,2,1,98,4.7614
2012,6,2,2,109,2.8822
2012,6,2,3,95,4.9228
2012,6,2,4,93,2.4206
2012,6,2,5,145,6.7012
2012,6,3,1,83,1.8607
2012,6,3,2,141,3.2595
2012,6,3,3,173,2.6919
2012,6,3,4,169,4.6539
2012,6,3,5,122,4.5188
2012,7,1,1,378,-1.8800
2012,7,1,2,154,-3.4094
2012,7,1,3,165,-0.0906
2012,7,1,4,170,-1.6243
2012,7,1,5,242,-2.8647
2012,7,2,1,96,-3.6459
2012,7,2,2,95,-2.0283
2012,7,2,3,106,0.9967
2012,7,2,4,122,-1.4964
2012,7,2,5,121,-1.8253
2012,7,3,1,113,1.6827
2012,7,3,2,157,1.3632
2012,7,3,3,154,2.0281
2012,7,3,4,144,1.2838
2012,7,3,5,119,0.2153
2012,8,1,1,432,3.1359
2012,8,1,2,143,4.0394
2012,8,1,3,121,3.3405
2012,8,1,4,142,2.4630
2012,8,1,5,258,4.7336
2012,8,2,1,145,3.6763
2012,8,2,2,91,3.9540
2012,8,2,3,91,3.1426
2012,8,2,4,100,3.7200
2012,8,2,5,126,4.2402
2012,8,3,1,90,4.0733
2012,8,3,2,155,1.5395
2012,8,3,3,161,1.3431
2012,8,3,4,151,2.8071
2012,8,3,5,126,3.3576
2012,9,1,1,381,3.6079
2012,9,1,2,147,4.3142
2012,9,1,3,118,5.4944
2012,9,1,4,157,5.4224
2012,9,1,5,297,6.6638
2012,9,2,1,106,2.4630
2012,9,2,2,88,3.0583
2012,9,2,3,96,2.6674
2012,9,2,4,100,3.6986
2012,9,2,5,163,3.3488
2012,9,3,1,104,1.2342
2012,9,3,2,151,2.4791
2012,9,3,3,164,2.3243
2012,9,3,4,150,2.6707
2012,9,3,5,117,3.2994
2012,10,1,1,314,-5.5323
2012,10,1,2,208,-4.2614
2012,10,1,3,170,-3.1754
2012,10,1,4,131,-4.2182
2012,10,1,5,272,-2.6431
2012,10,2,1,116,-0.4892
2012,10,2,2,121,-1.9719
2012,10,2,3,109,-3.0312
2012,10,2,4,87,-1.1760
2012,10,2,5,123,-1.3295
2012,10,3,1,74,0.6784
2012,10,3,2,132,-1.5647
2012,10,3,3,151,-1.9368
2012,10,3,4,161,-2.2229
2012,10,3,5,165,-3.1639
2012,11,1,1,456,2.3153
2012,11,1,2,209,0.7460
2012,11,1,3,135,0.8215
2012,11,1,4,112,-0.8205
2012,11,1,5,189,1.2912
2012,11,2,1,151,1.9351
2012,11,2,2,120,1.8696
2012,11,2,3,104,0.7882
2012,11,2,4,73,0.9769
2012,11,2,5,95,1.7599
2012,11,3,1,73,3.7372
2012,11,3,2,135,1.5185
2012,11,3,3,160,0.5499
2012,11,3,4,163,1.1789
2012,11,3,5,152,-0.0802
2012,12,1,1,329,0.9690
2012,12,1,2,151,3.4685
2012,12,1,3,111,5.4080
2012,12,1,4,191,4.6521
2012,12,1,5,316,3.7428
2012,12,2,1,87,3.1374
2012,12,2,2,95,3.1460
2012,12,2,3,87,4.9042
2012,12,2,4,121,5.7084
2012,12,2,5,160,2.7299
2012,12,3,1,133,-0.4886
2012,12,3,2,164,-0.4734
2012,12,3,3,144,0.7902
2012,12,3,4,148,2.7946
2012,12,3,5,93,4.2993
2013,1,1,1,283,6.2779
2013,1,1,2,155,4.4906
2013,1,1,3,127,4.5355
2013,1,1,4,149,7.4682
2013,1,1,5,386,7.2257
2013,1,2,1,153,6.5041
2013,1,2,2,121,6.3850
2013,1,2,3,101,6.9818
2013,1,2,4,74,5.0487
2013,1,2,5,98,6.3853
2013,1,3,1,94,5.7021
2013,1,3,2,145,3.3603
2013,1,3,3,151,5.3071
2013,1,3,4,149,6.2116
2013,1,3,5,142,7.0969
2013,2,1,1,324,1.1746
2013,2,1,2,158,0.3901
2013,2,1,3,175,1.0892
2013,2,1,4,178,-0.2175
2013,2,1,5,258,-1.0494
2013,2,2,1,122,0.3427
2013,2,2,2,97,1.4583
2013,2,2,3,99,1.6348
2013,2,2,4,112,1.1240
2013,2,2,5,125,1.3810
2013,2,3,1,96,1.6194
2013,2,3,2,126,2.1500
2013,2,3,3,148,1.6114
2013,2,3,4,165,1.0914
2013,2,3,5,143,-0.2757
2013,3,1,1,389,5.8453
2013,3,1,2,148,4.3284
2013,3,1,3,141,2.7257
2013,3,1,4,153,5.5359
2013,3,1,5,270,3.3692
2013,3,2,1,99,6.3053
2013,3,2,2,81,4.9313
2013,3,2,3,91,4.8299
2013,3,2,4,121,4.2807
2013,3,2,5,156,4.4729
2013,3,3,1,115,3.1573
2013,3,3,2,160,4.9014
2013,3,3,3,147,4.5688
2013,3,3,4,141,3.4466
2013,3,3,5,116,1.3353
2013,4,1,1,320,0.8949
2013,4,1,2,173,0.9451
2013,4,1,3,177,-1.2454
2013,4,1,4,184,-1.8663
2013,4,1,5,245,3.0610
2013,4,2,1,113,-0.4126
2013,4,2,2,89,-1.3488
2013,4,2,3,122,-1.9013
2013,4,2,4,117,-1.1280
2013,4,2,5,104,-0.0918
2013,4,3,1,137,1.9516
2013,4,3,2,168,2.1476
2013,4,3,3,145,1.7048
2013,4,3,4,130,0.2506
2013,4,3,5,100,1.1801
2013,5,1,1,315,4.2037
2013,5,1,2,154,7.6372
2013,5,1,3,133,7.0671
2013,5,1,4,177,5.0901
2013,5,1,5,305,6.8534
2013,5,2,1,126,5.5491
2013,5,2,2,94,4.4405
2013,5,2,3,107,5.5390
2013,5,2,4,88,5.3224
2013,5,2,5,141,5.7025
2013,5,3,1,98,6.4766
2013,5,3,2,148,1.1723
2013,5,3,3,155,1.9396
2013,5,3,4,167,-0.0516
2013,5,3,5,113,2.8595
2013,6,1,1,227,0.6522
2013,6,1,2,193,1.4494
2013,6,1,3,177,-0.4589
2013,6,1,4,140,0.5339
2013,6,1,5,344,0.1864
2013,6,2,1,93,-1.6560
2013,6,2,2,109,-1.3569
2013,6,2,3,113,-1.3352
2013,6,2,4,91,-1.6067
2013,6,2,5,137,0.8093
2013,6,3,1,97,-1.5789
2013,6,3,2,132,-0.8898
2013,6,3,3,167,-2.3467
2013,6,3,4,158,-1.1640
2013,6,3,5,136,-0.5246
2013,7,1,1,366,9.7059
2013,7,1,2,155,8.3051
2013,7,1,3,147,7.4534
2013,7,1,4,163,7.4210
2013,7,1,5,228,7.9843
2013,7,2,1,110,6.9948
2013,7,2,2,88,6.3960
2013,7,2,3,90,7.2259
2013,7,2,4,142,6.5344
2013,7,2,5,120,7.2051
2013,7,3,1,119,4.9479
2013,7,3,2,162,5.1195
2013,7,3,3,142,4.3155
2013,7,3,4,146,5.4202
2013,7,3,5,102,7.2798
2013,8,1,1,390,-2.5258
2013,8,1,2,165,-1.4407
2013,8,1,3,137,-4.6990
2013,8,1,4,111,-3.4001
2013,8,1,5,248,-2.4436
2013,8,2,1,157,-3.0938
2013,8,2,2,95,-2.5302
2013,8,2,3,83,-2.7019
2013,8,2,4,95,-3.3015
2013,8,2,5,123,-3.1273
2013,8,3,1,91,-2.0987
2013,8,3,2,151,-2.7253
2013,8,3,3,134,-2.6589
2013,8,3,4,170,-1.9363
2013,8,3,5,126,-3.3529
2013,9,1,1,318,5.8615
2013,9,1,2,159,6.0500
2013,9,1,3,155,6.5611
2013,9,1,4,127,7.7984
2013,9,1,5,281,7.2185
2013,9,2,1,107,9.1521
2013,9,2,2,87,6.2521
2013,9,2,3,86,4.7333
2013,9,2,4,105,5.8158
2013,9,2,5,163,6.4831
2013,9,3,1,113,4.9639
2013,9,3,2,148,3.3095
2013,9,3,3,140,2.7920
2013,9,3,4,139,2.9570
2013,9,3,5,140,4.7661
2013,10,1,1,382,1.6409
2013,10,1,2,182,3.2511
2013,10,1,3,129,4.7300
2013,10,1,4,117,2.8349
2013,10,1,5,240,2.4090
2013,10,2,1,117,2.0427
2013,10,2,2,105,4.7091
2013,10,2,3,93,1.8991
2013,10,2,4,92,2.2020
2013,10,2,5,129,2.6715
2013,10,3,1,107,3.7001
2013,10,3,2,126,4.7538
2013,10,3,3,151,4.5384
2013,10,3,4,161,4.1008
2013,10,3,5,133,5.4140
2013,11,1,1,439,4.8751
2013,11,1,2,179,6.4790
2013,11,1,3,122,6.5407
2013,11,1,4,104,8.2197
2013,11,1,5,192,6.7013
2013,11,2,1,156,4.3654
2013,11,2,2,105,4.9130
2013,11,2,3,99,3.1996
2013,11,2,4,72,3.9574
2013,11,2,5,113,3.2927
2013,11,3,1,97,2.3197
2013,11,3,2,130,3.4215
2013,11,3,3,154,2.6535
2013,11,3,4,152,2.2502
2013,11,3,5,139,1.9081
2013,12,1,1,312,3.7413
2013,12,1,2,127,0.7362
2013,12,1,3,112,2.6569
2013,12,1,4,157,2.9635
2013,12,1,5,315,3.5101
2013,12,2,1,90,1.7768
2013,12,2,2,74,1.4200
2013,12,2,3,106,4.3320
2013,12,2,4,110,2.1353
2013,12,2,5,162,1.9937
2013,12,3,1,125,2.9024
2013,12,3,2,163,1.4042
2013,12,3,3,152,2.9784
2013,12,3,4,139,2.9870
2013,12,3,5,97,4.3436
2014,1,1,1,230,-3.9260
2014,1,1,2,115,-3.4300
2014,1,1,3,119,-3.3251
2014,1,1,4,124,-1.5524
2014,1,1,5,431,2.3840
2014,1,2,1,135,-5.2210
2014,1,2,2,114,-4.6129
2014,1,2,3,80,-3.6966
2014,1,2,4,100,-3.6638
2014,1,2,5,114,-2.4197
2014,1,3,1,87,-5.3567
2014,1,3,2,134,-2.8875
2014,1,3,3,140,-3.6857
2014,1,3,4,159,-2.2290
2014,1,3,5,148,-3.5761
2014,2,1,1,314,5.1767
2014,2,1,2,156,2.5690
2014,2,1,3,131,4.5350
2014,2,1,4,175,5.2904
2014,2,1,5,237,3.9774
2014,2,2,1,106,4.7768
2014,2,2,2,91,4.1343
2014,2,2,3,94,4.9489
2014,2,2,4,114,5.9374
2014,2,2,5,139,4.8346
2014,2,3,1,83,5.2361
2014,2,3,2,124,5.0640
2014,2,3,3,130,3.3826
2014,2,3,4,171,5.4251
2014,2,3,5,156,6.0723
2014,3,1,1,322,1.4691
2014,3,1,2,123,2.4331
2014,3,1,3,107,-0.4941
2014,3,1,4,154,1.7546
2014,3,1,5,287,-1.2401
2014,3,2,1,107,0.6258
2014,3,2,2,79,0.0614
2014,3,2,3,99,0.2340
2014,3,2,4,124,0.4915
2014,3,2,5,137,0.3257
2014,3,3,1,99,1.8382
2014,3,3,2,148,1.4492
2014,3,3,3,136,0.5792
2014,3,3,4,173,-0.7615
2014,3,3,5,109,-1.3315
2014,4,1,1,306,-5.5205
2014,4,1,2,135,-4.9852
2014,4,1,3,149,-4.4316
2014,4,1,4,187,-4.9644
2014,4,1,5,217,-4.8292
2014,4,2,1,113,-2.2161
2014,4,2,2,107,-2.5207
2014,4,2,3,98,-3.1988
2014,4,2,4,110,-2.5744
2014,4,2,5,110,-2.1503
2014,4,3,1,145,2.0220
2014,4,3,2,146,0.5852
2014,4,3,3,146,1.8066
2014,4,3,4,139,-1.5978
2014,4,3,5,90,-0.9358
2014,5,1,1,296,-1.1117
2014,5,1,2,152,-1.9103
2014,5,1,3,117,-0.8089
2014,5,1,4,117,-0.5078
2014,5,1,5,301,0.2614
2014,5,2,1,120,0.0945
2014,5,2,2,106,1.3221
2014,5,2,3,79,1.5329
2014,5,2,4,99,-0.2676
2014,5,2,5,133,0.7021
2014,5,3,1,82,2.3574
2014,5,3,2,149,1.7748
2014,5,3,3,165,2.8191
2014,5,3,4,167,2.6533
2014,5,3,5,112,1.0065
2014,6,1,1,231,5.4711
2014,6,1,2,140,5.6559
2014,6,1,3,145,3.9553
2014,6,1,4,153,4.7718
2014,6,1,5,298,5.2938
2014,6,2,1,86,5.0832
2014,6,2,2,102,5.3654
2014,6,2,3,102,5.0414
2014,6,2,4,89,4.9474
2014,6,2,5,175,5.8367
2014,6,3,1,95,4.5614
2014,6,3,2,143,1.9087
2014,6,3,3,153,1.8146
2014,6,3,4,156,2.1008
2014,6,3,5,124,1.4572
2014,7,1,1,358,-5.3239
2014,7,1,2,168,-5.6198
2014,7,1,3,111,-6.8838
2014,7,1,4,144,-6.1793
2014,7,1,5,180,-6.5993
2014,7,2,1,144,-4.8307
2014,7,2,2,100,-7.0097
2014,7,2,3,90,-7.4477
2014,7,2,4,118,-6.2407
2014,7,2,5,96,-7.9267
2014,7,3,1,125,-2.0918
2014,7,3,2,154,-1.8385
2014,7,3,3,133,-1.6066
2014,7,3,4,145,-1.4537
2014,7,3,5,122,-1.0929
2014,8,1,1,375,3.7889
2014,8,1,2,134,4.4952
2014,8,1,3,93,7.2013
2014,8,1,4,102,4.0139
2014,8,1,5,247,5.0750
2014,8,2,1,162,5.9501
2014,8,2,2,111,4.3719
2014,8,2,3,76,5.6049
2014,8,2,4,82,5.2522
2014,8,2,5,125,5.3875
2014,8,3,1,83,4.7574
2014,8,3,2,142,4.5782
2014,8,3,3,158,2.9014
2014,8,3,4,168,4.8088
2014,8,3,5,125,4.3544
2014,9,1,1,285,-6.2100
2014,9,1,2,110,-4.8568
2014,9,1,3,107,-4.6124
2014,9,1,4,142,-8.2961
2014,9,1,5,307,-9.3015
2014,9,2,1,122,-7.0462
2014,9,2,2,82,-5.8255
2014,9,2,3,77,-4.1842
2014,9,2,4,115,-5.0332
2014,9,2,5,152,-7.6720
2014,9,3,1,99,-1.7857
2014,9,3,2,144,-2.1866
2014,9,3,3,155,-1.5760
2014,9,3,4,141,-2.2567
2014,9,3,5,136,-1.7161
2014,10,1,1,410,3.7676
2014,10,1,2,118,4.6086
2014,10,1,3,113,6.4199
2014,10,1,4,119,3.9316
2014,10,1,5,174,4.3863
2014,10,2,1,150,5.7532
2014,10,2,2,104,7.1081
2014,10,2,3,112,6.9263
2014,10,2,4,83,6.0968
2014,10,2,5,117,5.2990
2014,10,3,1,137,4.8157
2014,10,3,2,129,2.6742
2014,10,3,3,137,2.0732
2014,10,3,4,145,0.7347
2014,10,3,5,124,-0.7006
2014,11,1,1,428,-0.3214
2014,11,1,2,115,0.1152
2014,11,1,3,103,-2.1852
2014,11,1,4,100,-2.5951
2014,11,1,5,179,-2.4013
2014,11,2,1,139,0.9705
2014,11,2,2,100,-0.2900
2014,11,2,3,91,1.1208
2014,11,2,4,115,0.6962
2014,11,2,5,129,-1.1099
2014,11,3,1,116,3.6893
2014,11,3,2,141,4.2411
2014,11,3,3,148,2.3303
2014,11,3,4,147,2.8032
2014,11,3,5,125,0.6920
2014,12,1,1,302,4.3292
2014,12,1,2,102,4.8999
2014,12,1,3,81,7.8259
2014,12,1,4,157,4.9673
2014,12,1,5,268,3.0842
2014,12,2,1,105,0.1798
2014,12,2,2,88,1.2232
2014,12,2,3,90,2.7171
2014,12,2,4,125,3.0789
2014,12,2,5,167,0.9859
2014,12,3,1,157,-1.6426
2014,12,3,2,167,0.0054
2014,12,3,3,151,0.4985
2014,12,3,4,135,-0.9958
2014,12,3,5,79,0.5768
2015,1,1,1,238,-7.0924
2015,1,1,2,120,-5.7137
2015,1,1,3,91,-3.1026
2015,1,1,4,136,-6.9466
2015,1,1,5,321,-3.4840
2015,1,2,1,159,-2.5018
2015,1,2,2,91,-3.5963
2015,1,2,3,103,-3.7816
2015,1,2,4,93,-4.3223
2015,1,2,5,125,-4.6635
2015,1,3,1,109,0.0243
2015,1,3,2,141,-0.5152
2015,1,3,3,154,-4.5513
2015,1,3,4,144,-2.7288
2015,1,3,5,147,-1.5590
2015,2,1,1,309,5.9156
2015,2,1,2,142,6.1742
2015,2,1,3,103,6.0219
2015,2,1,4,143,6.8299
2015,2,1,5,210,8.0299
2015,2,2,1,140,6.8913
2015,2,2,2,99,5.6645
2015,2,2,3,78,5.8328
2015,2,2,4,89,7.9011
2015,2,2,5,150,8.3302
2015,2,3,1,101,3.1099
2015,2,3,2,136,4.8097
2015,2,3,3,154,5.0505
2015,2,3,4,160,6.3206
2015,2,3,5,147,9.0805
2015,3,1,1,352,-1.9880
2015,3,1,2,100,-0.1769
2015,3,1,3,82,2.8714
2015,3,1,4,117,-3.0304
2015,3,1,5,260,1.4586
2015,3,2,1,108,0.7701
2015,3,2,2,78,0.4985
2015,3,2,3,72,0.7515
2015,3,2,4,122,0.5679
2015,3,2,5,172,2.3187
2015,3,3,1,117,-2.5752
2015,3,3,2,159,-1.9777
2015,3,3,3,154,-1.8677
2015,3,3,4,159,-1.1389
2015,3,3,5,104,-0.7747
2015,4,1,1,320,1.0715
2015,4,1,2,165,-0.9240
2015,4,1,3,103,-0.6505
2015,4,1,4,88,-1.1244
2015,4,1,5,244,-0.8647
2015,4,2,1,151,0.1038
2015,4,2,2,103,-3.0208
2015,4,2,3,89,-1.9071
2015,4,2,4,80,-2.8189
2015,4,2,5,118,-2.4684
2015,4,3,1,101,2.2080
2015,4,3,2,155,0.0975
2015,4,3,3,154,-0.5990
2015,4,3,4,151,1.3795
2015,4,3,5,133,2.4717
2015,5,1,1,306,-1.6386
2015,5,1,2,152,-0.2622
2015,5,1,3,86,0.6194
2015,5,1,4,101,1.7801
2015,5,1,5,280,0.5138
2015,5,2,1,105,0.2467
2015,5,2,2,108,1.1092
2015,5,2,3,74,1.4741
2015,5,2,4,91,3.2103
2015,5,2,5,160,2.2802
2015,5,3,1,91,-2.4778
2015,5,3,2,129,-0.4908
2015,5,3,3,164,1.6206
2015,5,3,4,157,1.6212
2015,5,3,5,149,2.2419
2015,6,1,1,261,-0.1396
2015,6,1,2,150,-1.1896
2015,6,1,3,128,-0.3663
2015,6,1,4,132,1.2432
2015,6,1,5,257,1.7824
2015,6,2,1,108,-0.3601
2015,6,2,2,86,-0.6763
2015,6,2,3,93,-1.6643
2015,6,2,4,94,1.2222
2015,6,2,5,156,1.0311
2015,6,3,1,88,-2.3419
2015,6,3,2,145,-2.3738
2015,6,3,3,161,-2.6310
2015,6,3,4,171,-2.3546
2015,6,3,5,129,-2.3368
2015,7,1,1,326,-6.5492
2015,7,1,2,157,-6.9928
2015,7,1,3,99,-7.1763
2015,7,1,4,105,-3.7762
2015,7,1,5,240,-9.3168
2015,7,2,1,149,-1.0437
2015,7,2,2,97,-1.4534
2015,7,2,3,80,-1.7221
2015,7,2,4,92,-1.4009
2015,7,2,5,101,-6.3808
2015,7,3,1,130,2.0820
2015,7,3,2,157,2.2962
2015,7,3,3,140,2.1641
2015,7,3,4,137,-0.7252
2015,7,3,5,131,1.7922
2015,8,1,1,366,-3.1785
2015,8,1,2,149,-3.3232
2015,8,1,3,89,-4.1805
2015,8,1,4,98,-2.1560
2015,8,1,5,227,-4.1146
2015,8,2,1,131,-5.0402
2015,8,2,2,110,-4.9596
2015,8,2,3,82,-4.8777
2015,8,2,4,72,-5.9874
2015,8,2,5,110,-4.0670
2015,8,3,1,76,-5.1493
2015,8,3,2,135,-6.4455
2015,8,3,3,142,-5.7292
2015,8,3,4,157,-5.4675
2015,8,3,5,193,-6.3752
2015,9,1,1,294,-7.7243
2015,9,1,2,120,-6.9071
2015,9,1,3,111,-8.9998
2015,9,1,4,123,-5.4932
2015,9,1,5,283,-8.6644
2015,9,2,1,103,-8.2554
2015,9,2,2,63,-6.5939
2015,9,2,3,96,-5.5552
2015,9,2,4,79,-6.6610
2015,9,2,5,163,-5.9570
2015,9,3,1,103,-3.9825
2015,9,3,2,138,-0.9273
2015,9,3,3,155,-1.6997
2015,9,3,4,153,-3.2905
2015,9,3,5,151,-2.6462
2015,10,1,1,380,7.8460
2015,10,1,2,111,5.3090
2015,10,1,3,106,6.4662
2015,10,1,4,113,4.2609
2015,10,1,5,196,5.5498
2015,10,2,1,133,4.8528
2015,10,2,2,73,6.8145
2015,10,2,3,99,7.4779
2015,10,2,4,87,7.8795
2015,10,2,5,119,9.1776
2015,10,3,1,155,6.5172
2015,10,3,2,164,8.0392
2015,10,3,3,153,8.9879
2015,10,3,4,127,8.1839
2015,10,3,5,110,10.9309
2015,11,1,1,358,1.8916
2015,11,1,2,98,1.3674
2015,11,1,3,93,2.9435
2015,11,1,4,117,2.9740
2015,11,1,5,238,3.0644
2015,11,2,1,101,6.6382
2015,11,2,2,75,2.9962
2015,11,2,3,89,3.9740
2015,11,2,4,96,2.3056
2015,11,2,5,145,1.5191
2015,11,3,1,143,0.3617
2015,11,3,2,161,0.0018
2015,11,3,3,143,-1.1543
2015,11,3,4,152,1.7854
2015,11,3,5,109,-1.4891
2015,12,1,1,319,-5.2521
2015,12,1,2,103,-5.2896
2015,12,1,3,94,-6.2831
2015,12,1,4,122,-6.7475
2015,12,1,5,256,-6.9655
2015,12,2,1,117,-3.9579
2015,12,2,2,80,-3.4858
2015,12,2,3,83,-6.9231
2015,12,2,4,106,-5.5336
2015,12,2,5,140,-5.7738
2015,12,3,1,147,-1.6037
2015,12,3,2,154,-0.8191
2015,12,3,3,156,-1.6722
2015,12,3,4,146,-3.4950
2015,12,3,5,99,-0.6518
2016,1,1,1,219,-8.3099
2016,1,1,2,110,-7.4635
2016,1,1,3,85,-10.7147
2016,1,1,4,137,-10.4855
2016,1,1,5,341,-11.3998
2016,1,2,1,136,-5.0336
2016,1,2,2,97,-6.6093
2016,1,2,3,75,-7.3326
2016,1,2,4,89,-8.9395
2016,1,2,5,124,-11.9311
2016,1,3,1,101,-2.2889
2016,1,3,2,136,-1.4207
2016,1,3,3,149,-5.0085
2016,1,3,4,158,-5.9961
2016,1,3,5,160,-11.9332
2016,2,1,1,319,0.3564
2016,2,1,2,132,1.0148
2016,2,1,3,111,0.7367
2016,2,1,4,125,2.0606
2016,2,1,5,201,1.1752
2016,2,2,1,151,1.4557
2016,2,2,2,90,2.0963
2016,2,2,3,68,3.7853
2016,2,2,4,92,3.6762
2016,2,2,5,110,-0.1640
2016,2,3,1,106,1.5783
2016,2,3,2,117,-0.1916
2016,2,3,3,175,0.8988
2016,2,3,4,158,1.4792
2016,2,3,5,148,-0.7327
2016,3,1,1,352,11.0173
2016,3,1,2,106,9.4563
2016,3,1,3,66,9.7321
2016,3,1,4,86,7.3540
2016,3,1,5,267,7.7503
2016,3,2,1,115,12.3498
2016,3,2,2,81,9.0925
2016,3,2,3,71,9.8727
2016,3,2,4,94,8.9966
2016,3,2,5,160,9.6313
2016,3,3,1,120,8.1868
2016,3,3,2,154,7.1741
2016,3,3,3,163,7.7496
2016,3,3,4,148,5.2077
2016,3,3,5,115,5.8420
2016,4,1,1,374,5.6128
2016,4,1,2,144,5.9227
2016,4,1,3,105,3.9129
2016,4,1,4,94,3.7685
2016,4,1,5,157,6.2554
2016,4,2,1,183,1.2397
2016,4,2,2,115,2.1319
2016,4,2,3,78,3.8073
2016,4,2,4,73,2.0461
2016,4,2,5,75,0.0869
2016,4,3,1,84,-1.5472
2016,4,3,2,134,1.2970
2016,4,3,3,160,2.6154
2016,4,3,4,157,-0.4334
2016,4,3,5,158,-0.8791
2016,5,1,1,337,-3.2385
2016,5,1,2,112,-1.7737
2016,5,1,3,100,-2.6453
2016,5,1,4,92,0.9325
2016,5,1,5,260,0.0148
2016,5,2,1,115,-0.3827
2016,5,2,2,84,1.4475
2016,5,2,3,76,1.7109
2016,5,2,4,92,0.9637
2016,5,2,5,135,0.9099
2016,5,3,1,75,-0.0548
2016,5,3,2,141,1.3930
2016,5,3,3,162,1.9804
2016,5,3,4,160,1.4757
2016,5,3,5,143,2.4791
2016,6,1,1,289,-1.2188
2016,6,1,2,98,-0.4719
2016,6,1,3,107,2.6590
2016,6,1,4,97,1.5466
2016,6,1,5,309,0.0591
2016,6,2,1,93,-1.1043
2016,6,2,2,66,-2.3979
2016,6,2,3,88,2.3743
2016,6,2,4,79,-0.1460
2016,6,2,5,166,0.3105
2016,6,3,1,124,-1.5481
2016,6,3,2,148,0.1623
2016,6,3,3,145,2.6741
2016,6,3,4,143,2.8992
2016,6,3,5,122,0.6253
2016,7,1,1,296,7.2350
2016,7,1,2,99,5.4585
2016,7,1,3,108,6.9929
2016,7,1,4,126,5.4502
2016,7,1,5,252,6.2921
2016,7,2,1,158,7.1891
2016,7,2,2,79,6.1905
2016,7,2,3,72,5.6504
2016,7,2,4,85,4.0685
2016,7,2,5,92,4.5589
2016,7,3,1,94,5.5105
2016,7,3,2,133,2.7032
2016,7,3,3,138,2.6819
2016,7,3,4,146,2.5613
2016,7,3,5,153,5.3913
2016,8,1,1,378,3.1394
2016,8,1,2,101,3.4103
2016,8,1,3,95,2.1268
2016,8,1,4,84,6.8030
2016,8,1,5,222,1.9660
2016,8,2,1,117,0.3303
2016,8,2,2,84,0.3369
2016,8,2,3,77,0.2675
2016,8,2,4,76,1.3508
2016,8,2,5,130,1.9416
2016,8,3,1,85,0.7470
2016,8,3,2,131,-1.4020
2016,8,3,3,145,-0.9764
2016,8,3,4,156,0.3132
2016,8,3,5,151,-0.0064
2016,9,1,1,270,3.4173
2016,9,1,2,135,1.2472
2016,9,1,3,109,2.5771
2016,9,1,4,112,3.9424
2016,9,1,5,264,3.4298
2016,9,2,1,99,2.7001
2016,9,2,2,92,0.1247
2016,9,2,3,71,0.5062
2016,9,2,4,84,0.1391
2016,9,2,5,131,1.4538
2016,9,3,1,87,4.2512
2016,9,3,2,112,1.4785
2016,9,3,3,150,1.3098
2016,9,3,4,135,-0.0635
2016,9,3,5,173,-0.7012
2016,10,1,1,409,-8.2522
2016,10,1,2,114,-3.8843
2016,10,1,3,87,-4.5063
2016,10,1,4,104,-5.3200
2016,10,1,5,180,-5.7748
2016,10,2,1,104,-6.0478
2016,10,2,2,66,-5.4015
2016,10,2,3,92,-3.2214
2016,10,2,4,95,-5.0201
2016,10,2,5,104,-3.8998
2016,10,3,1,148,-2.2825
2016,10,3,2,153,-1.9576
2016,10,3,3,144,-2.7337
2016,10,3,4,121,-3.5233
2016,10,3,5,92,-2.8243
2016,11,1,1,350,12.4659
2016,11,1,2,127,10.9960
2016,11,1,3,84,13.4178
2016,11,1,4,103,11.8135
2016,11,1,5,227,11.7752
2016,11,2,1,88,11.9133
2016,11,2,2,94,10.9790
2016,11,2,3,82,12.2410
2016,11,2,4,76,13.5852
2016,11,2,5,118,8.5971
2016,11,3,1,85,5.8915
2016,11,3,2,127,3.7102
2016,11,3,3,151,2.1010
2016,11,3,4,165,3.0462
2016,11,3,5,133,3.8603
2016,12,1,1,285,2.0700
2016,12,1,2,123,5.7795
2016,12,1,3,84,3.0662
2016,12,1,4,119,2.6991
2016,12,1,5,269,5.0403
2016,12,2,1,90,0.9696
2016,12,2,2,67,2.8993
2016,12,2,3,85,2.0168
2016,12,2,4,88,1.9152
2016,12,2,5,133,2.5513
2016,12,3,1,135,1.5285
2016,12,3,2,157,1.1167
2016,12,3,3,155,0.9941
2016,12,3,4,126,2.2442
2016,12,3,5,90,2.3503
2017,1,1,1,220,-3.0681
2017,1,1,2,105,-4.5778
2017,1,1,3,97,-3.0027
2017,1,1,4,94,-1.6683
2017,1,1,5,368,1.3383
2017,1,2,1,109,-0.1908
2017,1,2,2,84,1.4360
2017,1,2,3,74,-0.7477
2017,1,2,4,81,0.9200
2017,1,2,5,113,3.5341
2017,1,3,1,87,0.6488
2017,1,3,2,128,-0.3958
2017,1,3,3,155,3.1489
2017,1,3,4,142,3.2924
2017,1,3,5,147,5.3810
2017,2,1,1,309,-1.0800
2017,2,1,2,139,-0.0465
2017,2,1,3,123,0.1513
2017,2,1,4,88,0.6062
2017,2,1,5,227,1.0130
2017,2,2,1,117,2.2168
2017,2,2,2,85,0.3767
2017,2,2,3,77,-0.0390
2017,2,2,4,70,1.1104
2017,2,2,5,103,1.2547
2017,2,3,1,94,3.3519
2017,2,3,2,127,3.4448
2017,2,3,3,148,4.5856
2017,2,3,4,151,1.8641
2017,2,3,5,139,4.4318
2017,3,1,1,321,0.7079
2017,3,1,2,129,1.5246
2017,3,1,3,82,2.8871
2017,3,1,4,108,2.2355
2017,3,1,5,251,1.5899
2017,3,2,1,89,0.1204
2017,3,2,2,71,0.1748
2017,3,2,3,67,1.6905
2017,3,2,4,90,-0.0945
2017,3,2,5,125,0.7646
2017,3,3,1,103,1.0127
2017,3,3,2,165,0.5793
2017,3,3,3,158,1.3517
2017,3,3,4,134,-0.5753
2017,3,3,5,104,-0.3955
2017,4,1,1,352,2.4405
2017,4,1,2,134,1.9750
2017,4,1,3,107,0.2372
2017,4,1,4,94,-0.1003
2017,4,1,5,186,0.8863
2017,4,2,1,178,2.3167
2017,4,2,2,98,1.1226
2017,4,2,3,59,-0.7027
2017,4,2,4,53,0.5869
2017,4,2,5,66,-0.3206
2017,4,3,1,94,0.3639
2017,4,3,2,144,3.2832
2017,4,3,3,152,0.9061
2017,4,3,4,146,0.6760
2017,4,3,5,131,0.8754
2017,5,1,1,323,-2.9052
2017,5,1,2,103,-5.7058
2017,5,1,3,102,-2.1443
2017,5,1,4,90,-3.3671
2017,5,1,5,249,-3.5537
2017,5,2,1,105,-2.6953
2017,5,2,2,77,-2.5719
2017,5,2,3,78,-2.4754
2017,5,2,4,65,-3.0775
2017,5,2,5,130,-0.9994
2017,5,3,1,85,-0.4866
2017,5,3,2,126,1.0118
2017,5,3,3,144,1.6593
2017,5,3,4,155,2.1414
2017,5,3,5,156,2.1484
2017,6,1,1,235,4.1284
2017,6,1,2,121,3.1332
2017,6,1,3,80,4.3301
2017,6,1,4,134,4.1169
2017,6,1,5,308,5.7930
2017,6,2,1,70,3.1107
2017,6,2,2,48,2.3365
2017,6,2,3,67,1.5688
2017,6,2,4,86,1.2879
2017,6,2,5,177,3.6088
2017,6,3,1,115,-0.0060
2017,6,3,2,155,-0.3168
2017,6,3,3,154,0.1653
2017,6,3,4,130,-0.5747
2017,6,3,5,109,-1.1484
2017,7,1,1,324,0.2035
2017,7,1,2,163,-1.9078
2017,7,1,3,93,-0.3704
2017,7,1,4,82,-2.2812
2017,7,1,5,185,-0.1137
2017,7,2,1,127,2.0288
2017,7,2,2,89,1.1172
2017,7,2,3,84,1.5277
2017,7,2,4,59,0.9572
2017,7,2,5,84,-0.1958
2017,7,3,1,64,3.3251
2017,7,3,2,118,2.3965
2017,7,3,3,140,2.2687
2017,7,3,4,147,1.2972
2017,7,3,5,191,2.5637
2017,8,1,1,308,-1.7794
2017,8,1,2,92,-2.8397
2017,8,1,3,89,1.2720
2017,8,1,4,131,-0.1500
2017,8,1,5,229,-3.8330
2017,8,2,1,109,-0.3379
2017,8,2,2,58,-2.8087
2017,8,2,3,80,-0.9329
2017,8,2,4,83,-1.7747
2017,8,2,5,117,-2.9634
2017,8,3,1,100,-0.1742
2017,8,3,2,143,-0.3598
2017,8,3,3,154,0.9493
2017,8,3,4,144,0.5140
2017,8,3,5,116,3.2265
2017,9,1,1,267,12.0091
2017,9,1,2,144,10.0877
2017,9,1,3,96,7.9372
2017,9,1,4,91,10.1697
2017,9,1,5,237,8.5730
2017,9,2,1,104,8.1195
2017,9,2,2,87,5.9729
2017,9,2,3,75,6.5790
2017,9,2,4,67,8.0600
2017,9,2,5,125,7.0924
2017,9,3,1,77,5.3434
2017,9,3,2,127,0.7729
2017,9,3,3,154,2.5983
2017,9,3,4,146,1.9935
2017,9,3,5,153,0.4968
2017,10,1,1,368,-1.5093
2017,10,1,2,125,2.4811
2017,10,1,3,82,1.3029
2017,10,1,4,96,2.4201
2017,10,1,5,170,0.3576
2017,10,2,1,111,-1.3053
2017,10,2,2,86,0.2856
2017,10,2,3,60,-0.4392
2017,10,2,4,82,0.2340
2017,10,2,5,107,1.2013
2017,10,3,1,118,2.4949
2017,10,3,2,143,1.6654
2017,10,3,3,145,1.1072
2017,10,3,4,127,5.2003
2017,10,3,5,115,0.4626
2017,11,1,1,286,4.7054
2017,11,1,2,121,5.1040
2017,11,1,3,90,2.9670
2017,11,1,4,91,4.2010
2017,11,1,5,246,3.3095
2017,11,2,1,76,1.5764
2017,11,2,2,93,6.4719
2017,11,2,3,84,1.2420
2017,11,2,4,71,2.9385
2017,11,2,5,132,2.6990
2017,11,3,1,91,3.9055
2017,11,3,2,117,3.3069
2017,11,3,3,151,2.9095
2017,11,3,4,146,2.5671
2017,11,3,5,143,3.4693
2017,12,1,1,271,1.9913
2017,12,1,2,109,0.4948
2017,12,1,3,79,-2.1865
2017,12,1,4,87,-0.6158
2017,12,1,5,277,-1.5625
2017,12,2,1,95,2.3578
2017,12,2,2,83,0.6066
2017,12,2,3,77,0.0327
2017,12,2,4,66,-0.5292
2017,12,2,5,137,-0.5174
2017,12,3,1,86,1.9074
2017,12,3,2,135,1.7399
2017,12,3,3,155,1.8772
2017,12,3,4,162,0.1856
2017,12,3,5,108,-0.3635
2018,1,1,1,247,1.8207
2018,1,1,2,119,0.9909
2018,1,1,3,101,0.0591
2018,1,1,4,125,1.6653
2018,1,1,5,234,-0.2824
2018,1,2,1,128,3.0058
2018,1,2,2,89,3.1931
2018,1,2,3,69,1.7263
2018,1,2,4,81,2.1154
2018,1,2,5,79,1.1978
2018,1,3,1,69,2.4183
2018,1,3,2,124,6.5285
2018,1,3,3,149,8.8360
2018,1,3,4,160,3.7061
2018,1,3,5,147,4.4381
2018,2,1,1,322,-4.9355
2018,2,1,2,110,-2.8581
2018,2,1,3,88,-2.5452
2018,2,1,4,106,-3.6696
2018,2,1,5,194,-5.9033
2018,2,2,1,116,-6.1555
2018,2,2,2,80,-4.7789
2018,2,2,3,74,-7.2189
2018,2,2,4,78,-3.9494
2018,2,2,5,105,-4.9838
2018,2,3,1,92,-3.6971
2018,2,3,2,136,-4.5194
2018,2,3,3,151,-3.6313
2018,2,3,4,142,-3.0024
2018,2,3,5,129,-3.1334
2018,3,1,1,352,3.4331
2018,3,1,2,89,3.0078
2018,3,1,3,77,4.8151
2018,3,1,4,103,1.9975
2018,3,1,5,199,2.0566
2018,3,2,1,103,0.7527
2018,3,2,2,65,-1.0442
2018,3,2,3,65,2.4539
2018,3,2,4,98,0.9179
2018,3,2,5,125,0.6616
2018,3,3,1,146,-2.7623
2018,3,3,2,172,-1.7414
2018,3,3,3,135,-3.0479
2018,3,3,4,122,0.1045
2018,3,3,5,70,-0.3096
2018,4,1,1,311,1.0493
2018,4,1,2,127,0.2425
2018,4,1,3,82,-0.4601
2018,4,1,4,115,0.1537
2018,4,1,5,189,4.1639
2018,4,2,1,135,-0.2759
2018,4,2,2,107,-0.2803
2018,4,2,3,68,-2.3013
2018,4,2,4,61,1.0066
2018,4,2,5,81,2.9198
2018,4,3,1,115,-1.0819
2018,4,3,2,136,-1.0727
2018,4,3,3,144,0.1744
2018,4,3,4,148,0.6641
2018,4,3,5,94,2.3394
2018,5,1,1,305,8.4986
2018,5,1,2,111,10.6857
2018,5,1,3,100,3.2129
2018,5,1,4,72,11.0372
2018,5,1,5,239,6.5139
2018,5,2,1,85,7.3665
2018,5,2,2,70,5.6724
2018,5,2,3,79,3.9356
2018,5,2,4,76,5.8118
2018,5,2,5,142,6.7662
2018,5,3,1,76,0.9794
2018,5,3,2,122,2.4141
2018,5,3,3,136,1.0493
2018,5,3,4,127,2.6233
2018,5,3,5,175,5.9193
2018,6,1,1,241,0.2058
2018,6,1,2,106,4.5083
2018,6,1,3,96,0.1210
2018,6,1,4,110,0.8787
2018,6,1,5,265,0.8083
2018,6,2,1,89,2.7987
2018,6,2,2,73,0.6687
2018,6,2,3,74,2.0467
2018,6,2,4,91,1.5264
2018,6,2,5,141,2.6444
2018,6,3,1,118,-0.8364
2018,6,3,2,142,0.6089
2018,6,3,3,132,0.5654
2018,6,3,4,136,2.0344
2018,6,3,5,112,1.8573
2018,7,1,1,262,-0.0971
2018,7,1,2,123,0.2532
2018,7,1,3,101,0.6615
2018,7,1,4,114,0.2621
2018,7,1,5,202,1.3436
2018,7,2,1,107,0.1610
2018,7,2,2,93,2.3236
2018,7,2,3,85,3.7690
2018,7,2,4,83,5.0756
2018,7,2,5,111,2.0467
2018,7,3,1,73,0.0901
2018,7,3,2,105,3.7598
2018,7,3,3,134,4.5556
2018,7,3,4,153,4.5049
2018,7,3,5,181,2.2966
2018,8,1,1,273,4.7528
2018,8,1,2,89,2.4600
2018,8,1,3,75,6.2218
2018,8,1,4,105,3.2307
2018,8,1,5,253,3.6655
2018,8,2,1,118,4.3155
2018,8,2,2,86,3.0722
2018,8,2,3,82,4.3748
2018,8,2,4,80,3.2260
2018,8,2,5,119,2.7516
2018,8,3,1,111,3.4058
2018,8,3,2,132,1.4498
2018,8,3,3,140,3.9970
2018,8,3,4,134,3.3495
2018,8,3,5,131,7.4492
2018,9,1,1,254,-2.6101
2018,9,1,2,112,-1.6916
2018,9,1,3,94,-4.4612
2018,9,1,4,79,-4.2964
2018,9,1,5,261,-4.5301
2018,9,2,1,114,-2.8925
2018,9,2,2,82,-2.3932
2018,9,2,3,85,-1.0570
2018,9,2,4,79,-1.4233
2018,9,2,5,120,-2.6700
2018,9,3,1,72,-1.5946
2018,9,3,2,117,2.6869
2018,9,3,3,135,2.4810
2018,9,3,4,170,0.3377
2018,9,3,5,156,0.3085
2018,10,1,1,341,-11.3320
2018,10,1,2,115,-9.1239
2018,10,1,3,91,-11.7597
2018,10,1,4,84,-10.3793
2018,10,1,5,168,-10.5301
2018,10,2,1,119,-10.5700
2018,10,2,2,84,-14.2178
2018,10,2,3,81,-7.5455
2018,10,2,4,74,-9.3209
2018,10,2,5,128,-10.3365
2018,10,3,1,96,-7.1702
2018,10,3,2,151,-6.5765
2018,10,3,3,147,-5.9245
2018,10,3,4,132,-7.1889
2018,10,3,5,132,-10.0120
2018,11,1,1,261,-2.6138
2018,11,1,2,109,-0.3374
2018,11,1,3,79,-0.7770
2018,11,1,4,109,-0.5264
2018,11,1,5,235,-0.0752
2018,11,2,1,67,0.4407
2018,11,2,2,74,1.2818
2018,11,2,3,79,-0.2168
2018,11,2,4,105,2.0752
2018,11,2,5,162,2.6207
2018,11,3,1,137,1.3572
2018,11,3,2,137,3.5263
2018,11,3,3,148,0.2495
2018,11,3,4,130,3.5896
2018,11,3,5,111,-0.4843
2018,12,1,1,253,-15.3724
2018,12,1,2,99,-12.5680
2018,12,1,3,88,-13.4452
2018,12,1,4,77,-10.0546
2018,12,1,5,274,-12.3686
2018,12,2,1,89,-13.0531
2018,12,2,2,108,-11.5998
2018,12,2,3,66,-11.8849
2018,12,2,4,85,-11.2670
2018,12,2,5,125,-12.7067
2018,12,3,1,106,-11.7212
2018,12,3,2,142,-9.5385
2018,12,3,3,158,-7.7432
2018,12,3,4,153,-8.2450
2018,12,3,5,115,-7.2657
2019,1,1,1,252,17.1233
2019,1,1,2,129,9.7399
2019,1,1,3,88,12.3314
2019,1,1,4,86,12.6636
2019,1,1,5,231,9.0247
2019,1,2,1,110,13.5171
2019,1,2,2,121,11.0370
2019,1,2,3,83,14.4426
2019,1,2,4,77,9.8245
2019,1,2,5,83,14.0154
2019,1,3,1,55,9.4575
2019,1,3,2,125,8.7541
2019,1,3,3,168,6.2117
2019,1,3,4,159,8.7104
2019,1,3,5,171,9.0279
2019,2,1,1,325,7.0992
2019,2,1,2,126,7.4626
2019,2,1,3,60,0.9571
2019,2,1,4,83,5.3913
2019,2,1,5,201,6.7758
2019,2,2,1,119,3.8766
2019,2,2,2,88,5.0943
2019,2,2,3,79,5.4385
2019,2,2,4,91,4.5247
2019,2,2,5,107,5.5810
2019,2,3,1,74,4.1804
2019,2,3,2,142,2.6531
2019,2,3,3,149,3.2565
2019,2,3,4,155,3.9648
2019,2,3,5,150,5.4738
2019,3,1,1,323,-1.4300
2019,3,1,2,64,-3.4894
2019,3,1,3,80,-4.4687
2019,3,1,4,96,-2.9299
2019,3,1,5,232,-4.5191
2019,3,2,1,114,-0.5720
2019,3,2,2,69,-2.6881
2019,3,2,3,73,-3.1526
2019,3,2,4,96,-2.1926
2019,3,2,5,142,-1.7399
2019,3,3,1,142,1.4516
2019,3,3,2,161,2.2256
2019,3,3,3,147,2.0345
2019,3,3,4,132,4.1887
2019,3,3,5,83,1.6684
2019,4,1,1,308,0.1825
2019,4,1,2,126,4.2569
2019,4,1,3,79,2.6960
2019,4,1,4,111,1.6571
2019,4,1,5,189,1.2108
2019,4,2,1,145,2.2205
2019,4,2,2,95,5.1705
2019,4,2,3,75,3.7417
2019,4,2,4,73,3.0482
2019,4,2,5,97,0.4823
2019,4,3,1,128,3.6354
2019,4,3,2,155,3.8131
2019,4,3,3,153,4.0905
2019,4,3,4,146,3.8243
2019,4,3,5,91,3.3859
2019,5,1,1,322,-11.1930
2019,5,1,2,149,-8.4380
2019,5,1,3,81,-8.6019
2019,5,1,4,79,-8.7591
2019,5,1,5,187,-11.3296
2019,5,2,1,106,-13.2630
2019,5,2,2,86,-8.5453
2019,5,2,3,105,-8.4072
2019,5,2,4,71,-9.0888
2019,5,2,5,117,-10.6745
2019,5,3,1,54,-11.7451
2019,5,3,2,111,-7.9680
2019,5,3,3,132,-5.2594
2019,5,3,4,164,-4.9943
2019,5,3,5,215,-8.3877
2019,6,1,1,254,5.6485
2019,6,1,2,92,3.8820
2019,6,1,3,71,7.3005
2019,6,1,4,138,6.7687
2019,6,1,5,263,6.7821
2019,6,2,1,103,10.1199
2019,6,2,2,59,10.1026
2019,6,2,3,66,8.9803
2019,6,2,4,97,8.0807
2019,6,2,5,164,6.9077
2019,6,3,1,135,8.3909
2019,6,3,2,159,7.0157
2019,6,3,3,144,7.1604
2019,6,3,4,134,7.1949
2019,6,3,5,107,6.6056
2019,7,1,1,319,-1.6514
2019,7,1,2,137,0.6278
2019,7,1,3,90,2.4414
2019,7,1,4,87,2.2234
2019,7,1,5,185,-1.8911
2019,7,2,1,131,-2.4417
2019,7,2,2,107,1.7335
2019,7,2,3,94,0.3448
2019,7,2,4,70,-0.4796
2019,7,2,5,99,-0.2242
2019,7,3,1,56,0.9819
2019,7,3,2,107,-0.0713
2019,7,3,3,135,0.9322
2019,7,3,4,165,0.2523
2019,7,3,5,220,2.2866
2019,8,1,1,324,-5.9382
2019,8,1,2,109,-6.0485
2019,8,1,3,74,-5.0138
2019,8,1,4,89,-9.7059
2019,8,1,5,240,-7.0103
2019,8,2,1,114,-9.6091
2019,8,2,2,85,-6.3111
2019,8,2,3,84,-6.5034
2019,8,2,4,78,-4.9328
2019,8,2,5,134,-5.4531
2019,8,3,1,99,-2.6781
2019,8,3,2,155,-1.5825
2019,8,3,3,132,-0.5209
2019,8,3,4,160,-1.2030
2019,8,3,5,137,-2.0430
2019,9,1,1,278,6.2450
2019,9,1,2,107,4.0585
2019,9,1,3,67,2.8122
2019,9,1,4,83,4.0723
2019,9,1,5,285,3.2984
2019,9,2,1,104,3.7156
2019,9,2,2,104,5.9176
2019,9,2,3,79,5.3074
2019,9,2,4,78,5.5060
2019,9,2,5,139,2.9160
2019,9,3,1,102,0.6032
2019,9,3,2,139,1.3385
2019,9,3,3,157,2.6413
2019,9,3,4,152,1.3283
2019,9,3,5,137,1.2570
2019,10,1,1,371,-1.6942
2019,10,1,2,122,3.2437
2019,10,1,3,108,3.5510
2019,10,1,4,86,0.5631
2019,10,1,5,145,1.5150
2019,10,2,1,124,2.7559
2019,10,2,2,101,-1.3473
2019,10,2,3,66,1.5802
2019,10,2,4,76,2.8699
2019,10,2,5,131,4.0653
2019,10,3,1,97,2.1485
2019,10,3,2,121,1.9829
2019,10,3,3,161,0.0256
2019,10,3,4,147,2.0623
2019,10,3,5,153,3.9490
2019,11,1,1,300,5.4349
2019,11,1,2,112,0.5850
2019,11,1,3,81,6.6349
2019,11,1,4,110,9.2597
2019,11,1,5,213,5.6836
2019,11,2,1,82,2.9502
2019,11,2,2,91,4.2853
2019,11,2,3,87,4.2274
2019,11,2,4,104,5.2684
2019,11,2,5,143,4.2236
2019,11,3,1,131,2.4587
2019,11,3,2,158,4.2592
2019,11,3,3,150,3.1145
2019,11,3,4,130,3.2451
2019,11,3,5,112,5.6039
2019,12,1,1,270,10.7052
2019,12,1,2,87,2.8822
2019,12,1,3,90,2.2506
2019,12,1,4,83,1.1616
2019,12,1,5,285,9.7713
2019,12,2,1,105,5.1552
2019,12,2,2,116,4.9061
2019,12,2,3,67,2.9325
2019,12,2,4,73,1.3514
2019,12,2,5,151,3.0578
2019,12,3,1,99,6.0767
2019,12,3,2,145,2.5100
2019,12,3,3,153,3.0001
2019,12,3,4,155,2.3024
2019,12,3,5,135,2.9152
2020,1,1,1,300,-7.8581
2020,1,1,2,140,-5.3704
2020,1,1,3,100,-3.4859
2020,1,1,4,90,-2.7568
2020,1,1,5,190,-2.6759
2020,1,2,1,136,-5.5611
2020,1,2,2,120,-5.4109
2020,1,2,3,97,-6.0517
2020,1,2,4,70,-5.3441
2020,1,2,5,79,-4.2081
2020,1,3,1,57,-3.1622
2020,1,3,2,115,-3.2293
2020,1,3,3,151,-1.7336
2020,1,3,4,176,2.3861
2020,1,3,5,184,1.5894
2020,2,1,1,295,-11.0090
2020,2,1,2,133,-8.8582
2020,2,1,3,89,-5.7257
2020,2,1,4,107,-9.1807
2020,2,1,5,194,-5.3026
2020,2,2,1,118,-9.3553
2020,2,2,2,79,-10.4303
2020,2,2,3,89,-13.3654
2020,2,2,4,87,-9.3661
2020,2,2,5,128,-9.1327
2020,2,3,1,74,-9.8246
2020,2,3,2,139,-6.9397
2020,2,3,3,150,-7.9488
2020,2,3,4,165,-7.2541
2020,2,3,5,161,-8.0007
2020,3,1,1,314,-25.8116
2020,3,1,2,107,-24.2534
2020,3,1,3,66,-22.1187
2020,3,1,4,102,-28.0917
2020,3,1,5,240,-25.4279
2020,3,2,1,100,-22.1520
2020,3,2,2,75,-20.4390
2020,3,2,3,71,-22.2146
2020,3,2,4,94,-18.8058
2020,3,2,5,162,-25.2340
2020,3,3,1,120,-13.0863
2020,3,3,2,170,-7.3613
2020,3,3,3,172,-11.1333
2020,3,3,4,130,-15.4878
2020,3,3,5,89,-26.4928
2020,4,1,1,246,21.7639
2020,4,1,2,102,25.7782
2020,4,1,3,78,30.0078
2020,4,1,4,126,19.9449
2020,4,1,5,237,30.6307
2020,4,2,1,128,15.5674
2020,4,2,2,113,17.7673
2020,4,2,3,76,14.2771
2020,4,2,4,105,21.1500
2020,4,2,5,100,29.4742
2020,4,3,1,158,13.5170
2020,4,3,2,149,9.6606
2020,4,3,3,152,11.6169
2020,4,3,4,135,13.2265
2020,4,3,5,105,21.9118
2020,5,1,1,308,5.5409
2020,5,1,2,128,1.5127
2020,5,1,3,78,6.9401
2020,5,1,4,89,3.9807
2020,5,1,5,200,12.3307
2020,5,2,1,96,5.3973
2020,5,2,2,90,6.0255
2020,5,2,3,88,7.7134
2020,5,2,4,79,6.6305
2020,5,2,5,162,10.4588
2020,5,3,1,68,6.1124
2020,5,3,2,123,3.0180
2020,5,3,3,140,3.6849
2020,5,3,4,150,5.7439
2020,5,3,5,212,6.7198
2020,6,1,1,272,9.6845
2020,6,1,2,97,10.4562
2020,6,1,3,71,3.5388
2020,6,1,4,129,2.5924
2020,6,1,5,240,6.1330
2020,6,2,1,103,5.9244
2020,6,2,2,71,3.0837
2020,6,2,3,77,1.3693
2020,6,2,4,90,6.0965
2020,6,2,5,159,3.9411
2020,6,3,1,142,6.9731
2020,6,3,2,157,0.3844
2020,6,3,3,141,2.0454
2020,6,3,4,133,-0.9166
2020,6,3,5,129,2.9520
2020,7,1,1,399,7.9865
2020,7,1,2,110,1.5241
2020,7,1,3,76,-0.1572
2020,7,1,4,60,0.6080
2020,7,1,5,148,1.5346
2020,7,2,1,123,2.8191
2020,7,2,2,101,4.8426
2020,7,2,3,87,5.9162
2020,7,2,4,81,3.7885
2020,7,2,5,116,5.0322
2020,7,3,1,80,3.8516
2020,7,3,2,110,1.1519
2020,7,3,3,137,4.6155
2020,7,3,4,168,8.0979
2020,7,3,5,208,7.6219
2020,8,1,1,314,6.3726
2020,8,1,2,77,7.8826
2020,8,1,3,69,4.9811
2020,8,1,4,103,8.6759
2020,8,1,5,250,7.5730
2020,8,2,1,119,6.0639
2020,8,2,2,63,5.1019
2020,8,2,3,75,4.0048
2020,8,2,4,95,5.8036
2020,8,2,5,145,3.3365
2020,8,3,1,108,5.2179
2020,8,3,2,136,3.7908
2020,8,3,3,145,8.2350
2020,8,3,4,146,9.4113
2020,8,3,5,169,10.8750
2020,9,1,1,274,-2.7019
2020,9,1,2,119,-0.8127
2020,9,1,3,76,-4.5749
2020,9,1,4,79,-4.0733
2020,9,1,5,258,-3.7197
2020,9,2,1,112,-1.3080
2020,9,2,2,91,-4.2212
2020,9,2,3,79,-4.6009
2020,9,2,4,93,-3.6528
2020,9,2,5,123,-7.7672
2020,9,3,1,133,-4.0795
2020,9,3,2,158,-5.0069
2020,9,3,3,152,-3.4566
2020,9,3,4,138,-3.4307
2020,9,3,5,134,-3.2850
2020,10,1,1,343,-2.8159
2020,10,1,2,112,0.3973
2020,10,1,3,105,3.3089
2020,10,1,4,77,1.1154
2020,10,1,5,166,3.4483
2020,10,2,1,146,2.4073
2020,10,2,2,97,3.8679
2020,10,2,3,85,2.2310
2020,10,2,4,76,2.0646
2020,10,2,5,102,1.7699
2020,10,3,1,111,-3.8798
2020,10,3,2,118,-3.5015
2020,10,3,3,153,-2.2735
2020,10,3,4,158,-2.7970
2020,10,3,5,167,-2.0476
2020,11,1,1,315,24.0094
2020,11,1,2,108,28.8951
2020,11,1,3,86,25.8470
2020,11,1,4,92,23.5483
2020,11,1,5,205,23.1662
2020,11,2,1,97,26.5246
2020,11,2,2,80,19.5687
2020,11,2,3,101,20.0493
2020,11,2,4,88,15.3619
2020,11,2,5,146,19.4003
2020,11,3,1,135,9.5806
2020,11,3,2,166,11.1810
2020,11,3,3,155,10.0314
2020,11,3,4,118,12.0049
2020,11,3,5,128,15.3230
2020,12,1,1,311,8.5663
2020,12,1,2,102,6.0539
2020,12,1,3,78,10.4463
2020,12,1,4,108,8.2881
2020,12,1,5,223,8.3903
2020,12,2,1,121,5.6976
2020,12,2,2,113,8.4996
2020,12,2,3,95,8.1170
2020,12,2,4,74,10.9355
2020,12,2,5,102,6.7937
2020,12,3,1,88,5.4745
2020,12,3,2,131,7.5946
2020,12,3,3,167,2.7017
2020,12,3,4,150,4.1924
2020,12,3,5,166,3.7421
2021,1,1,1,304,17.6624
2021,1,1,2,114,10.4642
2021,1,1,3,98,7.4485
2021,1,1,4,82,9.0288
2021,1,1,5,236,18.8779
2021,1,2,1,139,14.4110
2021,1,2,2,94,3.5787
2021,1,2,3,88,3.1169
2021,1,2,4,76,3.1155
2021,1,2,5,92,10.4446
2021,1,3,1,87,3.2212
2021,1,3,2,121,1.1222
2021,1,3,3,151,-1.8243
2021,1,3,4,167,0.6068
2021,1,3,5,174,-1.7537
2021,2,1,1,300,15.8179
2021,2,1,2,123,11.1543
2021,2,1,3,97,7.4432
2021,2,1,4,103,9.1273
2021,2,1,5,192,8.4450
2021,2,2,1,113,10.3129
2021,2,2,2,117,7.8228
2021,2,2,3,69,11.6310
2021,2,2,4,78,8.8668
2021,2,2,5,121,9.4711
2021,2,3,1,96,6.2690
2021,2,3,2,122,0.2625
2021,2,3,3,140,3.0907
2021,2,3,4,159,1.6559
2021,2,3,5,186,-0.2638
2021,3,1,1,300,1.7362
2021,3,1,2,120,4.4066
2021,3,1,3,79,2.7725
2021,3,1,4,72,2.0441
2021,3,1,5,235,0.9002
2021,3,2,1,110,2.5259
2021,3,2,2,94,3.3247
2021,3,2,3,80,3.4131
2021,3,2,4,69,3.6597
2021,3,2,5,152,1.6665
2021,3,3,1,98,3.4259
2021,3,3,2,150,4.1358
2021,3,3,3,158,4.6971
2021,3,3,4,152,2.9887
2021,3,3,5,145,0.8098
2021,4,1,1,323,-0.7758
2021,4,1,2,86,1.0906
2021,4,1,3,87,3.7180
2021,4,1,4,104,0.7385
2021,4,1,5,214,-1.2413
2021,4,2,1,136,-0.0774
2021,4,2,2,73,1.2523
2021,4,2,3,88,2.6726
2021,4,2,4,94,3.3019
2021,4,2,5,107,3.0465
2021,4,3,1,153,3.5538
2021,4,3,2,148,5.1589
2021,4,3,3,143,5.1568
2021,4,3,4,139,4.9467
2021,4,3,5,120,7.0037
2021,5,1,1,287,3.3751
2021,5,1,2,128,2.8787
2021,5,1,3,110,1.6021
2021,5,1,4,100,2.0781
2021,5,1,5,207,3.9035
2021,5,2,1,111,4.6802
2021,5,2,2,88,3.9100
2021,5,2,3,86,0.1924
2021,5,2,4,83,1.8532
2021,5,2,5,126,-3.9784
2021,5,3,1,71,-1.4620
2021,5,3,2,122,2.8609
2021,5,3,3,127,1.4104
2021,5,3,4,172,0.9718
2021,5,3,5,199,-2.1207
2021,6,1,1,379,2.3937
2021,6,1,2,109,0.5709
2021,6,1,3,69,-0.0682
2021,6,1,4,73,4.0189
2021,6,1,5,209,4.0705
2021,6,2,1,121,5.0374
2021,6,2,2,71,0.8468
2021,6,2,3,66,0.9347
2021,6,2,4,90,-0.1584
2021,6,2,5,139,2.4725
2021,6,3,1,145,5.3775
2021,6,3,2,153,3.8289
2021,6,3,3,141,-0.3827
2021,6,3,4,133,2.4770
2021,6,3,5,124,5.4031
2021,7,1,1,404,-7.3930
2021,7,1,2,109,-3.3791
2021,7,1,3,71,-0.9968
2021,7,1,4,84,-2.3077
2021,7,1,5,168,-6.6867
2021,7,2,1,127,-6.7891
2021,7,2,2,72,-2.0474
2021,7,2,3,90,-0.6881
2021,7,2,4,98,-1.5154
2021,7,2,5,111,-3.1465
2021,7,3,1,83,-1.6681
2021,7,3,2,147,2.2313
2021,7,3,3,145,1.0898
2021,7,3,4,147,2.1339
2021,7,3,5,166,4.0579
2021,8,1,1,295,2.2382
2021,8,1,2,136,3.4641
2021,8,1,3,101,3.4877
2021,8,1,4,88,4.6888
2021,8,1,5,221,1.6774
2021,8,2,1,106,1.2561
2021,8,2,2,74,2.0114
2021,8,2,3,86,1.5466
2021,8,2,4,89,1.3035
2021,8,2,5,131,0.5875
2021,8,3,1,90,-0.0672
2021,8,3,2,119,1.5085
2021,8,3,3,143,3.4772
2021,8,3,4,161,3.1122
2021,8,3,5,185,4.2232
2021,9,1,1,278,-5.6646
2021,9,1,2,102,-4.1064
2021,9,1,3,103,-3.7518
2021,9,1,4,108,-4.1548
2021,9,1,5,249,-3.7611
2021,9,2,1,126,-3.0279
2021,9,2,2,47,-3.9380
2021,9,2,3,95,-4.0212
2021,9,2,4,92,-4.2688
2021,9,2,5,138,-1.0590
2021,9,3,1,167,-3.9886
2021,9,3,2,182,-5.9431
2021,9,3,3,150,-5.4202
2021,9,3,4,127,-4.2406
2021,9,3,5,63,-2.5522
2021,10,1,1,348,0.2428
2021,10,1,2,135,1.5060
2021,10,1,3,92,2.6572
2021,10,1,4,84,-0.2333
2021,10,1,5,181,5.1005
2021,10,2,1,125,3.1112
2021,10,2,2,104,4.0678
2021,10,2,3,89,3.3401
2021,10,2,4,57,5.7006
2021,10,2,5,110,3.4942
2021,10,3,1,95,2.1813
2021,10,3,2,119,7.8166
2021,10,3,3,143,5.8225
2021,10,3,4,170,6.0920
2021,10,3,5,174,9.2363
2021,11,1,1,361,-8.3677
2021,11,1,2,90,-4.1729
2021,11,1,3,106,-3.6230
2021,11,1,4,107,-4.8752
2021,11,1,5,190,-6.0251
2021,11,2,1,92,-6.5884
2021,11,2,2,74,-1.9676
2021,11,2,3,77,-3.4091
2021,11,2,4,100,-0.7037
2021,11,2,5,134,-1.3153
2021,11,3,1,118,0.4157
2021,11,3,2,174,0.3731
2021,11,3,3,155,-0.2124
2021,11,3,4,146,-2.9812
2021,11,3,5,109,-0.6115
2021,12,1,1,326,-1.1164
2021,12,1,2,91,1.1853
2021,12,1,3,81,5.8748
2021,12,1,4,97,2.9724
2021,12,1,5,257,0.0489
2021,12,2,1,130,3.8881
2021,12,2,2,95,5.1905
2021,12,2,3,68,7.3069
2021,12,2,4,77,8.2037
2021,12,2,5,106,2.8720
2021,12,3,1,139,2.1657
2021,12,3,2,135,0.9018
2021,12,3,3,162,5.1842
2021,12,3,4,146,4.9986
2021,12,3,5,121,2.0449
2022,1,1,1,257,-5.2072
2022,1,1,2,112,-7.5483
2022,1,1,3,89,-5.4996
2022,1,1,4,97,-7.9368
2022,1,1,5,302,-11.5954
2022,1,2,1,123,-7.1212
2022,1,2,2,92,-6.3453
2022,1,2,3,79,-6.2294
2022,1,2,4,61,-8.5559
2022,1,2,5,100,-12.2522
2022,1,3,1,65,2.6507
2022,1,3,2,122,-1.1265
2022,1,3,3,151,-3.1652
2022,1,3,4,187,-7.9671
2022,1,3,5,191,-10.2564
2022,2,1,1,262,2.3013
2022,2,1,2,117,1.0035
2022,2,1,3,106,-3.0010
2022,2,1,4,105,1.9207
2022,2,1,5,254,-1.2294
2022,2,2,1,105,4.7896
2022,2,2,2,86,-0.2749
2022,2,2,3,91,2.2898
2022,2,2,4,73,1.3906
2022,2,2,5,125,1.8334
2022,2,3,1,73,3.1971
2022,2,3,2,105,1.6709
2022,2,3,3,157,-4.4934
2022,2,3,4,157,-2.9186
2022,2,3,5,220,-2.6734
2022,3,1,1,214,1.7056
2022,3,1,2,175,-0.2953
2022,3,1,3,130,0.1353
2022,3,1,4,119,5.5626
2022,3,1,5,214,0.0026
2022,3,2,1,90,3.1209
2022,3,2,2,103,-1.3791
2022,3,2,3,79,0.3687
2022,3,2,4,85,0.8601
2022,3,2,5,121,1.4970
2022,3,3,1,69,3.6275
2022,3,3,2,118,8.5405
2022,3,3,3,155,3.3320
2022,3,3,4,186,3.4047
2022,3,3,5,181,4.6778
2022,4,1,1,299,-10.4302
2022,4,1,2,119,-11.7922
2022,4,1,3,103,-9.3972
2022,4,1,4,121,-10.9380
2022,4,1,5,214,-11.6223
2022,4,2,1,102,-9.9747
2022,4,2,2,76,-7.1159
2022,4,2,3,80,-8.1828
2022,4,2,4,99,-7.2854
2022,4,2,5,106,-8.6071
2022,4,3,1,118,-7.0650
2022,4,3,2,159,-5.3343
2022,4,3,3,167,-10.3430
2022,4,3,4,159,-8.6777
2022,4,3,5,115,-15.5003
2022,5,1,1,278,-1.3091
2022,5,1,2,116,0.8499
2022,5,1,3,101,1.3394
2022,5,1,4,95,-2.0013
2022,5,1,5,264,-2.1251
2022,5,2,1,104,0.8756
2022,5,2,2,98,1.2613
2022,5,2,3,75,-0.2031
2022,5,2,4,62,1.2431
2022,5,2,5,129,-0.6610
2022,5,3,1,85,6.4824
2022,5,3,2,116,0.6245
2022,5,3,3,155,-0.0870
2022,5,3,4,177,-0.2092
2022,5,3,5,183,-3.7210
2022,6,1,1,284,-5.4024
2022,6,1,2,111,-6.7574
2022,6,1,3,97,-5.4453
2022,6,1,4,92,-8.2603
2022,6,1,5,263,-8.6821
2022,6,2,1,97,-8.5003
2022,6,2,2,66,-6.6465
2022,6,2,3,84,-6.3414
2022,6,2,4,95,-7.4858
2022,6,2,5,141,-6.6974
2022,6,3,1,145,-5.9366
2022,6,3,2,157,-6.8365
2022,6,3,3,150,-8.8163
2022,6,3,4,136,-9.2738
2022,6,3,5,121,-12.4707
2022,7,1,1,400,8.9626
2022,7,1,2,121,9.0596
2022,7,1,3,80,7.2270
2022,7,1,4,63,3.9969
2022,7,1,5,161,11.2548
2022,7,2,1,129,10.6215
2022,7,2,2,90,8.1728
2022,7,2,3,75,7.4701
2022,7,2,4,80,11.8650
2022,7,2,5,116,14.5816
2022,7,3,1,79,6.6027
2022,7,3,2,154,10.0241
2022,7,3,3,180,5.2891
2022,7,3,4,161,12.0335
2022,7,3,5,165,11.8691
2022,8,1,1,341,1.5494
2022,8,1,2,120,0.9284
2022,8,1,3,93,5.4658
2022,8,1,4,83,-0.9868
2022,8,1,5,193,1.2809
2022,8,2,1,119,-0.2988
2022,8,2,2,80,-2.2783
2022,8,2,3,75,-4.7452
2022,8,2,4,86,-1.7428
2022,8,2,5,134,-2.8059
2022,8,3,1,93,1.3499
2022,8,3,2,127,-2.2654
2022,8,3,3,160,-3.7506
2022,8,3,4,179,-4.6396
2022,8,3,5,165,-5.1756
2022,9,1,1,303,-11.5664
2022,9,1,2,104,-10.8563
2022,9,1,3,105,-10.7390
2022,9,1,4,75,-11.9453
2022,9,1,5,255,-15.4792
2022,9,2,1,138,-10.9292
2022,9,2,2,74,-9.1660
2022,9,2,3,77,-10.5196
2022,9,2,4,72,-8.1845
2022,9,2,5,128,-11.9270
2022,9,3,1,157,-10.2958
2022,9,3,2,175,-9.1412
2022,9,3,3,165,-7.9683
2022,9,3,4,136,-9.2013
2022,9,3,5,92,-9.7507
2022,10,1,1,366,9.4310
2022,10,1,2,94,14.1179
2022,10,1,3,87,12.4027
2022,10,1,4,84,11.5145
2022,10,1,5,192,8.0473
2022,10,2,1,134,13.2669
2022,10,2,2,90,12.2303
2022,10,2,3,64,15.0449
2022,10,2,4,90,10.7735
2022,10,2,5,121,11.4150
2022,10,3,1,103,13.7432
2022,10,3,2,134,12.4206
2022,10,3,3,162,7.4416
2022,10,3,4,152,6.0696
2022,10,3,5,176,2.8083
2022,11,1,1,323,0.2911
2022,11,1,2,113,2.7945
2022,11,1,3,68,4.2850
2022,11,1,4,101,-2.1224
2022,11,1,5,231,2.3186
2022,11,2,1,98,2.4979
2022,11,2,2,96,3.1819
2022,11,2,3,81,5.6481
2022,11,2,4,91,2.1047
2022,11,2,5,137,4.4172
2022,11,3,1,133,4.8730
2022,11,3,2,147,5.5059
2022,11,3,3,167,6.7274
2022,11,3,4,157,6.4252
2022,11,3,5,118,1.1837
2022,12,1,1,319,-3.3757
2022,12,1,2,81,-2.8337
2022,12,1,3,64,1.7001
2022,12,1,4,115,-5.7614
2022,12,1,5,264,-7.5114
2022,12,2,1,118,-6.0630
2022,12,2,2,77,-3.5435
2022,12,2,3,78,-5.4347
2022,12,2,4,91,-6.0239
2022,12,2,5,139,-3.9697
2022,12,3,1,120,-7.5799
2022,12,3,2,156,-4.7512
2022,12,3,3,179,-5.0486
2022,12,3,4,143,-6.5085
2022,12,3,5,126,-9.9632
2023,1,1,1,148,14.4747
2023,1,1,2,59,11.1202
2023,1,1,3,93,18.4332
2023,1,1,4,123,12.2152
2023,1,1,5,428,16.3472
2023,1,2,1,119,9.6945
2023,1,2,2,81,10.5339
2023,1,2,3,73,11.6698
2023,1,2,4,100,13.7979
2023,1,2,5,130,13.5445
2023,1,3,1,98,0.9527
2023,1,3,2,134,4.3300
2023,1,3,3,168,5.3813
2023,1,3,4,182,5.3263
2023,1,3,5,135,15.3073
2023,2,1,1,262,-7.4767
2023,2,1,2,84,-1.2328
2023,2,1,3,106,-4.1947
2023,2,1,4,132,-0.4306
2023,2,1,5,256,-5.9756
2023,2,2,1,96,-2.3524
2023,2,2,2,85,-1.7639
2023,2,2,3,80,-3.8490
2023,2,2,4,104,0.0721
2023,2,2,5,161,-3.6125
2023,2,3,1,121,-3.7732
2023,2,3,2,158,-1.5399
2023,2,3,3,146,-3.5044
2023,2,3,4,153,-2.0902
2023,2,3,5,134,0.9088
2023,3,1,1,300,-10.0652
2023,3,1,2,166,-5.2409
2023,3,1,3,130,-5.9552
2023,3,1,4,98,-3.6760
2023,3,1,5,155,-4.0706
2023,3,2,1,124,-4.8810
2023,3,2,2,105,-2.7911
2023,3,2,3,111,-1.5761
2023,3,2,4,81,-1.1857
2023,3,2,5,105,-1.4771
2023,3,3,1,74,-0.5974
2023,3,3,2,123,0.8383
2023,3,3,3,160,5.4002
2023,3,3,4,192,6.9805
2023,3,3,5,155,6.4375
2023,4,1,1,347,-1.6596
2023,4,1,2,88,-3.7427
2023,4,1,3,123,-2.1420
2023,4,1,4,115,-2.4032
2023,4,1,5,186,-4.8202
2023,4,2,1,128,-2.1051
2023,4,2,2,102,-1.6328
2023,4,2,3,92,-3.9657
2023,4,2,4,89,-0.6534
2023,4,2,5,102,-0.9374
2023,4,3,1,109,2.8088
2023,4,3,2,160,1.6633
2023,4,3,3,166,-0.0941
2023,4,3,4,160,2.2767
2023,4,3,5,112,-1.4970
2023,5,1,1,301,-0.4180
2023,5,1,2,105,-0.0443
2023,5,1,3,70,0.0735
2023,5,1,4,105,1.5439
2023,5,1,5,287,-0.0126
2023,5,2,1,126,0.4266
2023,5,2,2,89,1.3204
2023,5,2,3,68,-0.1676
2023,5,2,4,91,-0.3177
2023,5,2,5,123,-4.8392
2023,5,3,1,101,6.2181
2023,5,3,2,147,-3.8131
2023,5,3,3,167,2.3258
2023,5,3,4,165,4.7178
2023,5,3,5,137,-0.2163
2023,6,1,1,286,5.6464
2023,6,1,2,101,6.8137
2023,6,1,3,85,5.6910
2023,6,1,4,89,8.0745
2023,6,1,5,306,5.3704
2023,6,2,1,93,9.2325
2023,6,2,2,88,8.5314
2023,6,2,3,73,7.9244
2023,6,2,4,102,10.9150
2023,6,2,5,148,9.0999
2023,6,3,1,122,5.3273
2023,6,3,2,146,4.6564
2023,6,3,3,154,7.9213
2023,6,3,4,145,6.4158
2023,6,3,5,149,8.5437
2023,7,1,1,418,5.5707
2023,7,1,2,120,4.5734
2023,7,1,3,108,5.0766
2023,7,1,4,61,3.6849
2023,7,1,5,159,3.8670
2023,7,2,1,117,5.7503
2023,7,2,2,112,3.8039
2023,7,2,3,73,3.8089
2023,7,2,4,74,5.9176
2023,7,2,5,107,3.8782
2023,7,3,1,85,3.8408
2023,7,3,2,122,5.3262
2023,7,3,3,171,3.0347
2023,7,3,4,160,2.2240
2023,7,3,5,167,3.1720
2023,8,1,1,342,-6.2182
2023,8,1,2,135,-5.8039
2023,8,1,3,71,-3.0169
2023,8,1,4,105,-6.3271
2023,8,1,5,236,-8.2818
2023,8,2,1,96,-3.4320
2023,8,2,2,88,-4.6720
2023,8,2,3,83,-1.9736
2023,8,2,4,71,-4.6899
2023,8,2,5,131,-6.2114
2023,8,3,1,98,-1.3387
2023,8,3,2,121,-0.5432
2023,8,3,3,152,-2.5595
2023,8,3,4,171,0.7557
2023,8,3,5,156,-2.0204
2023,9,1,1,364,-6.0978
2023,9,1,2,95,-3.7484
2023,9,1,3,87,-3.0324
2023,9,1,4,81,-6.9804
2023,9,1,5,247,-6.3737
2023,9,2,1,133,-5.7404
2023,9,2,2,105,-5.2351
2023,9,2,3,68,-5.5385
2023,9,2,4,72,-6.2370
2023,9,2,5,101,-5.0737
2023,9,3,1,139,-4.6901
2023,9,3,2,132,-5.7715
2023,9,3,3,172,-4.8993
2023,9,3,4,149,-4.0571
2023,9,3,5,111,-5.6790
2023,10,1,1,414,-9.1916
2023,10,1,2,125,-7.7938
2023,10,1,3,93,-7.7106
2023,10,1,4,84,-7.9818
2023,10,1,5,175,-8.5470
2023,10,2,1,100,-6.8361
2023,10,2,2,85,-5.4895
2023,10,2,3,68,-6.3959
2023,10,2,4,97,-6.4442
2023,10,2,5,116,-5.5844
2023,10,3,1,93,0.1391
2023,10,3,2,149,-2.7377
2023,10,3,3,145,-3.6250
2023,10,3,4,150,-2.0149
2023,10,3,5,164,-2.4311
2023,11,1,1,373,5.9642
2023,11,1,2,100,10.5364
2023,11,1,3,89,9.1401
2023,11,1,4,91,5.4249
2023,11,1,5,237,7.8560
2023,11,2,1,93,9.7275
2023,11,2,2,73,7.9811
2023,11,2,3,84,6.5065
2023,11,2,4,93,8.0561
2023,11,2,5,126,8.3701
2023,11,3,1,126,5.6133
2023,11,3,2,146,8.5199
2023,11,3,3,163,9.4644
2023,11,3,4,153,8.6021
2023,11,3,5,112,12.3462
2023,12,1,1,402,13.2761
2023,12,1,2,92,14.8754
2023,12,1,3,77,12.7439
2023,12,1,4,88,13.2200
2023,12,1,5,222,14.3446
2023,12,2,1,105,16.9880
2023,12,2,2,83,12.0267
2023,12,2,3,66,9.8080
2023,12,2,4,78,11.2901
2023,12,2,5,137,12.7823
2023,12,3,1,119,5.5755
2023,12,3,2,143,5.8680
2023,12,3,3,174,3.2096
2023,12,3,4,149,3.4273
2023,12,3,5,116,6.2358
